177.375000 0.000000 0.141000 0.019995
191.625000 0.000000 0.141000 0.220003
214.000000 0.203832 0.141000 0.419993
229.500000 0.203832 0.157000 0.619989
239.375000 0.403832 0.157000 0.819965
251.125000 0.403832 0.157000 1.020049
267.500000 0.403832 0.157000 1.219966
278.875000 0.608830 0.157000 1.420004
286.125000 0.608830 0.163000 1.619989
296.875000 0.809701 0.163000 1.819982
307.000000 0.809701 0.163000 2.019987
319.375000 1.014700 0.163000 2.220003
329.250000 1.014700 0.163000 2.420017
338.375000 1.214701 0.158000 2.619998
346.250000 1.214701 0.158000 2.819995
346.500000 1.214701 0.158000 3.019971
353.250000 1.418360 0.158000 3.219967
363.625000 1.418360 0.158000 3.420018
374.875000 1.619592 0.148000 3.619994
386.250000 1.619592 0.148000 3.819990
398.250000 1.820775 0.148000 4.019969
409.750000 1.820775 0.148000 4.220037
418.750000 2.020905 0.148000 4.419967
429.875000 2.020905 0.165000 4.619967
440.125000 2.020905 0.165000 4.819970
451.625000 2.224357 0.165000 5.019967
459.875000 2.224357 0.165000 5.219999
471.250000 2.426876 0.165000 5.419965
484.250000 2.426876 0.163000 5.619988
495.125000 2.626888 0.163000 5.819993
512.125000 2.626888 0.163000 6.020004
520.750000 2.830755 0.163000 6.229971
532.625000 2.830755 0.163000 6.419997
541.125000 3.030761 0.163000 6.620031
551.000000 3.030761 0.163000 6.819971
557.000000 3.030761 0.163000 7.019991
565.000000 3.234012 0.163000 7.219982
573.625000 3.234012 0.163000 7.419998
585.125000 3.435634 0.165000 7.619976
593.875000 3.435634 0.165000 7.819989
605.375000 3.636403 0.165000 8.019987
613.875000 3.636403 0.165000 8.219987
621.875000 3.837350 0.165000 8.419991
634.000000 3.837350 0.178000 8.619976
643.625000 4.041286 0.178000 8.820015
654.125000 4.041286 0.178000 9.020011
658.875000 4.241297 0.178000 9.219989
667.375000 4.241297 0.178000 9.419973
668.500000 4.241297 0.177000 9.619984
673.000000 4.241297 0.177000 9.820039
681.000000 4.241297 0.177000 10.029999
686.000000 4.441342 0.177000 10.229968
694.500000 4.441342 0.177000 10.429999
700.250000 4.646341 0.167000 10.629997
709.625000 4.646341 0.167000 10.829954
717.000000 4.847174 0.167000 11.029976
722.000000 4.847174 0.167000 11.229996
729.875000 5.047186 0.167000 11.429970
733.875000 5.047186 0.177000 11.629975
742.625000 5.247197 0.177000 11.829996
750.375000 5.247197 0.177000 12.030018
756.375000 5.447209 0.177000 12.229989
760.125000 5.447209 0.177000 12.429992
761.875000 5.447209 0.177000 12.630026
764.625000 5.447209 0.216000 12.829982
768.500000 5.447209 0.216000 13.029966
774.875000 5.647285 0.216000 13.230017
780.625000 5.647285 0.216000 13.430015
784.750000 5.847288 0.216000 13.629993
790.125000 5.847288 0.226000 13.829981
795.375000 6.052297 0.226000 14.030007
801.000000 6.052297 0.226000 14.229969
805.750000 6.252311 0.226000 14.429987
808.875000 6.252311 0.209000 14.630011
813.000000 6.452324 0.209000 14.830024
817.250000 6.452324 0.209000 15.029980
822.000000 6.652335 0.209000 15.229993
822.500000 6.652335 0.209000 15.429998
822.750000 6.652335 0.207000 15.629990
825.625000 6.652335 0.207000 15.830009
832.625000 6.652335 0.207000 16.029997
836.000000 6.852389 0.207000 16.229971
841.250000 6.852389 0.207000 16.429998
846.375000 7.057384 0.194000 16.630001
851.250000 7.057384 0.194000 16.830019
856.125000 7.257383 0.194000 17.029982
859.125000 7.257383 0.194000 17.230003
864.875000 7.457392 0.194000 17.429996
868.125000 7.457392 0.216000 17.630007
872.000000 7.657404 0.216000 17.829981
874.875000 7.657404 0.216000 18.029974
877.375000 7.857417 0.216000 18.230030
877.875000 7.857417 0.216000 18.429972
878.375000 7.857417 0.214000 18.630005
878.500000 7.857417 0.214000 18.830015
882.375000 7.857417 0.214000 19.029972
885.375000 7.857417 0.214000 19.229973
887.625000 8.060185 0.214000 19.430004
892.250000 8.060185 0.201000 19.629971
896.750000 8.261138 0.201000 19.830025
900.875000 8.261138 0.201000 20.029976
907.500000 8.461143 0.201000 20.229971
914.000000 8.461143 0.201000 20.429977
923.750000 8.661150 0.201000 20.630007
930.875000 8.661150 0.212000 20.830008
936.875000 8.864966 0.212000 21.030006
945.750000 8.864966 0.212000 21.229971
951.125000 9.069965 0.212000 21.430000
959.875000 9.069965 0.221000 21.630009
965.250000 9.069965 0.221000 21.830002
967.375000 9.069965 0.221000 22.029976
970.125000 9.069965 0.221000 22.229977
972.125000 9.069965 0.221000 22.429968
977.750000 9.270417 0.218000 22.630024
983.500000 9.270417 0.218000 22.829996
987.375000 9.471128 0.218000 23.029997
993.250000 9.471128 0.218000 23.229980
999.875000 9.671915 0.218000 23.429977
1005.625000 9.671915 0.223000 23.630049
1013.125000 9.871922 0.223000 23.829994
1018.000000 9.871922 0.223000 24.029997
1023.750000 10.072720 0.223000 24.230036
1031.875000 10.072720 0.223000 24.429991
1036.250000 10.273645 0.219000 24.629976
1043.375000 10.273645 0.219000 24.829977
1048.875000 10.478644 0.219000 25.029970
1052.625000 10.478644 0.219000 25.230000
1056.875000 10.678665 0.219000 25.430069
1061.375000 10.678665 0.227000 25.629986
1062.375000 10.678665 0.227000 25.829967
1065.375000 10.882312 0.227000 26.030066
1067.625000 10.882312 0.227000 26.229954
1072.500000 11.082611 0.227000 26.429981
1078.000000 11.082611 0.218000 26.629969
1080.875000 11.283415 0.218000 26.829977
1085.000000 11.283415 0.218000 27.029976
1087.500000 11.283415 0.218000 27.230057
1092.250000 11.487310 0.218000 27.429996
1093.500000 11.487310 0.218000 27.629992
1095.375000 11.691182 0.218000 27.830008
1097.750000 11.691182 0.218000 28.029982
1099.125000 11.896174 0.218000 28.230047
1100.875000 11.896174 0.218000 28.430052
1101.000000 11.896174 0.216000 28.630011
1102.500000 11.896174 0.216000 28.829975
1104.500000 12.101171 0.216000 29.029995
1108.500000 12.101171 0.216000 29.229969
1113.000000 12.306162 0.216000 29.429993
1116.000000 12.306162 0.212000 29.629971
1120.125000 12.511154 0.212000 29.829971
1123.250000 12.511154 0.212000 30.029974
1127.125000 12.716146 0.212000 30.229967
1129.000000 12.716146 0.212000 30.430006
1131.500000 12.920111 0.226000 30.630001
1134.125000 12.920111 0.226000 30.830006
1135.625000 13.125110 0.226000 31.029982
1139.875000 13.125110 0.226000 31.230013
1140.000000 13.125110 0.226000 31.429972
1140.000000 13.125110 0.213000 31.630014
1141.625000 13.125110 0.213000 31.829977
1143.250000 13.325121 0.213000 32.029999
1145.500000 13.325121 0.213000 32.229969
1147.625000 13.525132 0.213000 32.429996
1149.875000 13.525132 0.208000 32.629967
1153.750000 13.725143 0.208000 32.829979
1156.000000 13.725143 0.208000 33.029976
1158.500000 13.925155 0.208000 33.229973
1160.750000 13.925155 0.208000 33.430008
1162.250000 14.125166 0.210000 33.629986
1164.000000 14.125166 0.210000 33.829994
1169.250000 14.325177 0.210000 34.030056
1172.125000 14.325177 0.210000 34.230000
1172.250000 14.325177 0.210000 34.430031
1172.625000 14.325177 0.210000 34.629982
1173.125000 14.325177 0.210000 34.830002
1174.625000 14.530158 0.210000 35.029980
1176.875000 14.530158 0.210000 35.230011
1179.625000 14.735126 0.210000 35.430016
1182.750000 14.735126 0.199000 35.630039
1184.375000 14.940093 0.199000 35.829975
1185.875000 14.940093 0.199000 36.029995
1188.625000 15.145061 0.199000 36.229965
1190.500000 15.145061 0.199000 36.429977
1193.125000 15.145061 0.212000 36.630009
1195.000000 15.348936 0.212000 36.829998
1196.000000 15.348936 0.212000 37.030048
1196.750000 15.553933 0.212000 37.229992
1196.875000 15.553933 0.212000 37.430023
1196.875000 15.553933 0.196000 37.630001
1197.375000 15.553933 0.196000 37.829994
1199.375000 15.553933 0.196000 38.029991
1202.250000 15.758917 0.196000 38.230019
1204.500000 15.758917 0.196000 38.429996
1205.500000 15.963881 0.195000 38.630035
1207.000000 15.963881 0.195000 38.829994
1209.250000 16.168844 0.195000 39.029999
1211.500000 16.168844 0.195000 39.229996
1213.875000 16.373808 0.195000 39.429970
1215.500000 16.373808 0.199000 39.629971
1216.250000 16.574715 0.199000 39.829998
1218.000000 16.574715 0.199000 40.029987
1219.750000 16.779713 0.199000 40.230030
1220.000000 16.779713 0.199000 40.430016
1220.250000 16.779713 0.197000 40.630005
1220.375000 16.779713 0.197000 40.829990
1220.375000 16.779713 0.197000 41.029995
1220.500000 16.779713 0.197000 41.229980
1220.750000 16.779713 0.197000 41.430012
1222.750000 16.779713 0.175000 41.629967
1226.125000 16.779713 0.175000 41.830002
1227.875000 16.982714 0.175000 42.029995
1229.375000 16.982714 0.175000 42.229973
1232.250000 17.184322 0.175000 42.429974
1236.500000 17.184322 0.192000 42.629997
1239.000000 17.385248 0.192000 42.829987
1241.875000 17.385248 0.192000 43.029968
1249.375000 17.586164 0.192000 43.230022
1252.500000 17.586164 0.192000 43.430000
1255.625000 17.790125 0.206000 43.630005
1264.500000 17.790125 0.206000 43.829998
1269.125000 17.995125 0.206000 44.029964
1272.875000 17.995125 0.206000 44.229992
1277.375000 18.200123 0.206000 44.430000
1279.500000 18.200123 0.205000 44.630005
1283.750000 18.405121 0.205000 44.830029
1285.625000 18.405121 0.205000 45.030003
1289.625000 18.605122 0.205000 45.230061
1294.875000 18.605122 0.205000 45.430000
1297.875000 18.805122 0.205000 45.630001
1298.500000 18.805122 0.206000 45.829971
1299.250000 18.805122 0.206000 46.029964
1304.625000 18.805122 0.206000 46.230011
1307.375000 19.005396 0.206000 46.430000
1309.625000 19.005396 0.206000 46.629971
1311.250000 19.207012 0.203000 46.830040
1316.000000 19.207012 0.203000 47.030010
1322.625000 19.411999 0.203000 47.230042
1326.375000 19.411999 0.203000 47.430000
1329.625000 19.615774 0.203000 47.629993
1331.875000 19.615774 0.209000 47.829983
1338.250000 19.820772 0.209000 48.030003
1347.000000 19.820772 0.209000 48.229996
1349.250000 20.025730 0.209000 48.430000
1354.500000 20.025730 0.211000 48.629974
1357.375000 20.225752 0.211000 48.830048
1358.500000 20.225752 0.211000 49.030033
1360.125000 20.430750 0.211000 49.229977
1367.875000 20.430750 0.211000 49.429977
1372.750000 20.635746 0.212000 49.630001
1379.000000 20.635746 0.212000 49.829998
1381.625000 20.836721 0.212000 50.030067
1384.875000 20.836721 0.212000 50.230007
1387.500000 21.041714 0.212000 50.430023
1392.000000 21.041714 0.212000 50.629993
1399.250000 21.246712 0.216000 50.830002
1403.500000 21.246712 0.216000 51.030006
1407.875000 21.451708 0.216000 51.229988
1412.250000 21.451708 0.216000 51.430008
1415.375000 21.655598 0.216000 51.629993
1418.375000 21.655598 0.219000 51.830006
1422.000000 21.855604 0.219000 52.029987
1428.625000 21.855604 0.219000 52.230000
1436.875000 21.855604 0.219000 52.430000
1440.500000 22.060575 0.215000 52.629974
1446.250000 22.060575 0.215000 52.829990
1449.375000 22.265547 0.215000 53.029984
1452.750000 22.265547 0.215000 53.229973
1457.125000 22.470518 0.215000 53.430004
1464.000000 22.470518 0.211000 53.630035
1467.000000 22.675489 0.211000 53.829971
1473.625000 22.675489 0.211000 54.029980
1478.750000 22.880445 0.211000 54.229973
1481.750000 22.880445 0.211000 54.429977
1486.625000 23.085390 0.211000 54.629978
1490.875000 23.085390 0.215000 54.830002
1498.875000 23.290335 0.215000 55.030006
1501.500000 23.290335 0.215000 55.229996
1505.000000 23.494781 0.215000 55.430000
1510.625000 23.494781 0.215000 55.630016
1514.875000 23.696226 0.229000 55.829998
1516.625000 23.696226 0.229000 56.029987
1518.000000 23.696226 0.229000 56.229977
1521.125000 23.900833 0.229000 56.430004
1524.750000 23.900833 0.230000 56.630020
1526.625000 24.101665 0.230000 56.829975
1529.500000 24.101665 0.230000 57.029972
1531.625000 24.301710 0.230000 57.229988
1536.000000 24.301710 0.230000 57.429996
1539.500000 24.501751 0.230000 57.629978
1543.875000 24.501751 0.237000 57.829971
1546.000000 24.501751 0.237000 58.030037
1548.000000 24.707592 0.237000 58.229988
1550.875000 24.707592 0.237000 58.429981
1554.250000 24.907639 0.232000 58.630020
1556.375000 24.907639 0.232000 58.829971
1560.125000 25.111507 0.232000 59.029999
1562.250000 25.111507 0.232000 59.229977
1566.375000 25.312143 0.232000 59.429985
1567.625000 25.312143 0.232000 59.630009
1569.625000 25.514809 0.230000 59.829975
1571.375000 25.514809 0.230000 60.029980
1577.750000 25.719799 0.230000 60.229996
1584.875000 25.719799 0.230000 60.430004
1591.250000 25.923574 0.230000 60.629974
1596.375000 25.923574 0.246000 60.829983
1600.125000 26.128569 0.246000 61.029976
1602.250000 26.128569 0.246000 61.229984
1606.000000 26.333540 0.246000 61.430000
1610.875000 26.333540 0.246000 61.630066
1617.625000 26.535383 0.234000 61.829975
1622.125000 26.535383 0.234000 62.029995
1625.750000 26.535383 0.234000 62.229996
1629.250000 26.737978 0.234000 62.430000
1634.000000 26.737978 0.234000 62.630001
1639.750000 26.941780 0.240000 62.829975
1643.750000 26.941780 0.240000 63.029980
1647.125000 27.144787 0.240000 63.230003
1649.000000 27.144787 0.240000 63.430004
1652.000000 27.347767 0.240000 63.629993
1658.625000 27.347767 0.239000 63.829971
1662.375000 27.551750 0.239000 64.029999
1666.000000 27.551750 0.239000 64.229973
1671.750000 27.756731 0.239000 64.430031
1673.875000 27.756731 0.231000 64.630028
1678.125000 27.956802 0.231000 64.829994
1681.500000 27.956802 0.231000 65.029984
1685.500000 28.156874 0.231000 65.229973
1688.875000 28.156874 0.231000 65.429977
1692.500000 28.357721 0.231000 65.629982
1696.625000 28.357721 0.236000 65.829979
1701.000000 28.557770 0.236000 66.029999
1703.625000 28.557770 0.236000 66.230011
1708.125000 28.757818 0.236000 66.430000
1712.375000 28.757818 0.236000 66.629982
1715.375000 28.957867 0.242000 66.829971
1717.625000 28.957867 0.242000 67.029991
1722.000000 29.157907 0.242000 67.229988
1722.125000 29.157907 0.242000 67.429970
1722.125000 29.157907 0.230000 67.629997
1722.375000 29.157907 0.230000 67.830009
1722.750000 29.157907 0.230000 68.029999
1726.750000 29.157907 0.230000 68.230026
1733.375000 29.157907 0.230000 68.429993
1739.500000 29.359600 0.211000 68.629974
1745.250000 29.359600 0.211000 68.830040
1749.375000 29.564590 0.211000 69.029968
1757.750000 29.564590 0.211000 69.229996
1763.875000 29.765423 0.211000 69.430000
1769.375000 29.765423 0.211000 69.630005
1777.375000 29.970419 0.228000 69.829971
1784.375000 29.970419 0.228000 70.029976
1789.750000 30.174397 0.228000 70.229980
1795.125000 30.174397 0.228000 70.430023
1802.000000 30.376348 0.228000 70.629997
1808.500000 30.376348 0.232000 70.830002
1811.750000 30.578793 0.232000 71.029984
1817.125000 30.578793 0.232000 71.229973
1822.000000 30.578793 0.232000 71.429970
1828.125000 30.781811 0.232000 71.630005
1831.875000 30.781811 0.234000 71.829964
1837.500000 30.983456 0.234000 72.029999
1841.875000 30.983456 0.234000 72.229996
1849.000000 31.188437 0.234000 72.430023
1855.000000 31.188437 0.234000 72.630020
1860.125000 31.390390 0.247000 72.830040
1864.875000 31.390390 0.247000 73.029991
1870.750000 31.592363 0.247000 73.229988
1876.250000 31.592363 0.247000 73.429970
1882.625000 31.792397 0.247000 73.630020
1887.625000 31.792397 0.240000 73.829979
1891.625000 31.992428 0.240000 74.029999
1898.750000 31.992428 0.240000 74.229996
1907.375000 32.194454 0.240000 74.429977
1913.375000 32.194454 0.240000 74.630013
1918.750000 32.398472 0.238000 74.829979
1922.750000 32.398472 0.238000 75.030022
1927.375000 32.598515 0.238000 75.229980
1932.000000 32.598515 0.238000 75.429993
1937.500000 32.798557 0.238000 75.629997
1944.250000 32.798557 0.243000 75.829964
1950.625000 32.998600 0.243000 76.029999
1957.875000 32.998600 0.243000 76.229996
1958.250000 32.998600 0.243000 76.429970
1958.375000 32.998600 0.243000 76.630028
1960.500000 32.998600 0.241000 76.829994
1966.625000 33.198620 0.241000 77.029999
1974.000000 33.198620 0.241000 77.229965
1982.375000 33.398663 0.241000 77.430008
1989.250000 33.398663 0.241000 77.640022
1997.750000 33.598705 0.234000 77.829994
2004.875000 33.598705 0.234000 78.029984
2013.250000 33.798748 0.234000 78.229973
2019.375000 33.798748 0.234000 78.429970
2029.500000 33.998791 0.234000 78.630013
2038.125000 33.998791 0.250000 78.829971
2047.000000 34.198833 0.250000 79.029976
2051.750000 34.198833 0.250000 79.229965
2052.875000 34.198833 0.250000 79.429962
2053.250000 34.198833 0.250000 79.629982
2053.500000 34.198833 0.253000 79.830055
2058.125000 34.198833 0.253000 80.029999
2064.500000 34.398853 0.253000 80.230034
2073.500000 34.398853 0.253000 80.429985
2078.750000 34.598896 0.253000 80.629990
2087.875000 34.598896 0.238000 80.829987
2093.875000 34.798939 0.238000 81.029968
2099.875000 34.798939 0.238000 81.230232
2106.500000 34.998981 0.238000 81.429993
2113.500000 34.998981 0.238000 81.630013
2117.500000 35.199024 0.260000 81.829987
2124.875000 35.199024 0.260000 82.030037
2130.625000 35.399067 0.260000 82.229996
2133.625000 35.399067 0.260000 82.430000
2134.625000 35.399067 0.260000 82.629974
2136.375000 35.399067 0.259000 82.829994
2140.875000 35.599087 0.259000 83.029968
2145.125000 35.599087 0.259000 83.229980
2149.750000 35.799129 0.259000 83.429977
2155.875000 35.799129 0.259000 83.629990
2158.625000 35.999172 0.244000 83.830032
2163.250000 35.999172 0.244000 84.029999
2169.750000 36.199215 0.244000 84.229988
2175.625000 36.199215 0.244000 84.429977
2181.875000 36.399258 0.244000 84.629997
2186.500000 36.399258 0.257000 84.829994
2190.875000 36.599300 0.257000 85.029968
2193.250000 36.599300 0.257000 85.229973
2193.500000 36.599300 0.257000 85.429970
2193.750000 36.599300 0.257000 85.630058
2193.875000 36.599300 0.254000 85.830002
2194.000000 36.599300 0.254000 86.029991
2194.125000 36.599300 0.254000 86.229980
2194.625000 36.599300 0.254000 86.430000
2196.500000 36.599300 0.254000 86.629997
2201.125000 36.799858 0.223000 86.829971
2206.125000 36.799858 0.223000 87.029984
2211.750000 37.001480 0.223000 87.229973
2215.875000 37.001480 0.223000 87.430031
2219.625000 37.001480 0.223000 87.630020
2223.625000 37.202400 0.247000 87.829994
2227.500000 37.202400 0.247000 88.029999
2231.375000 37.402401 0.247000 88.230003
2233.625000 37.402401 0.247000 88.429977
2235.750000 37.607338 0.247000 88.629990
2238.000000 37.607338 0.244000 88.829994
2238.500000 37.607338 0.244000 89.029968
2241.000000 37.807976 0.244000 89.229973
2244.250000 37.807976 0.244000 89.429970
2247.250000 38.008636 0.244000 89.629967
2249.625000 38.008636 0.231000 89.829971
2252.250000 38.210621 0.231000 90.029976
2255.625000 38.210621 0.231000 90.229973
2259.875000 38.412579 0.231000 90.429970
2267.750000 38.412579 0.231000 90.630035
2275.375000 38.617523 0.253000 90.829971
2280.625000 38.617523 0.253000 91.029991
2283.625000 38.817974 0.253000 91.229988
2285.875000 38.817974 0.253000 91.430000
2289.750000 39.018444 0.253000 91.639992
2293.875000 39.018444 0.253000 91.830070
2299.250000 39.018444 0.253000 92.029984
2303.375000 39.221420 0.253000 92.229965
2306.625000 39.221420 0.253000 92.429970
2311.125000 39.422859 0.253000 92.629982
2314.125000 39.422859 0.248000 92.829979
2315.750000 39.626637 0.248000 93.030029
2318.750000 39.626637 0.248000 93.229973
2322.250000 39.830429 0.248000 93.430008
2326.000000 39.830429 0.248000 93.630013
2328.625000 40.035419 0.247000 93.830017
2331.000000 40.035419 0.247000 94.029999
2332.625000 40.239372 0.247000 94.230019
2335.250000 40.239372 0.247000 94.430016
2337.625000 40.444366 0.247000 94.629974
2340.750000 40.444366 0.232000 94.830002
2342.750000 40.647373 0.232000 95.029968
2344.250000 40.647373 0.232000 95.229980
2346.500000 40.851311 0.232000 95.430000
2347.500000 40.851311 0.232000 95.630020
2350.625000 41.056305 0.227000 95.830002
2351.375000 41.056305 0.227000 96.029991
2352.375000 41.261299 0.227000 96.230034
2353.375000 41.261299 0.227000 96.429977
2355.250000 41.261299 0.227000 96.629997
2356.125000 41.466293 0.233000 96.830002
2359.125000 41.466293 0.233000 97.029991
2360.375000 41.671284 0.233000 97.230003
2360.500000 41.671284 0.233000 97.429970
2360.625000 41.671284 0.233000 97.629974
2360.875000 41.671284 0.224000 97.829979
2361.125000 41.671284 0.224000 98.029976
2361.250000 41.671284 0.224000 98.229973
2361.250000 41.671284 0.224000 98.429993
2361.750000 41.671284 0.211000 98.630013
2363.250000 41.671284 0.211000 98.829979
2365.875000 41.875580 0.211000 99.030045
2367.125000 41.875580 0.211000 99.229988
2368.125000 41.875580 0.211000 99.429993
2371.000000 42.076405 0.211000 99.629974
2377.000000 42.076405 0.221000 99.829994
2380.125000 42.281372 0.221000 100.029968
2382.500000 42.281372 0.221000 100.229973
2383.875000 42.482246 0.221000 100.430000
2391.000000 42.482246 0.221000 100.629974
2395.125000 42.687103 0.220000 100.829979
2396.000000 42.687103 0.220000 101.030014
2396.125000 42.687103 0.220000 101.230003
2396.750000 42.687103 0.220000 101.430061
2398.500000 42.687103 0.220000 101.630005
2399.625000 42.889687 0.224000 101.830017
2405.000000 42.889687 0.224000 102.029991
2408.875000 43.094158 0.224000 102.230019
2410.250000 43.094158 0.224000 102.430000
2411.750000 43.294178 0.219000 102.629990
2413.500000 43.294178 0.219000 102.829987
2414.750000 43.494205 0.219000 103.030006
2419.375000 43.494205 0.219000 103.229965
2422.000000 43.698009 0.219000 103.429977
2425.000000 43.698009 0.223000 103.630043
2427.125000 43.902977 0.223000 103.829994
2428.250000 43.902977 0.223000 104.030037
2429.750000 44.107948 0.223000 104.229973
2433.750000 44.107948 0.223000 104.429977
2438.625000 44.312908 0.229000 104.639992
2440.125000 44.312908 0.229000 104.840004
2441.875000 44.312908 0.229000 105.039970
2444.250000 44.514275 0.229000 105.229996
2446.125000 44.514275 0.229000 105.429977
2447.375000 44.514275 0.221000 105.630074
2449.750000 44.714668 0.221000 105.839966
2451.375000 44.714668 0.221000 106.030006
2452.250000 44.917168 0.221000 106.240082
2453.000000 44.917168 0.221000 106.439987
2454.125000 45.120522 0.224000 106.629990
2454.500000 45.120522 0.224000 106.830017
2455.125000 45.320526 0.224000 107.040001
2456.250000 45.320526 0.224000 107.239990
2457.000000 45.520531 0.224000 107.429970
2457.000000 45.520531 0.224000 107.639977
2457.000000 45.520531 0.218000 107.840012
2457.250000 45.520531 0.218000 108.039970
2457.875000 45.520531 0.218000 108.239967
2458.250000 45.520531 0.218000 108.430016
2458.625000 45.520531 0.195000 108.630005
2460.375000 45.520531 0.195000 108.839973
2461.375000 45.520531 0.195000 109.029991
2462.625000 45.724693 0.195000 109.229988
2463.875000 45.724693 0.195000 109.439980
2466.750000 45.926147 0.209000 109.639969
2469.500000 45.926147 0.209000 109.839966
2472.500000 46.129589 0.209000 110.040001
2478.625000 46.129589 0.209000 110.239975
2482.625000 46.333511 0.209000 110.440002
2485.875000 46.333511 0.209000 110.639977
2487.500000 46.333511 0.247000 110.839973
2488.125000 46.333511 0.247000 111.040054
2489.125000 46.534328 0.247000 111.239990
2491.875000 46.534328 0.247000 111.440002
2495.125000 46.736004 0.220000 111.639969
2497.250000 46.736004 0.220000 111.839981
2500.125000 46.938015 0.220000 112.039970
2504.500000 46.938015 0.220000 112.239975
2507.250000 47.142002 0.220000 112.439972
2510.625000 47.142002 0.230000 112.640045
2513.625000 47.342064 0.230000 112.839996
2515.250000 47.342064 0.230000 113.039978
2519.125000 47.545856 0.230000 113.239975
2522.625000 47.545856 0.230000 113.439980
2524.875000 47.750835 0.228000 113.639992
2526.250000 47.750835 0.228000 113.839996
2526.625000 47.750835 0.228000 114.039978
2528.250000 47.750835 0.228000 114.239983
2528.875000 47.750835 0.228000 114.439995
2531.375000 47.750835 0.213000 114.639984
2535.000000 47.954472 0.213000 114.839973
2538.750000 47.954472 0.213000 115.039970
2541.625000 48.159470 0.213000 115.239983
2544.375000 48.159470 0.213000 115.440002
2546.125000 48.360283 0.213000 115.640007
2549.000000 48.360283 0.232000 115.839996
2553.625000 48.560349 0.232000 116.040039
2556.875000 48.560349 0.232000 116.239967
2560.500000 48.760460 0.232000 116.439987
2563.875000 48.760460 0.233000 116.639999
2565.375000 48.961300 0.233000 116.839966
2569.125000 48.961300 0.233000 117.039970
2573.625000 49.161343 0.233000 117.239967
2576.000000 49.161343 0.233000 117.439964
2579.000000 49.361416 0.229000 117.639984
2584.500000 49.361416 0.229000 117.840004
2586.625000 49.563034 0.229000 118.039993
2591.250000 49.563034 0.229000 118.239975
2595.750000 49.563034 0.229000 118.439995
2600.125000 49.764648 0.233000 118.639984
2601.125000 49.764648 0.233000 118.839981
2604.625000 49.965519 0.233000 119.039986
2607.750000 49.965519 0.233000 119.240036
2613.125000 50.170456 0.233000 119.440018
2615.625000 50.170456 0.234000 119.639999
2617.125000 50.371391 0.234000 119.839996
2619.375000 50.371391 0.234000 120.040001
2620.375000 50.571438 0.234000 120.239975
2620.500000 50.571438 0.234000 120.439972
2620.625000 50.571438 0.235000 120.639999
2621.000000 50.571438 0.235000 120.840004
2628.500000 50.776413 0.235000 121.039970
2630.000000 50.776413 0.235000 121.239983
2633.750000 50.976463 0.235000 121.440010
2636.000000 50.976463 0.221000 121.639984
2637.875000 51.176514 0.221000 121.839996
2642.625000 51.176514 0.221000 122.039993
2645.000000 51.376564 0.221000 122.239967
2652.750000 51.376564 0.221000 122.440002
2655.750000 51.576614 0.221000 122.639999
2662.375000 51.576614 0.243000 122.839996
2666.875000 51.781586 0.243000 123.039993
2667.125000 51.781586 0.243000 123.239967
2667.125000 51.781586 0.243000 123.439995
2667.375000 51.781586 0.232000 123.640068
2667.375000 51.781586 0.232000 123.839973
2668.625000 51.781586 0.232000 124.039993
2673.375000 51.981972 0.232000 124.239975
2675.125000 51.981972 0.232000 124.439972
2678.750000 52.183620 0.219000 124.639992
2682.125000 52.183620 0.219000 124.839973
2687.125000 52.388599 0.219000 125.039963
2690.875000 52.388599 0.219000 125.239998
2696.750000 52.589401 0.219000 125.440018
2700.500000 52.589401 0.219000 125.640030
2704.375000 52.790203 0.237000 125.839996
2706.000000 52.790203 0.237000 126.039970
2708.250000 52.995190 0.237000 126.240028
2710.375000 52.995190 0.237000 126.440010
2712.875000 52.995190 0.237000 126.639969
2717.250000 53.199020 0.242000 126.839973
2720.875000 53.199020 0.242000 127.040016
2724.750000 53.402897 0.242000 127.239975
2728.000000 53.402897 0.242000 127.440018
2731.000000 53.602913 0.236000 127.640015
2734.250000 53.602913 0.236000 127.839973
2737.125000 53.802914 0.236000 128.039978
2741.625000 53.802914 0.236000 128.239975
2746.250000 54.002914 0.236000 128.439987
2749.500000 54.002914 0.235000 128.639984
2753.750000 54.202927 0.235000 128.839996
2757.000000 54.202927 0.235000 129.039993
2759.125000 54.407944 0.235000 129.239990
2761.250000 54.407944 0.235000 129.440018
2766.750000 54.607960 0.235000 129.639999
2771.500000 54.607960 0.242000 129.840027
2773.625000 54.807976 0.242000 130.039963
2776.500000 54.807976 0.242000 130.239990
2778.500000 55.007992 0.242000 130.440018
2779.625000 55.007992 0.221000 130.640060
2782.125000 55.208008 0.221000 130.839996
2785.750000 55.208008 0.221000 131.040009
2787.625000 55.411034 0.221000 131.239960
2790.375000 55.411034 0.221000 131.439972
2793.250000 55.611061 0.225000 131.639969
2794.750000 55.611061 0.225000 131.839966
2797.000000 55.811089 0.225000 132.039993
2798.250000 55.811089 0.225000 132.239990
2803.250000 56.011116 0.225000 132.440018
2808.750000 56.011116 0.222000 132.639969
2812.125000 56.211143 0.222000 132.839996
2816.875000 56.211143 0.222000 133.039978
2818.375000 56.411171 0.222000 133.239975
2820.875000 56.411171 0.222000 133.439987
2823.625000 56.611210 0.221000 133.639984
2826.625000 56.611210 0.221000 133.840012
2833.000000 56.811253 0.221000 134.039978
2838.250000 56.811253 0.221000 134.240021
2842.625000 57.011295 0.221000 134.440018
2848.250000 57.011295 0.220000 134.639969
2850.375000 57.211346 0.220000 134.839996
2852.375000 57.211346 0.220000 135.039978
2856.125000 57.411400 0.220000 135.239975
2861.125000 57.411400 0.220000 135.440033
2865.500000 57.611458 0.222000 135.640015
2868.750000 57.611458 0.222000 135.839996
2870.875000 57.811520 0.222000 136.039978
2872.375000 57.811520 0.222000 136.239975
2875.750000 58.011589 0.222000 136.439972
2878.250000 58.011589 0.222000 136.639984
2883.000000 58.212502 0.222000 136.839996
2887.125000 58.212502 0.222000 137.040054
2890.125000 58.417480 0.222000 137.239990
2894.375000 58.417480 0.222000 137.439987
2895.750000 58.620453 0.225000 137.639999
2895.875000 58.620453 0.225000 137.839996
2896.375000 58.620453 0.225000 138.039963
2898.125000 58.620453 0.225000 138.250015
2899.125000 58.824230 0.225000 138.449982
2901.875000 58.824230 0.209000 138.650009
2907.125000 59.029202 0.209000 138.849976
2910.375000 59.029202 0.209000 139.050003
2912.625000 59.229996 0.209000 139.250015
2918.500000 59.229996 0.209000 139.450012
2922.125000 59.430027 0.215000 139.650009
2924.375000 59.430027 0.215000 139.849976
2926.750000 59.430027 0.215000 140.050003
2930.500000 59.630894 0.215000 140.250015
2934.625000 59.630894 0.215000 140.450012
2936.875000 59.830906 0.216000 140.649994
2937.750000 59.830906 0.216000 140.849991
2941.375000 59.830906 0.216000 141.049988
2942.875000 60.030952 0.216000 141.250046
2945.625000 60.030952 0.216000 141.449997
2949.125000 60.235943 0.209000 141.649979
2951.625000 60.235943 0.209000 141.849991
2954.125000 60.440933 0.209000 142.050003
2957.625000 60.440933 0.209000 142.250000
2961.875000 60.645924 0.209000 142.449997
2966.000000 60.645924 0.222000 142.649979
2968.500000 60.850914 0.222000 142.850006
2972.375000 60.850914 0.222000 143.050018
2975.375000 60.850914 0.222000 143.250015
2977.750000 60.850914 0.222000 143.450027
2978.125000 60.850914 0.222000 143.650009
2979.750000 60.850914 0.222000 143.849991
2982.250000 61.053638 0.222000 144.050034
2983.750000 61.053638 0.222000 144.249969
2987.250000 61.053638 0.222000 144.449982
2988.875000 61.256050 0.213000 144.649994
2992.500000 61.256050 0.213000 144.849976
2994.625000 61.456894 0.213000 145.049988
2997.375000 61.456894 0.213000 145.249985
2999.000000 61.661877 0.213000 145.450027
3001.000000 61.661877 0.232000 145.650009
3002.875000 61.861885 0.232000 145.850021
3006.000000 61.861885 0.232000 146.050003
3008.000000 62.062714 0.232000 146.250015
3009.125000 62.062714 0.232000 146.450043
3011.375000 62.262730 0.226000 146.650009
3012.875000 62.262730 0.226000 146.849991
3014.250000 62.466496 0.226000 147.049988
3016.750000 62.466496 0.226000 147.250000
3017.875000 62.668083 0.226000 147.449982
3019.625000 62.668083 0.227000 147.649979
3024.500000 62.868103 0.227000 147.850052
3027.875000 62.868103 0.227000 148.050003
3030.250000 62.868103 0.227000 148.250046
3033.125000 63.068947 0.227000 148.450012
3035.625000 63.068947 0.229000 148.650024
3039.250000 63.269062 0.229000 148.850006
3041.625000 63.269062 0.229000 149.049973
3047.875000 63.469971 0.229000 149.250000
3049.500000 63.469971 0.229000 149.449966
3053.500000 63.670048 0.226000 149.650024
3058.875000 63.670048 0.226000 149.849991
3062.375000 63.871120 0.226000 150.049988
3065.000000 63.871120 0.226000 150.249985
3068.000000 64.075226 0.226000 150.449997
3071.875000 64.075226 0.224000 150.650009
3074.000000 64.277100 0.224000 150.850006
3077.250000 64.277100 0.224000 151.050003
3080.250000 64.481995 0.224000 151.250000
3082.125000 64.481995 0.224000 151.449997
3084.000000 64.686890 0.223000 151.650009
3086.500000 64.686890 0.223000 151.850006
3091.375000 64.891785 0.223000 152.049988
3093.125000 64.891785 0.223000 152.250061
3093.250000 64.891785 0.223000 152.449982
3093.625000 64.891785 0.227000 152.649994
3094.000000 64.891785 0.227000 152.850006
3095.875000 65.096756 0.227000 153.050003
3098.875000 65.096756 0.227000 153.249969
3100.500000 65.301651 0.227000 153.450012
3103.500000 65.301651 0.216000 153.649994
3105.375000 65.506546 0.216000 153.850037
3106.625000 65.506546 0.216000 154.050034
3108.000000 65.711441 0.216000 154.249985
3109.750000 65.711441 0.216000 154.450058
3111.625000 65.916336 0.229000 154.650009
3116.000000 65.916336 0.229000 154.850006
3119.000000 66.121231 0.229000 155.049973
3121.250000 66.121231 0.229000 155.250000
3121.375000 66.121231 0.229000 155.449982
3121.500000 66.121231 0.212000 155.650055
3122.500000 66.121231 0.212000 155.849991
3126.625000 66.121231 0.212000 156.050003
3130.125000 66.326202 0.212000 156.249969
3133.250000 66.326202 0.212000 156.449966
3136.625000 66.531097 0.207000 156.650024
3140.000000 66.531097 0.207000 156.850006
3142.000000 66.735992 0.207000 157.050003
3145.625000 66.735992 0.207000 157.250000
3151.000000 66.940887 0.207000 157.449997
3153.375000 66.940887 0.216000 157.650009
3158.500000 67.145782 0.216000 157.850021
3162.750000 67.145782 0.216000 158.050018
3164.625000 67.350182 0.216000 158.250061
3165.000000 67.350182 0.216000 158.449997
3165.000000 67.350182 0.204000 158.650009
3167.000000 67.350182 0.204000 158.850006
3170.125000 67.350182 0.204000 159.050018
3172.875000 67.550652 0.204000 159.250000
3175.000000 67.550652 0.204000 159.449997
3179.625000 67.755547 0.193000 159.650024
3184.625000 67.755547 0.193000 159.850006
3187.625000 67.960442 0.193000 160.050003
3189.375000 67.960442 0.193000 160.250015
3191.000000 68.165337 0.193000 160.450012
3194.375000 68.165337 0.206000 160.650009
3198.125000 68.370232 0.206000 160.849976
3201.000000 68.370232 0.206000 161.050003
3202.000000 68.572144 0.206000 161.250015
3202.125000 68.572144 0.206000 161.449982
3202.250000 68.572144 0.208000 161.650009
3203.375000 68.572144 0.208000 161.850006
3205.250000 68.572144 0.208000 162.049973
3209.000000 68.775093 0.208000 162.249985
3213.875000 68.775093 0.208000 162.449966
3220.000000 68.979980 0.196000 162.650055
3221.875000 68.979980 0.196000 162.849991
3226.750000 69.184868 0.196000 163.050018
3230.500000 69.184868 0.196000 163.250015
3234.125000 69.389755 0.196000 163.449982
3236.625000 69.389755 0.207000 163.649979
3237.375000 69.594643 0.207000 163.849976
3240.500000 69.594643 0.207000 164.049988
3244.250000 69.795059 0.207000 164.250000
3244.500000 69.795059 0.207000 164.449982
3244.750000 69.795059 0.213000 164.649994
3245.750000 69.795059 0.213000 164.850006
3247.875000 69.795059 0.213000 165.050003
3252.625000 69.999512 0.213000 165.249985
3254.625000 69.999512 0.213000 165.449997
3256.750000 70.204414 0.205000 165.649994
3261.250000 70.204414 0.205000 165.850006
3263.750000 70.409317 0.205000 166.049973
3266.375000 70.409317 0.205000 166.250000
3269.125000 70.614220 0.205000 166.449966
3273.125000 70.614220 0.224000 166.649963
3278.000000 70.819122 0.224000 166.850006
3279.625000 70.819122 0.224000 167.050018
3281.250000 70.819122 0.224000 167.250000
3281.375000 70.819122 0.224000 167.449982
3281.500000 70.819122 0.218000 167.649994
3282.625000 71.020088 0.218000 167.849991
3285.750000 71.020088 0.218000 168.050003
3292.375000 71.224007 0.218000 168.250000
3295.750000 71.224007 0.218000 168.449997
3298.625000 71.428909 0.209000 168.650024
3300.375000 71.428909 0.209000 168.850006
3304.125000 71.428909 0.209000 169.049988
3310.875000 71.633812 0.209000 169.249985
3317.500000 71.633812 0.209000 169.449966
3320.375000 71.838715 0.227000 169.650009
3324.875000 71.838715 0.227000 169.850006
3327.750000 72.043617 0.227000 170.050018
3329.500000 72.043617 0.227000 170.249985
3329.750000 72.043617 0.227000 170.449997
3330.125000 72.043617 0.227000 170.649994
3332.000000 72.043617 0.230000 170.849976
3336.125000 72.248596 0.230000 171.049988
3340.625000 72.248596 0.230000 171.250000
3346.250000 72.453499 0.230000 171.449966
3351.125000 72.453499 0.217000 171.649994
3356.625000 72.658401 0.217000 171.850006
3360.375000 72.658401 0.217000 172.050003
3365.375000 72.863304 0.217000 172.250000
3371.375000 72.863304 0.217000 172.449997
3379.375000 73.068207 0.235000 172.649994
3385.000000 73.068207 0.235000 172.850006
3390.125000 73.273109 0.235000 173.050018
3393.625000 73.273109 0.235000 173.250015
3393.625000 73.273109 0.235000 173.450012
3393.625000 73.273109 0.247000 173.650009
3396.500000 73.273109 0.247000 173.850006
3400.875000 73.478088 0.247000 174.049988
3407.750000 73.478088 0.247000 174.250046
3411.500000 73.682991 0.247000 174.449997
3416.750000 73.682991 0.222000 174.650009
3423.625000 73.887894 0.222000 174.849976
3431.250000 73.887894 0.222000 175.050003
3438.750000 74.092796 0.222000 175.250000
3446.500000 74.092796 0.222000 175.450012
3453.250000 74.297699 0.239000 175.650024
3460.625000 74.297699 0.239000 175.850006
3466.500000 74.502594 0.239000 176.050049
3473.500000 74.502594 0.239000 176.250000
3475.500000 74.502594 0.239000 176.449997
3476.375000 74.502594 0.241000 176.650009
3478.750000 74.502594 0.241000 176.850021
3483.500000 74.707581 0.241000 177.049973
3490.250000 74.707581 0.241000 177.250000
3498.500000 74.912514 0.241000 177.449982
3506.375000 74.912514 0.230000 177.649994
3513.375000 75.117447 0.230000 177.850006
3519.750000 75.117447 0.230000 178.049973
3526.750000 75.117447 0.230000 178.250000
3532.000000 75.322380 0.230000 178.450043
3536.000000 75.322380 0.253000 178.649994
3539.250000 75.526215 0.253000 178.850006
3544.750000 75.526215 0.253000 179.049988
3550.125000 75.726219 0.253000 179.250000
3550.875000 75.726219 0.253000 179.449997
3551.125000 75.726219 0.225000 179.650009
3553.625000 75.726219 0.225000 179.850006
3560.250000 75.726219 0.225000 180.050003
3567.500000 75.926292 0.225000 180.250000
3570.750000 75.926292 0.225000 180.450012
3573.375000 76.131287 0.209000 180.650024
3577.375000 76.131287 0.209000 180.849976
3580.875000 76.336281 0.209000 181.050018
3583.875000 76.336281 0.209000 181.249985
3586.500000 76.541275 0.209000 181.449966
3590.250000 76.541275 0.224000 181.649979
3594.625000 76.746269 0.224000 181.849976
3598.125000 76.746269 0.224000 182.050018
3599.625000 76.951263 0.224000 182.250000
3600.250000 76.951263 0.224000 182.450043
3600.625000 76.951263 0.228000 182.650024
3602.125000 76.951263 0.228000 182.850006
3606.500000 76.951263 0.228000 183.050049
3610.375000 77.151505 0.228000 183.250000
3617.500000 77.151505 0.228000 183.450027
3624.000000 77.351807 0.216000 183.649994
3627.125000 77.351807 0.216000 183.849976
3630.625000 77.552109 0.216000 184.050003
3635.375000 77.552109 0.216000 184.250000
3639.375000 77.752411 0.216000 184.449997
3642.125000 77.752411 0.216000 184.650009
3646.250000 77.953323 0.233000 184.850006
3650.000000 77.953323 0.233000 185.050018
3654.125000 78.158318 0.233000 185.249969
3654.125000 78.158318 0.233000 185.449966
3654.125000 78.158318 0.230000 185.649994
3658.000000 78.158318 0.230000 185.850006
3663.500000 78.158318 0.230000 186.050003
3667.000000 78.358345 0.230000 186.249985
3670.875000 78.358345 0.230000 186.449997
3675.125000 78.563339 0.227000 186.650009
3680.625000 78.563339 0.227000 186.850021
3683.875000 78.768333 0.227000 187.050003
3686.625000 78.768333 0.227000 187.250000
3691.375000 78.971329 0.227000 187.450012
3694.500000 78.971329 0.232000 187.649994
3697.625000 79.174126 0.232000 187.850006
3701.250000 79.174126 0.232000 188.050034
3704.000000 79.375870 0.232000 188.250000
3704.875000 79.375870 0.232000 188.449966
3704.875000 79.375870 0.230000 188.649994
3706.875000 79.375870 0.230000 188.850006
3711.750000 79.375870 0.230000 189.050003
3714.375000 79.578636 0.230000 189.250000
3718.125000 79.578636 0.230000 189.450012
3721.500000 79.783340 0.225000 189.649994
3723.750000 79.783340 0.225000 189.850052
3727.000000 79.988045 0.225000 190.050003
3729.750000 79.988045 0.225000 190.250031
3733.625000 80.192749 0.225000 190.449982
3737.000000 80.192749 0.225000 190.649963
3737.750000 80.397453 0.238000 190.850006
3739.625000 80.397453 0.238000 191.049973
3741.625000 80.597885 0.238000 191.249985
3741.750000 80.597885 0.238000 191.450012
3741.750000 80.597885 0.227000 191.650024
3742.875000 80.597885 0.227000 191.849991
3745.875000 80.597885 0.227000 192.049973
3748.125000 80.802139 0.227000 192.250046
3750.625000 80.802139 0.227000 192.449982
3752.750000 81.006851 0.233000 192.649979
3754.875000 81.006851 0.233000 192.850006
3757.875000 81.211563 0.233000 193.049973
3759.625000 81.211563 0.233000 193.250015
3761.500000 81.416275 0.233000 193.450012
3763.125000 81.416275 0.233000 193.650024
3766.125000 81.620987 0.237000 193.850021
3770.250000 81.620987 0.237000 194.049988
3771.875000 81.620987 0.237000 194.250000
3771.875000 81.620987 0.237000 194.450012
3771.875000 81.620987 0.235000 194.649994
3772.375000 81.821869 0.235000 194.849991
3774.750000 81.821869 0.235000 195.050003
3777.125000 81.821869 0.235000 195.250076
3779.000000 82.026077 0.235000 195.449966
3783.000000 82.026077 0.228000 195.649979
3784.500000 82.226318 0.228000 195.849991
3786.375000 82.226318 0.228000 196.050003
3787.625000 82.426559 0.228000 196.249969
3789.500000 82.426559 0.228000 196.449982
3792.500000 82.626801 0.235000 196.649979
3793.375000 82.626801 0.235000 196.849991
3796.625000 82.826889 0.235000 197.050003
3798.625000 82.826889 0.235000 197.250000
3798.875000 82.826889 0.235000 197.449997
3798.875000 82.826889 0.235000 197.649963
3800.750000 83.029846 0.238000 197.850006
3802.875000 83.029846 0.238000 198.049973
3804.875000 83.231758 0.238000 198.249969
3807.125000 83.231758 0.238000 198.449982
3808.000000 83.231758 0.238000 198.649994
3809.250000 83.436668 0.238000 198.849991
3811.125000 83.436668 0.238000 199.050018
3813.625000 83.641579 0.238000 199.250000
3814.625000 83.641579 0.238000 199.449982
3816.250000 83.846489 0.248000 199.650009
3817.875000 83.846489 0.248000 199.849991
3820.250000 84.051414 0.248000 200.050003
3821.625000 84.051414 0.248000 200.249985
3821.750000 84.051414 0.248000 200.449997
3821.750000 84.051414 0.240000 200.649994
3822.250000 84.051414 0.240000 200.850021
3823.375000 84.251602 0.240000 201.050003
3825.000000 84.251602 0.240000 201.249985
3825.750000 84.451843 0.240000 201.449966
3827.250000 84.451843 0.241000 201.649994
3828.750000 84.652084 0.241000 201.849960
3829.375000 84.652084 0.241000 202.050018
3830.500000 84.852325 0.241000 202.249969
3831.750000 84.852325 0.241000 202.449982
3833.000000 85.052567 0.249000 202.650070
3834.375000 85.052567 0.249000 202.850006
3836.000000 85.252808 0.249000 203.050003
3837.375000 85.252808 0.249000 203.250000
3837.375000 85.252808 0.249000 203.449966
3837.375000 85.252808 0.204000 203.650024
3838.000000 85.252808 0.204000 203.849976
3839.500000 85.452988 0.204000 204.049973
3840.250000 85.452988 0.204000 204.250031
3840.625000 85.653229 0.204000 204.449997
3842.000000 85.653229 0.196000 204.650009
3844.000000 85.853470 0.196000 204.849991
3845.125000 85.853470 0.196000 205.049988
3846.750000 86.053711 0.196000 205.249985
3847.875000 86.053711 0.196000 205.449966
3849.000000 86.253952 0.199000 205.650024
3850.375000 86.253952 0.199000 205.849976
3852.000000 86.454193 0.199000 206.059998
3853.000000 86.454193 0.199000 206.260025
3853.000000 86.454193 0.199000 206.459991
3853.000000 86.454193 0.199000 206.660034
3853.250000 86.454193 0.199000 206.860001
3853.750000 86.654373 0.199000 207.059982
3854.875000 86.654373 0.199000 207.259995
3856.000000 86.854614 0.199000 207.460007
3856.500000 86.854614 0.189000 207.660004
3857.375000 87.054855 0.189000 207.860062
3858.000000 87.054855 0.189000 208.059998
3860.875000 87.255096 0.189000 208.259979
3861.750000 87.255096 0.189000 208.459991
3863.000000 87.459335 0.200000 208.659988
3864.500000 87.459335 0.200000 208.860001
3864.875000 87.659424 0.200000 209.059967
3867.375000 87.659424 0.200000 209.259995
3867.875000 87.659424 0.200000 209.460007
3868.000000 87.659424 0.201000 209.660004
3868.000000 87.659424 0.201000 209.859985
3868.125000 87.659424 0.201000 210.059967
3868.875000 87.862343 0.201000 210.259979
3870.000000 87.862343 0.201000 210.460037
3871.500000 88.063156 0.183000 210.660034
3873.000000 88.063156 0.183000 210.860031
3877.250000 88.267014 0.183000 211.060013
3881.375000 88.267014 0.183000 211.259964
3883.750000 88.267014 0.183000 211.459991
3884.875000 88.470787 0.213000 211.660004
3887.375000 88.470787 0.213000 211.859970
3891.500000 88.675751 0.213000 212.059967
3892.875000 88.675751 0.213000 212.259979
3896.000000 88.880692 0.213000 212.460007
3899.375000 88.880692 0.207000 212.660004
3900.375000 89.084084 0.207000 212.860001
3903.750000 89.084084 0.207000 213.059967
3906.500000 89.287689 0.207000 213.259964
3907.375000 89.287689 0.207000 213.459991
3909.250000 89.488525 0.203000 213.660019
3910.500000 89.488525 0.203000 213.860001
3912.750000 89.692291 0.203000 214.059967
3916.375000 89.692291 0.203000 214.259995
3919.125000 89.892303 0.203000 214.460007
3922.125000 89.892303 0.201000 214.660004
3924.500000 89.892303 0.201000 214.859985
3926.500000 90.096169 0.201000 215.060028
3929.500000 90.096169 0.201000 215.259995
3930.750000 90.301147 0.201000 215.460037
3932.125000 90.301147 0.206000 215.659973
3933.125000 90.505157 0.206000 215.859970
3935.125000 90.505157 0.206000 216.059982
3937.625000 90.707199 0.206000 216.260056
3939.375000 90.707199 0.206000 216.459976
3941.125000 90.908020 0.201000 216.659973
3942.625000 90.908020 0.201000 216.860001
3944.625000 90.908020 0.201000 217.059982
3946.375000 91.111900 0.201000 217.259995
3947.625000 91.111900 0.201000 217.460007
3949.500000 91.316986 0.204000 217.659988
3951.375000 91.316986 0.204000 217.860001
3954.000000 91.517204 0.204000 218.059967
3957.500000 91.517204 0.204000 218.259964
3960.125000 91.721115 0.204000 218.460052
3961.500000 91.721115 0.203000 218.659988
3962.375000 91.926079 0.203000 218.860001
3966.000000 91.926079 0.203000 219.059998
3967.000000 92.131050 0.203000 219.259995
3970.250000 92.131050 0.203000 219.460098
3972.625000 92.336021 0.204000 219.659988
3975.000000 92.336021 0.204000 219.859985
3978.125000 92.540985 0.204000 220.059967
3980.625000 92.540985 0.204000 220.260010
3982.250000 92.745949 0.204000 220.460052
3983.500000 92.745949 0.200000 220.660004
3984.875000 92.950905 0.200000 220.860001
3985.875000 92.950905 0.200000 221.059967
3987.500000 93.155853 0.200000 221.259979
3990.125000 93.155853 0.200000 221.460068
3990.875000 93.360802 0.196000 221.660004
3992.125000 93.360802 0.196000 221.860001
3993.375000 93.564575 0.196000 222.060043
3996.000000 93.564575 0.196000 222.260025
3997.500000 93.764618 0.196000 222.460007
3999.000000 93.764618 0.199000 222.659973
3999.375000 93.764618 0.199000 222.859985
3999.375000 93.764618 0.199000 223.059967
3999.750000 93.764618 0.199000 223.259995
4000.000000 93.764618 0.199000 223.459976
4000.750000 93.966385 0.185000 223.660004
4001.125000 93.966385 0.185000 223.859985
4002.000000 93.966385 0.185000 224.059967
4003.500000 94.170792 0.185000 224.259964
4004.625000 94.170792 0.185000 224.460022
4005.875000 94.371742 0.187000 224.659973
4007.875000 94.371742 0.187000 224.859985
4008.625000 94.571930 0.187000 225.059998
4009.625000 94.571930 0.187000 225.260010
4010.375000 94.776138 0.187000 225.460007
4011.750000 94.776138 0.193000 225.659988
4012.500000 94.978065 0.193000 225.859970
4013.500000 94.978065 0.193000 226.059982
4014.875000 95.182930 0.193000 226.259995
4015.500000 95.182930 0.193000 226.460022
4016.375000 95.387787 0.190000 226.660019
4016.625000 95.387787 0.190000 226.859985
4017.125000 95.387787 0.190000 227.059998
4017.750000 95.592194 0.190000 227.259964
4018.625000 95.592194 0.190000 227.459991
4019.750000 95.795288 0.192000 227.659988
4020.875000 95.795288 0.192000 227.860016
4021.500000 95.995483 0.192000 228.059967
4021.875000 95.995483 0.192000 228.259964
4022.125000 96.195969 0.192000 228.459991
4022.875000 96.195969 0.189000 228.659988
4023.625000 96.397194 0.189000 228.860077
4024.250000 96.397194 0.189000 229.059998
4024.750000 96.602173 0.189000 229.259995
4024.875000 96.602173 0.189000 229.459976
4024.875000 96.602173 0.198000 229.659973
4025.125000 96.602173 0.198000 229.860001
4026.250000 96.802185 0.198000 230.059998
4027.125000 96.802185 0.198000 230.259995
4029.500000 97.005981 0.198000 230.460052
4029.625000 97.005981 0.190000 230.659973
4030.125000 97.205986 0.190000 230.859985
4031.250000 97.205986 0.190000 231.059967
4033.375000 97.410980 0.190000 231.259964
4033.625000 97.410980 0.190000 231.459991
4034.500000 97.615974 0.194000 231.659973
4035.750000 97.615974 0.194000 231.859970
4037.375000 97.615974 0.194000 232.060013
4037.750000 97.820969 0.194000 232.259964
4038.000000 97.820969 0.194000 232.460007
4039.000000 97.820969 0.191000 232.659988
4039.375000 97.820969 0.191000 232.860001
4040.875000 97.820969 0.191000 233.060013
4043.375000 97.820969 0.191000 233.259995
4044.125000 98.023056 0.191000 233.460007
4045.250000 98.023056 0.186000 233.659973
4045.625000 98.226013 0.186000 233.859985
4046.500000 98.226013 0.186000 234.059967
4049.875000 98.430969 0.186000 234.259964
4052.375000 98.430969 0.186000 234.459961
4054.375000 98.632324 0.206000 234.659973
4055.250000 98.632324 0.206000 234.860001
4056.875000 98.836769 0.206000 235.059982
4060.625000 98.836769 0.206000 235.259964
4064.375000 99.040550 0.206000 235.460007
4066.000000 99.040550 0.202000 235.659988
4068.125000 99.245476 0.202000 235.859970
4070.250000 99.245476 0.202000 236.059982
4071.500000 99.450348 0.202000 236.259979
4072.625000 99.450348 0.202000 236.459991
4074.625000 99.450348 0.215000 236.660034
4079.000000 99.655334 0.215000 236.859970
4081.875000 99.655334 0.215000 237.059967
4083.625000 99.860321 0.215000 237.259995
4085.750000 99.860321 0.215000 237.459991
4087.250000 100.065323 0.220000 237.659973
4088.375000 100.065323 0.220000 237.860016
4089.500000 100.269165 0.220000 238.059967
4092.750000 100.269165 0.220000 238.260025
4096.250000 100.469254 0.220000 238.459976
4100.375000 100.469254 0.220000 238.659973
4102.000000 100.669411 0.214000 238.859970
4103.125000 100.669411 0.214000 239.059982
4105.250000 100.869446 0.214000 239.259995
4106.750000 100.869446 0.214000 239.459976
4111.125000 101.074432 0.219000 239.659988
4114.125000 101.074432 0.219000 239.859985
4114.250000 101.074432 0.219000 240.059967
4114.500000 101.074432 0.219000 240.259995
4114.750000 101.074432 0.219000 240.460007
4115.125000 101.074432 0.209000 240.660004
4117.625000 101.277840 0.209000 240.859985
4121.250000 101.277840 0.209000 241.059998
4123.375000 101.478676 0.209000 241.260025
4126.625000 101.478676 0.209000 241.459991
4129.875000 101.679588 0.212000 241.660004
4132.375000 101.679588 0.212000 241.859985
4138.500000 101.879616 0.212000 242.059982
4142.125000 101.879616 0.212000 242.259964
4144.500000 101.879616 0.212000 242.459976
4148.000000 102.080544 0.212000 242.659973
4151.250000 102.080544 0.218000 242.860001
4155.875000 102.280617 0.218000 243.059998
4162.000000 102.280617 0.218000 243.260010
4166.500000 102.480736 0.218000 243.459991
4170.500000 102.480736 0.229000 243.659988
4173.250000 102.680862 0.229000 243.859985
4175.375000 102.680862 0.229000 244.059982
4177.875000 102.680862 0.229000 244.259979
4181.000000 102.881386 0.229000 244.459991
4183.375000 102.881386 0.238000 244.659973
4185.000000 103.084335 0.238000 244.859985
4187.000000 103.084335 0.238000 245.059967
4189.250000 103.288208 0.238000 245.259964
4191.375000 103.288208 0.238000 245.459991
4192.250000 103.493019 0.228000 245.660004
4193.500000 103.493019 0.228000 245.859985
4196.750000 103.696869 0.228000 246.059998
4197.875000 103.696869 0.228000 246.260025
4199.500000 103.897156 0.228000 246.459976
4200.875000 103.897156 0.228000 246.659973
4202.250000 103.897156 0.228000 246.860031
4203.375000 103.897156 0.228000 247.059998
4205.375000 104.101402 0.228000 247.259979
4206.000000 104.101402 0.228000 247.459976
4207.625000 104.306091 0.213000 247.659988
4209.625000 104.306091 0.213000 247.859970
4210.500000 104.510780 0.213000 248.059967
4211.375000 104.510780 0.213000 248.259964
4212.250000 104.715469 0.213000 248.459976
4214.000000 104.715469 0.230000 248.659973
4214.500000 104.920158 0.230000 248.859985
4214.750000 104.920158 0.230000 249.059967
4215.375000 104.920158 0.230000 249.259995
4215.375000 104.920158 0.230000 249.459991
4215.375000 104.920158 0.200000 249.660004
4216.250000 105.120407 0.200000 249.859970
4217.250000 105.120407 0.200000 250.059967
4220.250000 105.324638 0.200000 250.259979
4222.375000 105.324638 0.200000 250.459976
4222.750000 105.529327 0.192000 250.660049
4224.500000 105.529327 0.192000 250.860001
4225.875000 105.734016 0.192000 251.059967
4227.875000 105.734016 0.192000 251.259964
4231.750000 105.938705 0.192000 251.459961
4233.000000 105.938705 0.200000 251.659988
4234.000000 106.142487 0.200000 251.859970
4235.625000 106.142487 0.200000 252.059967
4236.250000 106.142487 0.200000 252.259995
4236.250000 106.142487 0.200000 252.459991
4236.250000 106.142487 0.203000 252.659988
4236.750000 106.343452 0.203000 252.860016
4238.750000 106.343452 0.203000 253.059967
4239.250000 106.547462 0.203000 253.259979
4239.625000 106.547462 0.203000 253.460007
4240.500000 106.747467 0.194000 253.659958
4240.875000 106.747467 0.194000 253.859970
4241.500000 106.947472 0.194000 254.060028
4242.000000 106.947472 0.194000 254.259964
4243.250000 106.947472 0.194000 254.460068
4243.500000 107.151375 0.211000 254.660049
4244.000000 107.151375 0.211000 254.859970
4244.250000 107.353607 0.211000 255.059998
4244.625000 107.353607 0.211000 255.259979
4244.625000 107.353607 0.211000 255.459991
4244.625000 107.353607 0.196000 255.659973
4244.625000 107.553886 0.196000 255.859970
4244.875000 107.553886 0.196000 256.059967
4245.000000 107.553886 0.196000 256.260040
4245.750000 107.755638 0.196000 256.460022
4246.750000 107.755638 0.186000 256.660004
4247.625000 107.960350 0.186000 256.859985
4247.750000 107.960350 0.186000 257.059998
4248.250000 108.165062 0.186000 257.260010
4248.375000 108.165062 0.186000 257.459991
4248.750000 108.369774 0.190000 257.660034
4248.875000 108.369774 0.190000 257.859985
4249.000000 108.574486 0.190000 258.060028
4249.125000 108.574486 0.190000 258.259979
4249.125000 108.574486 0.190000 258.459961
4249.125000 108.574486 0.190000 258.660004
4249.125000 108.574486 0.190000 258.859985
4249.375000 108.774628 0.190000 259.059998
4249.750000 108.774628 0.190000 259.260010
4250.000000 108.974930 0.190000 259.459991
4250.250000 108.974930 0.187000 259.660004
4250.250000 109.175232 0.187000 259.860016
4250.750000 109.175232 0.187000 260.059998
4251.250000 109.375534 0.187000 260.260010
4251.250000 109.375534 0.187000 260.459991
4251.500000 109.575836 0.185000 260.660004
4251.750000 109.575836 0.185000 260.859985
4252.250000 109.776138 0.185000 261.059998
4252.250000 109.776138 0.185000 261.259979
4252.250000 109.776138 0.185000 261.459991
4252.250000 109.776138 0.182000 261.659973
4252.500000 109.776138 0.182000 261.859955
4252.625000 109.976379 0.182000 262.059967
4252.875000 109.976379 0.182000 262.259949
4253.125000 110.176682 0.182000 262.459961
4254.750000 110.176682 0.177000 262.659973
4254.875000 110.376984 0.177000 262.859955
4255.000000 110.376984 0.177000 263.059967
4255.375000 110.577286 0.177000 263.259979
4256.125000 110.577286 0.177000 263.459991
4256.500000 110.777588 0.188000 263.660004
4256.500000 110.777588 0.188000 263.859985
4256.750000 110.981506 0.188000 264.059998
4256.875000 110.981506 0.188000 264.259979
4256.875000 110.981506 0.188000 264.459991
4256.875000 110.981506 0.183000 264.660004
4257.250000 110.981506 0.183000 264.859985
4257.625000 111.186478 0.183000 265.059967
4257.625000 111.186478 0.183000 265.260010
4258.625000 111.386482 0.183000 265.459991
4258.625000 111.386482 0.182000 265.659973
4258.875000 111.586487 0.182000 265.860016
4259.500000 111.586487 0.182000 266.059998
4259.625000 111.786491 0.182000 266.260010
4259.875000 111.786491 0.182000 266.459991
4259.875000 111.987320 0.182000 266.659973
4259.875000 111.987320 0.182000 266.860016
4260.250000 112.192039 0.182000 267.059967
4260.750000 112.192039 0.182000 267.260010
4260.750000 112.192039 0.182000 267.459961
4260.750000 112.192039 0.180000 267.659973
4260.750000 112.192039 0.180000 267.860046
4260.750000 112.395798 0.180000 268.059998
4261.000000 112.395798 0.180000 268.259979
4261.750000 112.395798 0.180000 268.459991
4262.000000 112.597389 0.172000 268.659973
4262.250000 112.597389 0.172000 268.860046
4262.625000 112.798241 0.172000 269.059998
4262.625000 112.798241 0.172000 269.259979
4263.000000 113.002129 0.172000 269.459991
4263.250000 113.002129 0.183000 269.660126
4263.500000 113.207039 0.183000 269.859985
4263.875000 113.207039 0.183000 270.060028
4263.875000 113.407944 0.183000 270.260010
4264.250000 113.407944 0.183000 270.459961
4264.625000 113.611816 0.177000 270.660004
4265.375000 113.611816 0.177000 270.859985
4265.750000 113.813408 0.177000 271.059998
4266.125000 113.813408 0.177000 271.259979
4266.250000 113.813408 0.177000 271.459991
4266.500000 114.019989 0.176000 271.660034
4266.750000 114.019989 0.176000 271.860046
4267.000000 114.220901 0.176000 272.059998
4267.000000 114.220901 0.176000 272.260010
4267.000000 114.424843 0.176000 272.460022
4267.250000 114.424843 0.180000 272.660004
4267.500000 114.624901 0.180000 272.859985
4268.250000 114.624901 0.180000 273.059998
4268.625000 114.828835 0.180000 273.259979
4268.625000 114.828835 0.180000 273.459961
4268.625000 115.033730 0.163000 273.660004
4268.875000 115.033730 0.163000 273.859985
4269.875000 115.234703 0.163000 274.059967
4270.125000 115.234703 0.163000 274.259979
4271.125000 115.434898 0.163000 274.459991
4271.375000 115.434898 0.166000 274.660034
4272.625000 115.635094 0.166000 274.860016
4274.125000 115.635094 0.166000 275.059967
4275.125000 115.835289 0.166000 275.259979
4276.250000 115.835289 0.166000 275.459991
4277.625000 116.035484 0.164000 275.660004
4280.250000 116.035484 0.164000 275.859985
4281.500000 116.235680 0.164000 276.059998
4284.125000 116.235680 0.164000 276.260010
4286.750000 116.435875 0.164000 276.459991
4290.250000 116.435875 0.169000 276.659973
4292.375000 116.636070 0.169000 276.859985
4296.625000 116.636070 0.169000 277.059998
4299.375000 116.836266 0.169000 277.259979
4303.250000 116.836266 0.169000 277.459991
4306.750000 117.036461 0.175000 277.660004
4310.125000 117.036461 0.175000 277.859985
4313.500000 117.236656 0.175000 278.059998
4317.375000 117.236656 0.175000 278.260040
4320.625000 117.436852 0.175000 278.459991
4323.500000 117.436852 0.175000 278.659973
4323.500000 117.436852 0.175000 278.860016
4326.000000 117.436852 0.175000 279.059998
4326.500000 117.436852 0.175000 279.260040
4329.625000 117.637848 0.175000 279.459991
4333.875000 117.637848 0.170000 279.660004
4338.375000 117.839806 0.170000 279.860016
4341.125000 117.839806 0.170000 280.060089
4345.875000 118.043839 0.170000 280.260010
4349.125000 118.043839 0.170000 280.459991
4351.750000 118.247917 0.178000 280.660004
4355.875000 118.247917 0.178000 280.859985
4359.250000 118.452873 0.178000 281.059967
4362.000000 118.452873 0.178000 281.260040
4364.500000 118.653725 0.178000 281.459991
4366.000000 118.653725 0.194000 281.659973
4369.875000 118.653725 0.194000 281.860016
4370.625000 118.854080 0.194000 282.060059
4373.750000 118.854080 0.194000 282.259979
4376.000000 119.057793 0.194000 282.459991
4376.500000 119.057793 0.189000 282.660004
4380.875000 119.259300 0.189000 282.859985
4386.000000 119.259300 0.189000 283.059967
4389.375000 119.463783 0.189000 283.260071
4393.625000 119.463783 0.189000 283.459991
4396.000000 119.668755 0.186000 283.659973
4399.250000 119.668755 0.186000 283.859955
4401.000000 119.869545 0.186000 284.059998
4404.000000 119.869545 0.186000 284.259979
4406.750000 120.074532 0.186000 284.459991
4410.750000 120.074532 0.182000 284.660004
4414.125000 120.074532 0.182000 284.859985
4415.625000 120.275406 0.182000 285.060028
4417.000000 120.275406 0.182000 285.259979
4419.000000 120.475403 0.182000 285.459961
4421.625000 120.475403 0.184000 285.660004
4423.875000 120.675415 0.184000 285.869995
4424.875000 120.675415 0.184000 286.059998
4426.375000 120.875420 0.184000 286.269989
4428.125000 120.875420 0.184000 286.460022
4430.375000 121.075424 0.184000 286.659973
4433.375000 121.075424 0.184000 286.860046
4435.125000 121.275429 0.184000 287.059998
4436.750000 121.275429 0.184000 287.259979
4437.000000 121.475441 0.184000 287.459991
4437.125000 121.475441 0.184000 287.660004
4437.625000 121.475441 0.184000 287.860046
4440.000000 121.475441 0.184000 288.060028
4442.375000 121.675438 0.184000 288.260010
4444.625000 121.675438 0.184000 288.459991
4446.125000 121.875443 0.175000 288.660034
4447.625000 121.875443 0.175000 288.859985
4450.000000 122.075447 0.175000 289.059998
4453.500000 122.075447 0.175000 289.260010
4456.250000 122.275452 0.175000 289.470001
4457.750000 122.275452 0.177000 289.660034
4460.875000 122.475456 0.177000 289.869965
4464.000000 122.475456 0.177000 290.059998
4465.750000 122.675873 0.177000 290.259979
4466.000000 122.675873 0.177000 290.459961
4466.000000 122.675873 0.179000 290.659973
4467.250000 122.675873 0.179000 290.859985
4469.500000 122.675873 0.179000 291.059967
4472.000000 122.880363 0.179000 291.260010
4474.625000 122.880363 0.179000 291.459991
4478.375000 123.085358 0.176000 291.659973
4482.375000 123.085358 0.176000 291.859985
4484.625000 123.285393 0.176000 292.059998
4487.375000 123.285393 0.176000 292.260010
4490.750000 123.485420 0.176000 292.460022
4494.000000 123.485420 0.197000 292.660004
4497.375000 123.685440 0.197000 292.859985
4500.250000 123.685440 0.197000 293.059998
4501.875000 123.885956 0.197000 293.260010
4502.000000 123.885956 0.197000 293.460022
4502.125000 123.885956 0.190000 293.660004
4502.875000 123.885956 0.190000 293.860016
4507.375000 123.885956 0.190000 294.059998
4509.250000 124.090439 0.190000 294.259979
4514.125000 124.090439 0.190000 294.459991
4517.500000 124.295410 0.183000 294.669983
4521.500000 124.295410 0.183000 294