0.106285 0.172940 0.750000 0.000000 -0.000000 1.118580 0.000000
0.181853 0.362246 0.750000 0.000000 -0.000000 1.220017 0.419993
0.250663 0.550036 0.750000 0.000000 -0.000000 1.219697 0.819965
0.321169 0.742529 0.750000 0.000000 -0.000000 1.219693 1.229984
0.385718 0.932746 0.750000 0.000000 -0.000000 1.321600 1.650215
0.436125 1.131451 0.750000 0.000000 -0.000000 1.320303 2.060607
0.485706 1.325209 0.750000 0.000000 -0.000000 1.320261 2.460953
0.508835 1.527550 0.750000 0.000000 -0.000000 1.820026 3.169992
0.439901 1.716476 0.757029 0.000468 -0.000796 2.030589 3.589996
0.344281 1.893191 0.767184 0.000411 -0.002144 2.138253 4.009976
0.234187 2.060160 0.774441 0.000140 -0.002804 2.151727 4.409982
0.119175 2.227913 0.779338 -0.000788 -0.003315 2.248507 4.834974
-0.009081 2.384619 0.782157 -0.002041 -0.004141 2.255286 5.239978
-0.135540 2.539566 0.784093 -0.003331 -0.005042 2.255299 5.639996
-0.276263 2.687068 0.785541 -0.005149 -0.005475 2.353915 6.060011
-0.417370 2.828805 0.787029 -0.006213 -0.006086 2.354128 6.460006
-0.537181 2.992966 0.789781 -0.005042 -0.008988 2.023589 7.149989
-0.606238 3.182388 0.790988 -0.003278 -0.010764 1.808491 7.569983
-0.635508 3.381007 0.792367 -0.001809 -0.012170 1.672280 7.979996
-0.653966 3.581098 0.794051 -0.000788 -0.013300 1.592418 8.399985
-0.650978 3.785004 0.795897 0.000787 -0.014209 1.489692 8.820015
-0.633035 3.984196 0.798065 0.001062 -0.014952 1.482502 9.219989
-0.615364 4.183405 0.802747 0.001203 -0.016220 1.482315 10.060638
-0.597251 4.387589 0.805101 0.001215 -0.016514 1.482315 10.470053
-0.586462 4.588111 0.807894 -0.000628 -0.016865 1.593093 10.890013
-0.589395 4.788078 0.811028 -0.000461 -0.017235 1.584152 11.289973
-0.592058 4.988044 0.814271 -0.000512 -0.017548 1.584112 11.689972
-0.594720 5.188011 0.817630 -0.000588 -0.017735 1.584111 12.090000
-0.597382 5.387981 0.823574 -0.000749 -0.017919 1.584111 13.070737
-0.600043 5.587947 0.826304 -0.000813 -0.017859 1.584113 13.471221
-0.602772 5.792913 0.829516 -0.000860 -0.017722 1.584113 13.879988
-0.605434 5.992879 0.832998 -0.000880 -0.017522 1.584112 14.280026
-0.608096 6.192846 0.836369 -0.000860 -0.017293 1.584113 14.680019
-0.610758 6.392812 0.839619 -0.000808 -0.017060 1.584113 15.079991
-0.613423 6.592782 0.844770 -0.000699 -0.016733 1.584112 16.080011
-0.616153 6.797748 0.846870 -0.000682 -0.016610 1.584112 16.490009
-0.618817 6.997715 0.849388 -0.000624 -0.016415 1.584112 16.889997
-0.621479 7.197681 0.852501 -0.000582 -0.016137 1.584112 17.289995
-0.624141 7.397647 0.855852 -0.000533 -0.015791 1.584111 17.689972
-0.626803 7.597614 0.859225 -0.000513 -0.015366 1.584111 18.089996
-0.565200 7.790697 0.865477 0.007642 -0.012151 0.985284 19.369967
-0.447943 7.953883 0.867188 0.008572 -0.010941 0.879027 19.789976
-0.316750 8.104837 0.868981 0.008453 -0.010267 0.856375 20.189978
-0.185679 8.255899 0.870840 0.008079 -0.009586 0.856153 20.590031
-0.042368 8.400812 0.872615 0.008556 -0.007987 0.755609 21.010006
0.106620 8.541615 0.873983 0.008054 -0.007212 0.757010 21.419966
0.228862 8.700464 0.876192 -0.000311 -0.008440 1.721739 22.519997
0.176309 8.894173 0.876800 -0.001475 -0.007609 1.894017 22.950010
0.102758 9.081000 0.877644 -0.001857 -0.006627 1.995483 23.369976
0.020865 9.263472 0.878531 -0.001445 -0.005672 1.992531 23.769999
-0.072377 9.441305 0.879103 -0.001525 -0.004502 2.095501 24.190010
-0.175105 9.613984 0.879434 -0.001377 -0.003419 2.179937 24.609982
-0.294954 9.780300 0.879603 -0.001013 -0.002559 2.193315 25.019970
-0.411586 9.942798 0.879698 -0.000698 -0.001784 2.193410 25.420002
-0.521010 10.114548 0.880009 -0.000134 -0.000875 1.933611 25.990002
-0.576189 10.307096 0.880124 -0.000051 -0.000441 1.812816 26.399984
-0.611052 10.504850 0.880007 -0.000041 -0.000152 1.710393 26.820057
-0.635235 10.707307 0.879810 -0.000067 0.000073 1.614018 27.240011
-0.637796 10.911162 0.879761 -0.000161 0.000362 1.508394 27.661100
-0.625603 11.115791 0.879864 -0.000168 0.000531 1.513216 28.070675
-0.613814 11.320448 0.880162 -0.000199 0.000689 1.513276 28.919971
-0.602030 11.525101 0.880174 -0.000228 0.000732 1.513276 29.329973
-0.590246 11.729753 0.879941 -0.000226 0.000710 1.513276 29.740063
-0.578462 11.934406 0.879317 -0.000211 0.000699 1.513276 30.149990
-0.568176 12.138110 0.878639 -0.000223 0.000628 1.577476 30.570009
-0.575177 12.342989 0.878181 -0.000268 0.000505 1.605204 30.979973
-0.582116 12.542879 0.877635 -0.000303 0.000178 1.605529 31.959974
-0.589063 12.742769 0.877687 -0.000362 0.000043 1.605529 32.359997
-0.596010 12.942659 0.877917 -0.000433 -0.000166 1.605529 32.759964
-0.602957 13.142550 0.878117 -0.000458 -0.000410 1.605529 33.159996
-0.609903 13.342440 0.878279 -0.000414 -0.000673 1.605529 33.560043
-0.616849 13.542330 0.878490 -0.000383 -0.000838 1.605529 33.959991
-0.623012 13.747217 0.878980 -0.000513 -0.000862 1.598772 34.990051
-0.628745 13.952105 0.879238 -0.000600 -0.000783 1.598772 35.400017
-0.634479 14.156992 0.879477 -0.000682 -0.000689 1.598772 35.809967
-0.640212 14.361879 0.879691 -0.000754 -0.000601 1.598772 36.219971
-0.641634 14.565750 0.879928 -0.000752 -0.000579 1.506717 36.639996
-0.627555 14.770263 0.880060 -0.000796 -0.000526 1.503266 37.049965
-0.613717 14.974778 0.880378 -0.000886 -0.000325 1.503238 38.039986
-0.599881 15.179275 0.880574 -0.000907 -0.000299 1.503238 38.450054
-0.586044 15.383771 0.880788 -0.000932 -0.000364 1.503238 38.860100
-0.572207 15.588267 0.880863 -0.000889 -0.000317 1.503238 39.270008
-0.575968 15.789139 0.880785 -0.000780 -0.000151 1.602778 39.689968
-0.582700 15.994026 0.880804 -0.000628 -0.000077 1.603759 40.099968
-0.438276 16.136683 0.880804 -0.000190 -0.000237 0.433481 41.860657
-0.246853 16.199953 0.880699 -0.000151 -0.000060 0.224061 42.279968
-0.047919 16.228172 0.880559 -0.000137 0.000312 0.127089 42.689987
0.152810 16.236864 0.880304 -0.000158 0.000690 0.023704 43.109970
0.356574 16.227942 0.879871 -0.000221 0.001092 -0.051665 43.520012
0.561296 16.217291 0.879361 -0.000238 0.001443 -0.052151 43.969990
0.766017 16.206656 0.878854 -0.000240 0.001624 -0.052198 44.379993
0.970738 16.196020 0.878381 -0.000242 0.001698 -0.052255 44.790012
1.170466 16.185570 0.877951 -0.000218 0.001640 -0.052282 45.189999
1.370194 16.175119 0.877686 -0.000169 0.001428 -0.052282 45.590034
1.566749 16.213535 0.877645 0.000395 0.000872 0.424733 46.271004
1.739415 16.317631 0.877714 0.000470 0.000563 0.632704 46.689972
1.905475 16.437811 0.877790 0.000376 0.000397 0.625513 47.099995
2.065470 16.564009 0.877947 0.000338 0.000182 0.733421 47.520027
2.218503 16.700409 0.878122 0.000227 0.000027 0.727380 47.930035
2.371621 16.836655 0.878208 0.000149 -0.000078 0.727363 48.339996
2.521004 16.969671 0.878066 0.000100 -0.000119 0.727364 48.739990
2.674123 17.105976 0.877855 0.000001 -0.000115 0.727362 49.149979
2.827241 17.242277 0.877603 -0.000150 -0.000109 0.727360 49.560001
2.977373 17.375887 0.877328 -0.000240 -0.000035 0.727358 49.979992
3.130491 17.512184 0.877181 -0.000314 0.000054 0.727359 50.389996
3.283609 17.648489 0.877129 -0.000373 0.000122 0.727360 50.799999
3.436727 17.784790 0.877110 -0.000442 0.000166 0.727357 51.209991
3.586394 17.923250 0.877098 -0.000457 0.000279 0.820736 51.629993
3.720670 18.071482 0.877101 -0.000407 0.000341 0.833330 52.029987
3.858500 18.223192 0.877032 -0.000262 0.000346 0.833441 52.439995
3.996330 18.374903 0.877034 -0.000074 0.000277 0.833471 52.850002
4.134160 18.526613 0.877069 0.000098 0.000194 0.833504 53.260078
4.271989 18.678324 0.877029 0.000340 0.000061 0.833544 53.670685
4.409796 18.830034 0.877134 0.000447 0.000010 0.833576 54.079998
4.547586 18.981745 0.877218 0.000555 -0.000048 0.833602 54.489975
4.685377 19.133455 0.877195 0.000624 -0.000084 0.833631 54.899998
4.822853 19.284779 0.877177 0.000650 -0.000128 0.825340 55.309994
4.970889 19.421398 0.877173 0.000655 -0.000103 0.737421 55.730007
5.098323 19.581474 0.877214 0.000472 -0.000411 1.195997 56.420013
5.156079 19.773823 0.877213 0.000348 -0.000415 1.308633 56.829975
5.208051 19.966999 0.877333 0.000269 -0.000315 1.308028 57.229988
5.260007 20.160175 0.877334 0.000252 -0.000237 1.308019 57.629978
5.299519 20.362188 0.877205 0.000257 -0.000247 1.404195 58.060257
5.332672 20.559469 0.877048 0.000230 -0.000214 1.404371 58.460098
5.372819 20.759346 0.877013 0.000021 -0.000030 1.294498 58.879986
5.450126 20.944490 0.877145 -0.000093 0.000075 1.074423 59.299992
5.566115 21.110682 0.877378 -0.000167 0.000104 0.887039 59.720020
5.694783 21.270262 0.877615 -0.000180 0.000123 0.892943 60.130016
5.830539 21.422232 0.877811 -0.000186 0.000106 0.781213 60.550018
5.975335 21.567341 0.877911 -0.000190 0.000121 0.786913 60.959972
6.120066 21.712482 0.877896 -0.000184 0.000136 0.786967 61.369972
6.260589 21.857376 0.877809 -0.000131 0.000190 0.940103 61.809967
6.353076 22.037628 0.877699 -0.000010 0.000143 1.185826 62.300003
6.422742 22.229153 0.877773 0.000140 0.000054 1.292298 62.719978
6.479871 22.423956 0.877816 0.000318 -0.000037 1.308563 63.129974
6.519440 22.623041 0.877840 0.000460 -0.000183 1.379613 63.549988
6.556697 22.823593 0.877737 0.000537 -0.000282 1.445941 63.970032
6.575220 23.027735 0.877425 0.000558 -0.000334 1.481586 64.379967
6.592999 23.227015 0.877130 0.000618 -0.000331 1.481792 64.779938
6.610776 23.426294 0.876942 0.000715 -0.000336 1.481787 65.179993
6.617227 23.627039 0.876967 0.000776 -0.000451 1.579945 65.599998
6.615762 23.827082 0.877173 0.000925 -0.000529 1.578163 66.000000
6.614282 24.027124 0.877453 0.001080 -0.000636 1.578141 66.400009
6.612813 24.227167 0.877632 0.001233 -0.000679 1.578142 66.799965
6.611343 24.427202 0.877520 0.001409 -0.000689 1.578138 67.220039
6.704220 24.606237 0.876986 0.002072 0.000221 0.959401 68.470711
6.821320 24.774488 0.876764 0.002467 0.000091 0.964296 68.879997
6.940996 24.935768 0.876567 0.002843 0.000308 0.853173 69.299973
7.074453 25.091372 0.876441 0.003153 0.000277 0.863253 69.709969
7.207098 25.246328 0.876422 0.003326 0.000370 0.846984 70.119972
7.352013 25.386986 0.876398 0.003352 0.000773 0.763466 70.540024
7.496856 25.528421 0.876385 0.003449 0.000482 0.892531 70.969986
7.594623 25.706348 0.876383 0.003481 -0.000328 1.170563 71.479988
7.651077 25.899929 0.876406 0.003485 -0.000975 1.379843 71.900032
7.691722 26.100840 0.876499 0.003738 -0.000896 1.369749 72.309998
7.731765 26.298784 0.876657 0.003903 -0.000926 1.402586 72.719978
7.752557 26.499683 0.876815 0.003755 -0.001128 1.475174 73.129974
7.771564 26.698811 0.876986 0.003810 -0.001049 1.475703 73.529976
7.790562 26.897938 0.877152 0.003962 -0.000954 1.475713 73.929970
7.809441 27.099081 0.877319 0.004124 -0.000942 1.509207 74.339973
7.810008 27.303099 0.877586 0.004266 -0.001083 1.571797 74.759972
7.809749 27.503141 0.877920 0.004572 -0.000985 1.572058 75.159973
7.809482 27.703184 0.878301 0.004838 -0.000907 1.572046 75.559982
7.809232 27.903227 0.878514 0.005089 -0.000847 1.572036 75.959999
7.808975 28.103247 0.878158 0.005442 -0.000750 1.572033 76.899971
7.808725 28.303289 0.877814 0.005558 -0.000713 1.572032 77.299973
7.808477 28.503332 0.877546 0.005570 -0.000636 1.572032 77.700035
7.808230 28.703375 0.877628 0.005465 -0.000444 1.572033 78.099953
7.807984 28.903418 0.877878 0.005234 -0.000236 1.572032 78.499985
7.807737 29.103460 0.878236 0.004909 -0.000042 1.572031 78.899979
7.807483 29.303480 0.878782 0.004141 0.000350 1.572040 80.119965
7.807230 29.503523 0.878701 0.003886 0.000436 1.572039 80.519974
7.806982 29.703566 0.878492 0.003565 0.000463 1.572039 80.919968
7.806735 29.903608 0.878412 0.003152 0.000392 1.572039 81.319992
7.806487 30.103651 0.878666 0.002657 0.000254 1.572039 81.720001
7.806238 30.303694 0.879052 0.002141 0.000097 1.572040 82.119995
7.805993 30.503714 0.879618 0.001282 -0.000131 1.572030 82.919983
7.805756 30.703756 0.879773 0.001014 -0.000191 1.572035 83.319984
7.805509 30.903799 0.879927 0.000818 -0.000225 1.572035 83.719971
7.805259 31.103842 0.880074 0.000718 -0.000260 1.572037 84.119965
7.805009 31.303885 0.880170 0.000618 -0.000286 1.572036 84.519966
7.804769 31.503927 0.880210 0.000475 -0.000224 1.572033 84.919998
7.728101 31.689251 0.880152 0.000067 -0.000136 2.732061 86.799973
7.536120 31.750847 0.880029 0.000066 -0.000069 2.938808 87.219971
7.338167 31.785246 0.879957 0.000086 0.000144 3.042340 87.640015
7.138931 31.802721 0.879908 0.000133 0.000434 3.052327 88.039993
6.934539 31.817636 0.879720 0.000228 0.000679 3.127522 88.449997
6.734652 31.834982 0.879361 -0.000082 0.000990 2.742026 89.060127
6.560663 31.934942 0.878998 -0.000355 0.001010 2.533131 89.510040
6.394123 32.049229 0.878664 -0.000399 0.000946 2.509949 89.919983
6.238837 32.178352 0.878259 -0.000360 0.000731 2.441428 90.329971
6.082115 32.310417 0.877907 0.000032 0.000361 2.440983 90.740005
5.929132 32.439941 0.877654 0.000390 0.000058 2.399891 91.149979
5.788556 32.582863 0.877595 0.000820 -0.000151 2.345320 91.559998
5.626529 32.705116 0.877880 0.001106 -0.000732 2.658617 92.089981
5.441360 32.784428 0.878062 0.001274 -0.001019 2.749047 92.500000
5.249854 32.854076 0.878247 0.001251 -0.001223 2.864065 92.920006
5.051732 32.901810 0.878396 0.001258 -0.001395 2.968435 93.339989
4.850020 32.938316 0.878458 0.001297 -0.001267 2.961902 93.749969
4.649100 32.973362 0.878511 0.001262 -0.001091 3.024228 94.170021
4.444880 32.991173 0.878511 0.001224 -0.001134 3.055917 94.579971
4.242614 33.008507 0.878511 0.001224 -0.001134 3.056169 94.989967
4.039188 33.022934 0.878511 0.001125 -0.001232 -3.141562 95.410034
3.834224 33.019417 0.878511 0.001103 -0.001252 -3.125481 95.820015
3.629259 33.015976 0.878511 0.001103 -0.001252 -3.125449 96.230034
3.424293 33.012550 0.878523 0.001035 -0.000594 -3.125580 96.640015
3.219327 33.009266 0.878381 0.000988 -0.000199 -3.125621 97.049995
3.093687 33.170361 0.877743 -0.000047 0.000955 1.833215 99.030045
3.057999 33.367989 0.877814 -0.000202 0.001043 1.719115 99.439987
3.027568 33.570686 0.877850 -0.000240 0.001029 1.719623 99.849983
3.012499 33.770996 0.877949 -0.000310 0.000739 1.623738 100.270676
3.001715 33.975571 0.877982 -0.000308 0.000605 1.623313 100.680000
3.064045 34.168327 0.878236 -0.000324 -0.000201 0.943706 101.729965
3.192431 34.327469 0.878118 -0.000255 -0.000353 0.887116 102.140007
3.318821 34.482498 0.878092 -0.000216 -0.000369 0.886686 102.539970
3.445221 34.637527 0.878133 -0.000193 -0.000371 0.886665 102.939980
3.582190 34.788445 0.878210 -0.000130 -0.000327 0.781305 103.359962
3.727263 34.933239 0.878382 -0.000170 -0.000006 0.784808 103.769974
3.872307 35.078068 0.878533 -0.000046 0.000106 0.784853 104.179993
4.017336 35.222897 0.878590 0.000276 -0.000019 0.784896 104.589989
4.181480 35.339539 0.878580 0.000552 0.000214 0.423746 105.139969
4.377225 35.382446 0.878436 0.000484 0.000488 0.104133 105.649971
4.578775 35.402023 0.878157 0.000512 0.000556 0.098740 106.055008
4.782085 35.406261 0.877786 0.000468 0.000654 -0.001433 106.479996
4.982090 35.405956 0.877284 0.000446 0.000745 -0.001905 106.880859
5.182095 35.405651 0.877000 0.000325 0.000780 -0.002038 107.280006
5.316845 35.559025 0.876430 0.000690 0.000153 1.259140 109.169991
5.371060 35.753048 0.876362 0.000789 -0.000074 1.360031 109.590004
5.404844 35.953663 0.876507 0.000941 -0.000309 1.474468 110.009979
5.416316 36.157261 0.876678 0.000982 -0.000435 1.584147 110.430008
5.424985 36.357891 0.876662 0.000992 0.000059 1.201236 111.070023
5.521130 36.535175 0.876442 0.000967 0.000330 1.004344 111.529976
5.628982 36.705986 0.876146 0.000975 0.000360 0.976120 111.939995
5.752990 36.867950 0.876267 0.000952 0.000446 0.913571 112.359970
5.875210 37.026337 0.876559 0.000746 0.000258 0.913262 112.760002
6.009103 37.179970 0.876817 0.000514 0.000106 0.803708 113.179977
6.150884 37.328003 0.876894 0.000447 0.000030 0.807150 113.589981
6.191406 37.527565 0.876887 -0.000268 -0.000436 1.881177 114.749992
6.120201 37.719799 0.877039 -0.000306 -0.000389 1.928938 115.159981
6.039753 37.903793 0.877230 -0.000184 -0.000360 2.036122 115.579964
5.950562 38.082878 0.877465 -0.000056 -0.000325 2.032946 115.979988
5.861374 38.262016 0.877946 0.000062 -0.000298 2.032952 116.379967
5.761761 38.436413 0.878137 0.000053 -0.000358 2.131133 116.799995
5.655772 38.606071 0.878089 0.000049 -0.000465 2.129367 117.199966
5.549762 38.775749 0.877841 -0.000005 -0.000501 2.129385 117.599998
5.456836 38.954674 0.877532 0.000046 -0.000511 1.939999 118.029984
5.404700 39.149429 0.877401 0.000122 -0.000537 1.729116 118.449989
5.378407 39.348572 0.877461 0.000136 -0.000616 1.626022 118.870026
5.366257 39.553146 0.877705 0.000071 -0.000655 1.631888 119.280693
5.370822 39.754028 0.877882 0.000094 -0.000631 1.531764 119.699966
5.378773 39.953918 0.878136 0.000029 -0.000605 1.530892 120.099968
5.386950 40.158730 0.878483 -0.000061 -0.000577 1.530885 121.009964
5.394923 40.358620 0.878560 -0.000136 -0.000555 1.530875 121.409988
5.402896 40.558510 0.878702 -0.000267 -0.000527 1.530865 121.809990
5.410869 40.758400 0.878935 -0.000358 -0.000578 1.530852 122.209984
5.418841 40.958290 0.879185 -0.000407 -0.000595 1.530837 122.609993
5.424758 41.163177 0.879404 -0.000440 -0.000605 1.586162 123.019997
5.387876 41.360142 0.879637 -0.000631 -0.000256 1.927655 124.150002
5.299115 41.541206 0.879594 -0.000723 -0.000008 2.137309 124.570000
5.182134 41.709526 0.879473 -0.000795 0.000102 2.181158 124.979988
5.057831 41.867229 0.879280 -0.000826 0.000315 2.279604 125.400002
4.917984 42.011326 0.879071 -0.000854 0.000608 2.379939 125.819969
4.769853 42.153019 0.878763 -0.000964 0.000836 2.378501 126.230034
4.612035 42.282017 0.878403 -0.000962 0.001147 2.484675 126.650047
4.461196 42.419178 0.877951 -0.001216 0.001241 2.383034 127.071297
4.316066 42.556812 0.877825 -0.001236 0.001244 2.382706 127.470016
4.170955 42.694447 0.877488 -0.001179 0.001034 2.382720 127.870705
4.025844 42.832081 0.877385 -0.001127 0.000916 2.382735 128.270096
3.880717 42.969715 0.877243 -0.000978 0.000670 2.382747 128.670090
3.731959 43.110790 0.877155 -0.000809 0.000514 2.382758 129.079987
3.586829 43.248425 0.877143 -0.000483 0.000292 2.382770 129.481277
3.441699 43.386059 0.877203 -0.000232 0.000083 2.382783 129.880722
3.296568 43.523693 0.877359 0.000019 -0.000127 2.382800 130.280670
3.151438 43.661327 0.877414 0.000134 -0.000199 2.382837 130.680054
3.004117 43.801029 0.877556 0.000372 -0.000270 2.382856 131.089981
2.858968 43.938663 0.877693 0.000430 -0.000273 2.382874 131.490616
2.713819 44.076298 0.877881 0.000470 -0.000262 2.382894 131.890015
2.568669 44.213932 0.878041 0.000498 -0.000258 2.382919 132.290009
2.423520 44.351566 0.878108 0.000470 -0.000230 2.382949 132.690002
2.278371 44.489201 0.878157 0.000391 -0.000164 2.382981 133.089981
2.133206 44.626835 0.878207 0.000344 -0.000113 2.383015 133.490021
1.988038 44.764469 0.878245 0.000313 -0.000056 2.383052 133.889999
1.842868 44.902103 0.878237 0.000279 -0.000015 2.383096 134.290009
1.697690 45.039738 0.878181 0.000238 0.000032 2.383140 134.689972
1.552507 45.177372 0.878102 0.000171 0.000087 2.383186 135.090027
1.407318 45.315006 0.878006 0.000131 0.000113 2.383240 135.489990
1.262120 45.452641 0.877950 0.000095 0.000109 2.383301 135.890015
1.116914 45.590275 0.877944 0.000062 0.000099 2.383366 136.289978
0.983030 45.740078 0.877966 0.000041 0.000076 2.288002 136.710007
0.848353 45.894604 0.878015 0.000035 0.000048 2.287493 137.120010
0.715006 46.047626 0.878048 0.000043 0.000023 2.287447 137.529999
0.641457 46.237667 0.878154 0.000106 0.000063 1.754840 138.419983
0.607605 46.439823 0.878214 0.000185 0.000128 1.738053 138.830017
0.588403 46.639698 0.878342 0.000182 0.000152 1.636788 139.250015
0.575062 46.839283 0.878326 0.000154 0.000137 1.637352 139.650009
0.576705 47.040142 0.878136 0.000164 0.000143 1.539100 140.070007
0.583037 47.240055 0.878035 0.000335 0.000339 1.538932 140.500015
0.589408 47.439999 0.878286 0.000465 0.000506 1.538931 141.169968
0.595938 47.644886 0.878471 0.000529 0.000612 1.538931 141.580032
0.602468 47.849773 0.878457 0.000505 0.000597 1.538931 141.989975
0.608998 48.054661 0.878408 0.000388 0.000465 1.538931 142.400024
0.615527 48.259548 0.878036 0.000183 0.000233 1.538931 142.809998
0.626047 48.461994 0.876610 -0.000316 -0.000455 1.334031 143.930038
0.708190 48.646988 0.876334 -0.000182 -0.000768 0.979390 144.459976
0.833398 48.804028 0.876425 -0.000085 -0.000996 0.870290 144.869980
0.965529 48.960743 0.876846 -0.000039 -0.001159 0.870156 145.280045
1.094474 49.113636 0.877389 0.000001 -0.001238 0.870149 145.680008
1.228794 49.262936 0.877932 0.000168 -0.001288 0.758994 146.100006
1.372999 49.401543 0.877962 0.000172 -0.001240 0.766825 146.500000
1.505835 49.556057 0.878245 -0.000139 -0.001177 1.053421 147.029999
1.586502 49.740799 0.878703 -0.000292 -0.001055 1.264558 147.449982
1.645394 49.931953 0.879284 -0.000166 -0.000930 1.269858 147.850052
1.689957 50.127792 0.879722 -0.000095 -0.000772 1.373278 148.269974
1.729216 50.324020 0.879997 -0.000004 -0.000732 1.373356 148.669998
1.762849 50.522095 0.880013 -0.000019 -0.000663 1.481056 149.090027
1.780675 50.721375 0.879729 0.000312 -0.000234 1.479840 149.491211
1.798940 50.921616 0.879537 0.000630 0.000096 1.479779 149.910019
1.817389 51.124886 0.879379 0.000935 0.000413 1.496110 150.319992
1.817028 51.326759 0.879216 0.001238 0.000586 1.579630 150.739975
1.815083 51.531647 0.879055 0.001508 0.000686 1.580358 151.150009
1.813118 51.736534 0.878952 0.001677 0.000671 1.580357 151.560028
1.811159 51.941422 0.878762 0.001817 0.000590 1.580357 151.970016
1.809204 52.146385 0.878167 0.002020 0.000293 1.580356 153.000000
1.807247 52.351273 0.877868 0.002036 0.000130 1.580356 153.410004
1.805289 52.556160 0.877660 0.002020 -0.000078 1.580357 153.819992
1.803330 52.761047 0.877723 0.001965 -0.000249 1.580356 154.229996
1.801372 52.965935 0.877930 0.001867 -0.000394 1.580357 154.640015
1.799413 53.170822 0.878220 0.001762 -0.000485 1.580358 155.049973
1.797453 53.375786 0.878654 0.001523 -0.000478 1.580357 156.060013
1.795493 53.580673 0.878660 0.001453 -0.000438 1.580356 156.469971
1.793534 53.785561 0.878616 0.001283 -0.000387 1.580356 156.880814
1.791575 53.990448 0.878933 0.001119 -0.000298 1.580356 157.290604
1.789617 54.195335 0.879369 0.000946 -0.000198 1.580356 157.700012
1.787663 54.399727 0.879732 0.000782 -0.000095 1.580355 158.110001
1.785750 54.600189 0.880120 0.000544 0.000032 1.580357 159.110001
1.783791 54.805077 0.880200 0.000485 0.000004 1.580358 159.520020
1.781833 55.009964 0.880279 0.000449 -0.000053 1.580358 159.929977
1.779875 55.214851 0.880380 0.000423 -0.000094 1.580358 160.339996
1.777916 55.419739 0.880429 0.000338 -0.000068 1.580357 160.750061
1.776156 55.621643 0.880334 0.000229 -0.000002 1.573196 161.169998
1.775672 55.824593 0.880151 0.000066 0.000104 1.573197 162.159988
1.775183 56.029480 0.880092 -0.000001 0.000128 1.573201 162.570007
1.774692 56.234367 0.880099 -0.000065 0.000110 1.573204 162.979996
1.774199 56.439255 0.880171 -0.000126 0.000079 1.573205 163.389969
1.773706 56.644142 0.880180 -0.000172 0.000025 1.573204 163.799973
1.773858 56.844559 0.880271 -0.000192 -0.000032 1.558051 164.250000
1.776462 57.048996 0.880484 -0.000204 -0.000214 1.558051 165.190002
1.779072 57.253883 0.880599 -0.000181 -0.000274 1.558051 165.599976
1.781682 57.458771 0.880593 -0.000167 -0.000249 1.558051 166.009979
1.784292 57.663658 0.880606 -0.000162 -0.000179 1.558051 166.419968
1.786902 57.868546 0.880584 -0.000165 -0.000088 1.558051 166.830002
1.789462 58.069496 0.880979 -0.000175 0.000061 1.558048 167.820038
1.792060 58.273399 0.881086 -0.000168 0.000075 1.558048 168.240021
1.794670 58.478287 0.881134 -0.000157 0.000050 1.558047 168.650024
1.797280 58.683174 0.880964 -0.000123 -0.000054 1.558046 169.059982
1.799890 58.888062 0.880857 -0.000039 -0.000313 1.558044 169.469971
1.802500 59.092949 0.880822 0.000245 -0.000772 1.558040 169.880035
1.805113 59.297913 0.881037 0.001128 -0.001701 1.558043 170.910004
1.807725 59.502800 0.880990 0.001487 -0.001899 1.558040 171.319977
1.810338 59.707687 0.880892 0.001929 -0.002066 1.558040 171.730011
1.812951 59.912575 0.880882 0.002419 -0.002158 1.558040 172.139969
1.815565 60.117462 0.880976 0.002856 -0.002140 1.558040 172.550003
1.818178 60.322350 0.881045 0.002999 -0.001973 1.558040 172.959961
1.820790 60.527313 0.880823 0.002796 -0.001639 1.558043 173.949997
1.823403 60.732201 0.880746 0.002913 -0.001551 1.558041 174.359985
1.826016 60.937088 0.880728 0.003139 -0.001384 1.558040 174.769974
1.828629 61.141975 0.880820 0.003359 -0.001147 1.558040 175.179962
1.831242 61.346863 0.880953 0.003596 -0.000801 1.558041 175.589996
1.832628 61.551750 0.880920 0.003735 -0.000473 1.601499 175.999969
1.821311 61.756424 0.880498 0.003894 0.000428 1.629956 177.030090
1.809189 61.960999 0.880402 0.003944 0.000791 1.629951 177.440002
1.797068 62.165573 0.880381 0.004140 0.001095 1.629945 177.850006
1.784947 62.370148 0.880421 0.004041 0.001331 1.629938 178.259979
1.777214 62.573837 0.880411 0.003615 0.001763 1.536917 178.680069
1.783896 62.773727 0.880316 0.003303 0.001743 1.538691 179.080017
1.790322 62.973694 0.880170 0.002625 0.001666 1.538671 180.060028
1.796910 63.178581 0.880181 0.002435 0.001607 1.538676 180.470016
1.803495 63.383469 0.880175 0.002216 0.001490 1.538677 180.880020
1.810078 63.588356 0.880148 0.001935 0.001349 1.538677 181.289978
1.816661 63.793243 0.880107 0.001373 0.001030 1.538677 181.699997
1.823245 63.998131 0.880104 0.000888 0.000844 1.538678 182.110001
1.829670 64.198265 0.880169 -0.000235 0.000482 1.538673 183.091019
1.836097 64.398460 0.880154 -0.000686 0.000283 1.538667 183.489990
1.842525 64.598656 0.880140 -0.000807 0.000187 1.538661 183.890030
1.848953 64.798851 0.880200 -0.000866 0.000040 1.538655 184.290009
1.839643 64.999550 0.880184 -0.000670 -0.000053 1.634308 184.710007
1.826520 65.204124 0.880191 -0.000606 -0.000056 1.634945 185.119995
1.813701 65.403740 0.880167 -0.000538 -0.000031 1.634948 186.100006
1.800562 65.608315 0.880136 -0.000531 -0.000001 1.634952 186.509995
1.787419 65.812889 0.880143 -0.000551 0.000007 1.634952 186.920013
1.774588 66.015480 0.880343 -0.000579 -0.000031 1.610037 187.330048
1.780699 66.218185 0.880365 -0.000608 -0.000056 1.535808 187.750000
1.787890 66.419800 0.880248 -0.000636 0.000001 1.535141 188.160004
1.795127 66.622437 0.879922 -0.000652 0.000050 1.535148 189.139969
1.802429 66.827011 0.879969 -0.000641 0.000012 1.535153 189.549973
1.809731 67.031586 0.880197 -0.000628 -0.000075 1.535160 189.959976
1.817033 67.236160 0.880418 -0.000616 -0.000191 1.535168 190.369995
1.824335 67.440735 0.880441 -0.000596 -0.000251 1.535179 190.779999
1.824545 67.641167 0.880417 -0.000588 -0.000232 1.607110 191.229980
1.817123 67.845284 0.880339 -0.000602 -0.000273 1.607106 192.209961
1.809684 68.049858 0.880536 -0.000592 -0.000232 1.607099 192.619995
1.802245 68.254433 0.880725 -0.000565 -0.000176 1.607091 193.029968
1.794807 68.459007 0.880787 -0.000559 -0.000163 1.607081 193.440063
1.787368 68.663582 0.880667 -0.000535 -0.000185 1.607066 193.850021
1.781047 68.864365 0.880394 -0.000548 -0.000343 1.592726 194.840012
1.776572 69.068527 0.880441 -0.000546 -0.000340 1.592729 195.259995
1.772185 69.268723 0.880561 -0.000541 -0.000259 1.592733 195.660004
1.767799 69.468918 0.880603 -0.000538 -0.000156 1.592739 196.059998
1.763412 69.669113 0.880717 -0.000536 -0.000094 1.592746 196.459976
1.762736 69.869202 0.880802 -0.000524 -0.000148 1.515980 196.859970
1.774619 70.071808 0.881238 -0.000509 -0.000120 1.513855 197.840012
1.786110 70.273392 0.881275 -0.000526 -0.000074 1.513855 198.249969
1.797772 70.477966 0.881189 -0.000518 -0.000022 1.513855 198.660019
1.809434 70.682541 0.881009 -0.000498 0.000030 1.513855 199.069992
1.821096 70.887115 0.881044 -0.000470 0.000036 1.513855 199.480209
1.827921 71.091927 0.881217 -0.000421 0.000069 1.595719 199.890564
1.823458 71.292061 0.881269 -0.000411 0.000175 1.591736 200.890900
1.819271 71.492256 0.881185 -0.000400 0.000191 1.591743 201.289993
1.815085 71.692451 0.880998 -0.000375 0.000167 1.591749 201.690018
1.810896 71.892647 0.880831 -0.000373 0.000071 1.591757 202.090530
1.806700 72.092842 0.880924 -0.000377 0.000001 1.591757 202.490524
1.802504 72.293037 0.881024 -0.000424 0.000002 1.591757 202.890930
1.798308 72.493172 0.880826 -0.000498 -0.000085 1.591757 203.909973
1.794111 72.693367 0.880742 -0.000513 -0.000122 1.591757 204.309998
1.789915 72.893562 0.880786 -0.000522 -0.000212 1.591757 204.709991
1.785719 73.093758 0.881040 -0.000527 -0.000254 1.591757 205.109970
1.781523 73.293953 0.881247 -0.000548 -0.000273 1.591757 205.510010
1.777327 73.494148 0.881201 -0.000542 -0.000234 1.591757 205.910049
1.773131 73.694283 0.880869 -0.000508 -0.000187 1.591758 206.910080
1.768934 73.894478 0.880881 -0.000520 -0.000158 1.591758 207.309998
1.764738 74.094673 0.881028 -0.000531 -0.000095 1.591758 207.710007
1.760542 74.294868 0.881157 -0.000537 0.000010 1.591758 208.110016
1.756353 74.499062 0.881104 -0.000527 0.000078 1.575577 208.520004
1.769889 74.698692 0.880972 -0.000512 0.000095 1.493708 208.929977
1.760975 74.901413 0.881017 -0.000339 0.000352 1.987204 210.220016
1.664515 75.077538 0.881037 -0.000298 0.000441 2.107735 210.629990
1.548351 75.245056 0.880995 -0.000324 0.000495 2.209035 211.050018
1.423118 75.405807 0.880810 -0.000441 0.000681 2.308790 211.470001
1.284733 75.556999 0.880595 -0.000671 0.000863 2.310156 211.879990
1.146606 75.708397 0.880353 -0.000904 0.001007 2.310101 212.290024
0.997239 75.846451 0.879759 -0.001064 0.001245 2.395698 212.710007
0.885214 76.016464 0.879382 -0.001644 0.000834 2.025144 213.229965
0.812955 76.203850 0.879114 -0.001924 0.000650 1.906339 213.639999
0.760319 76.400703 0.878838 -0.002132 0.000436 1.800669 214.059967
0.714545 76.595406 0.878570 -0.002211 0.000450 1.801565 214.460007
0.673195 76.795036 0.878346 -0.002285 0.000200 1.697723 214.880005
0.647171 76.998360 0.878121 -0.002241 0.000205 1.699681 215.290039
0.620948 77.200676 0.877888 -0.002121 0.000284 1.699714 215.700027
0.543974 77.387482 0.877764 -0.001768 0.001088 2.086618 216.250000
0.430505 77.553177 0.877646 -0.001525 0.001242 2.197463 216.659973
0.306678 77.715149 0.877555 -0.001251 0.001300 2.301032 217.079987
0.169989 77.868042 0.877509 -0.001099 0.001223 2.299133 217.490021
0.036850 78.017578 0.877400 -0.000816 0.001067 2.299297 217.891098
-0.111424 78.157555 0.877437 -0.000465 0.000995 2.400623 218.310028
-0.262735 78.295815 0.877524 -0.000231 0.000761 2.401114 218.719971
-0.414054 78.434074 0.877621 0.000027 0.000471 2.401087 219.129990
-0.565369 78.572334 0.877635 0.000283 0.000192 2.401060 219.540009
-0.716679 78.710594 0.877576 0.000499 0.000017 2.401024 219.950027
-0.867984 78.848854 0.877564 0.000713 -0.000111 2.400987 220.359970
-1.019283 78.987114 0.877715 0.000877 -0.000185 2.400946 220.769958
-1.170576 79.125374 0.877898 0.001037 -0.000242 2.400903 221.179962
-1.321863 79.263634 0.878066 0.001185 -0.000291 2.400854 221.590042
-1.463646 79.409996 0.878201 0.001295 -0.000187 2.296931 222.010025
-1.596779 79.559303 0.878226 0.001280 -0.000156 2.299241 222.410019
-1.693520 79.736366 0.878181 0.000751 0.000952 1.309070 223.600037
-1.605510 79.920853 0.878166 0.000373 0.000998 0.972768 224.119965
-1.479358 80.077271 0.878005 0.000293 0.000827 0.881064 224.529968
-1.351965 80.231689 0.877610 0.000301 0.000790 0.880060 224.929962
-1.221915 80.389130 0.877294 0.000219 0.000778 0.863559 225.339966
-1.079817 80.532593 0.877284 0.000032 0.000611 0.783919 225.759964
-0.934608 80.677109 0.877362 -0.000135 0.000328 0.783684 226.169968
-0.789414 80.821625 0.877448 -0.000258 -0.000061 0.783850 226.580002
-0.625574 80.943848 0.877107 -0.000175 -0.000762 0.489375 227.119980
-0.435819 81.016228 0.876831 0.000127 -0.001147 0.252109 227.549973
-0.237966 81.046745 0.876866 0.000371 -0.001357 0.082555 227.959991
-0.038225 81.064026 0.877308 0.000359 -0.001474 0.048403 228.369980
0.162661 81.052315 0.877941 0.000544 -0.001469 -0.111572 228.790039
0.366456 81.030296 0.878457 0.000447 -0.001429 -0.108456 229.200012
0.565278 81.008537 0.878987 0.000294 -0.001159 -0.108556 230.020050
0.768924 81.000725 0.879144 0.000159 -0.001035 -0.001167 230.440063
0.968924 81.000122 0.879401 0.000163 -0.000887 -0.002899 230.839996
1.173920 80.999496 0.879698 0.000181 -0.000684 -0.002879 231.249969
1.378914 80.998871 0.879829 0.000098 -0.000430 -0.002843 231.659973
1.583909 80.998245 0.879704 -0.000122 -0.000127 -0.002770 232.069992
1.778239 80.942802 0.878639 -0.000969 0.000257 -0.498076 233.360001
1.950495 80.835472 0.878277 -0.001130 0.000154 -0.616543 233.779984
2.112977 80.710541 0.878182 -0.001193 0.000153 -0.657579 234.190002
2.271558 80.586456 0.878277 -0.001252 0.000183 -0.725435 234.609970
2.420575 80.446487 0.878452 -0.001271 0.000202 -0.754302 235.019974
2.566760 80.304512 0.878422 -0.001248 0.000183 -0.844254 235.440002
2.700261 80.149040 0.878284 -0.001187 0.000235 -0.860623 235.849991
2.833889 79.993744 0.878196 -0.001100 0.000328 -0.860821 236.259979
2.967515 79.838295 0.878174 -0.001000 0.000372 -0.860828 236.670029
3.101142 79.682846 0.878255 -0.000910 0.000487 -0.860831 237.080002
3.234768 79.527382 0.878310 -0.000860 0.000558 -0.860833 237.490021
3.372880 79.377457 0.878312 -0.000676 0.000620 -0.751176 237.910034
3.518137 79.239853 0.878305 -0.000585 0.000678 -0.759082 238.309998
3.663236 79.101974 0.878366 -0.000528 0.000739 -0.758946 238.709991
3.808347 78.964294 0.878423 -0.000506 0.000781 -0.758942 239.109985
3.957086 78.823242 0.878411 -0.000476 0.000779 -0.758945 239.519958
4.150629 78.760666 0.877901 0.000521 0.000589 0.448421 240.829971
4.323718 78.862518 0.877768 0.000632 0.000421 0.564421 241.240021
4.491758 78.972641 0.877694 0.000792 0.000182 0.654565 241.660004
4.649548 79.095581 0.877355 0.000958 0.000097 0.659821 242.059982
4.805583 79.222168 0.877104 0.001127 -0.000000 0.758369 242.479996
4.950852 79.359741 0.877226 0.001252 -0.000131 0.755760 242.880020
5.096413 79.497070 0.877449 0.001360 -0.000289 0.755634 243.279999
5.241988 79.634399 0.877624 0.001429 -0.000493 0.755426 243.680008
5.338826 79.809990 0.877334 0.000838 -0.001494 1.281546 244.370010
5.387762 80.006950 0.877225 0.000625 -0.001619 1.381294 244.789978
5.416502 80.208786 0.877427 0.000428 -0.001635 1.495166 245.219986
5.426265 80.413361 0.877875 0.000419 -0.001538 1.522700 245.630020
5.433567 80.617081 0.878397 0.000536 -0.001697 1.594258 246.039978
5.426556 80.817245 0.878768 0.000895 -0.001924 1.604545 246.449982
5.419654 81.021378 0.879167 0.001605 -0.002118 1.604540 247.169983
5.412734 81.225952 0.879233 0.001806 -0.001922 1.604526 247.580063
5.405813 81.430527 0.879383 0.001954 -0.001545 1.604508 247.990036
5.398892 81.635101 0.879491 0.002064 -0.001082 1.604488 248.399979
5.391983 81.839676 0.879324 0.002209 -0.000793 1.604467 248.809967
5.385234 82.039810 0.878313 0.002425 -0.000759 1.604460 249.709976
5.378364 82.243927 0.877928 0.002586 -0.000894 1.604462 250.199997
5.371478 82.448502 0.877456 0.002952 -0.001153 1.604468 250.609985
5.364580 82.653076 0.877198 0.003451 -0.001528 1.604463 251.019989
5.357698 82.857651 0.877392 0.004058 -0.002049 1.604467 251.429962
5.364722 83.061310 0.877392 0.004242 -0.001636 1.505253 251.849991
5.377732 83.261856 0.877392 0.004241 -0.001640 1.505849 252.839996
5.390961 83.465439 0.877392 0.004241 -0.001640 1.505841 253.259979
5.403931 83.665024 0.877392 0.004241 -0.001639 1.505829 253.659958
5.416901 83.864609 0.877392 0.004241 -0.001639 1.505815 254.060028
5.424729 84.068359 0.877392 0.004051 -0.002063 1.609653 254.479996
5.416971 84.270439 0.877392 0.004053 -0.002061 1.607348 254.884933
5.409643 84.470581 0.877392 0.004053 -0.002061 1.607328 255.859970
5.402274 84.672195 0.877392 0.004053 -0.002061 1.607330 256.269989
5.394799 84.876770 0.877392 0.004053 -0.002061 1.607329 256.679993
5.387325 85.081345 0.877392 0.004053 -0.002061 1.607330 257.090118
5.379851 85.285919 0.877392 0.004053 -0.002061 1.607330 257.500000
5.372373 85.490494 0.877392 0.004053 -0.002061 1.607332 257.909973
5.375882 85.690605 0.877392 0.004184 -0.001778 1.538628 258.909973
5.382329 85.890800 0.877392 0.004184 -0.001778 1.538634 259.309998
5.388776 86.090996 0.877392 0.004184 -0.001778 1.538640 259.709991
5.395223 86.291191 0.877392 0.004184 -0.001778 1.538646 260.109985
5.401665 86.491386 0.877392 0.004184 -0.001778 1.538653 260.510010
5.408107 86.691582 0.877392 0.004184 -0.001778 1.538651 260.910400
5.414542 86.891716 0.877392 0.004184 -0.001778 1.538645 261.910492
5.420988 87.091911 0.877392 0.004184 -0.001778 1.538652 262.309998
5.427423 87.292107 0.877392 0.004184 -0.001778 1.538652 262.709991
5.433862 87.492302 0.877392 0.004184 -0.001778 1.538650 263.109985
5.440295 87.692497 0.877392 0.004184 -0.001778 1.538653 263.509979
5.430197 87.896164 0.877392 0.003994 -0.002172 1.635096 263.929993
5.416926 88.100708 0.877392 0.003993 -0.002174 1.635603 264.899994
5.403968 88.300293 0.877392 0.003993 -0.002174 1.635600 265.300018
5.391016 88.499878 0.877392 0.003993 -0.002174 1.635600 265.700012
5.378063 88.699463 0.877392 0.003993 -0.002174 1.635599 266.100464
5.371470 88.900185 0.877392 0.004207 -0.001724 1.524439 266.519989
5.379096 89.104759 0.877392 0.004190 -0.001764 1.535314 266.929993
5.400155 89.307426 0.877392 0.004498 -0.000664 1.281802 268.049988
5.477313 89.493668 0.877392 0.004538 0.000285 1.072537 268.470001
5.587604 89.661530 0.877392 0.004480 0.000776 0.965506 268.880005
5.716260 89.819695 0.878374 0.005077 0.002786 0.864195 269.300507
5.849379 89.975471 0.878995 0.005757 0.003915 0.863923 269.709991
5.992541 90.116417 0.879371 0.005425 0.005062 0.764327 270.130005
6.145151 90.251595 0.879419 0.004819 0.005826 0.662638 270.550018
6.286744 90.395088 0.879284 0.006247 0.004170 0.964023 271.059998
6.385033 90.576790 0.879046 0.006758 0.002694 1.177294 271.490295
6.446698 90.768005 0.878804 0.006395 0.001852 1.277082 271.900757
6.499431 90.965012 0.878603 0.006125 0.001040 1.387373 272.320007
6.537695 91.161377 0.878372 0.005659 0.000917 1.376718 272.719971
6.569678 91.362785 0.878207 0.005196 0.000227 1.481804 273.140045
6.589366 91.566734 0.878057 0.004638 0.000230 1.473605 273.549988
6.607196 91.766914 0.878063 0.003994 -0.000079 1.546563 274.019989
6.606491 91.967110 0.878169 0.003430 -0.000164 1.573647 274.419983
6.605883 92.167305 0.878390 0.003089 -0.000138 1.573855 274.819977
6.605273 92.367500 0.878575 0.002908 -0.000137 1.573858 275.220001
6.604662 92.567696 0.878667 0.002807 -0.000167 1.573860 275.619995
6.604052 92.767891 0.878678 0.002801 -0.000223 1.573863 276.019989
6.603442 92.968086 0.878504 0.002860 -0.000299 1.573866 276.420013
6.602831 93.168282 0.878186 0.002936 -0.000374 1.573870 276.820068
6.602221 93.368477 0.877861 0.003040 -0.000380 1.573876 277.219971
6.601611 93.568672 0.877775 0.003090 -0.000362 1.573882 277.619995
6.601000 93.768867 0.877895 0.003082 -0.000349 1.573889 278.019989
6.600390 93.969063 0.878120 0.003025 -0.000311 1.573902 278.420013
6.652588 94.163162 0.878755 0.002450 0.001027 1.076277 279.380005
6.757473 94.335747 0.878806 0.001936 0.001042 0.963935 279.799988
6.880069 94.498840 0.878659 0.001560 0.000928 0.925187 280.209991
7.004581 94.660530 0.878367 0.001228 0.000898 0.848412 280.630096
7.143998 94.810760 0.878237 0.000999 0.000833 0.822851 281.040009
7.283091 94.955658 0.878175 0.000767 0.000865 0.731761 281.459991
7.440250 95.079926 0.877962 0.000358 0.001056 0.474800 281.970032
7.629381 95.155602 0.877786 0.000053 0.001107 0.321192 282.390015
7.820763 95.218681 0.877557 -0.000311 0.001013 0.257313 282.809967
8.020192 95.263870 0.877345 -0.000901 0.000729 0.221640 283.220001
8.220153 95.308914 0.877172 -0.001417 0.000495 0.221484 283.630005
8.418533 95.339943 0.877018 -0.001938 0.000105 0.119513 284.049988
8.622016 95.364738 0.876865 -0.002126 -0.000102 0.120927 284.459991
8.821896 95.384720 0.876800 -0.002311 -0.000538 0.022228 284.880005
9.021862 95.388397 0.876945 -0.002619 -0.000721 0.020204 285.279968
9.221828 95.392670 0.877373 -0.003054 -0.000759 0.019937 285.680023
9.421795 95.396721 0.877837 -0.003529 -0.000684 0.019896 286.079987
9.621761 95.400696 0.878050 -0.004020 -0.000528 0.019887 286.480011
9.821728 95.404686 0.877999 -0.004529 -0.000368 0.019907 286.880005
10.021698 95.408646 0.877791 -0.004962 -0.000237 0.019922 287.299988
10.221657 95.412651 0.877126 -0.005473 -0.000195 0.019815 288.179993
10.421623 95.416641 0.876947 -0.005563 -0.000240 0.019804 288.579956
10.621590 95.420593 0.876999 -0.005685 -0.000341 0.019810 288.979980
10.821556 95.424561 0.877168 -0.005847 -0.000386 0.019810 289.380005
11.021523 95.428535 0.877300 -0.006056 -0.000454 0.019812 289.779968
11.221927 95.426224 0.877562 -0.006158 -0.000912 -0.047710 290.189972
11.426175 95.416321 0.877924 -0.006305 -0.000951 -0.047575 291.170013
11.630922 95.406311 0.877899 -0.006050 -0.000951 -0.047334 291.579987
11.830736 95.396843 0.877977 -0.005869 -0.000941 -0.047335 291.979980
12.030540 95.387390 0.878418 -0.006025 -0.000998 -0.047343 292.379974
12.230335 95.377937 0.878986 -0.006203 -0.001050 -0.047352 292.779968
12.430640 95.368698 0.879399 -0.006352 -0.000956 -0.040650 293