0.125685 0.161611 0.750000 0.000000 -0.000000 1.045071 0.000000
0.211799 0.343111 0.750000 0.000000 -0.000000 1.147006 0.409952
0.279644 0.535388 0.750000 0.000000 -0.000000 1.248541 0.829918
0.344479 0.729865 0.750000 0.000000 -0.000000 1.249088 1.240023
0.409208 0.924113 0.750000 0.000000 -0.000000 1.253177 1.649910
0.455542 1.119890 0.750000 0.000000 -0.000000 1.347819 2.069901
0.499638 1.314969 0.750000 0.000000 -0.000000 1.348565 2.469920
0.543818 1.512583 0.750000 0.000000 -0.000000 1.403547 2.879964
0.496903 1.708408 0.757167 0.000679 -0.000691 1.956463 3.569888
0.402245 1.886395 0.767060 0.000469 -0.002258 2.165710 3.989916
0.288673 2.051019 0.774238 0.000208 -0.002947 2.172711 4.389902
0.168610 2.215767 0.779396 -0.000646 -0.003313 2.278095 4.809909
0.038276 2.367467 0.782208 -0.001901 -0.004075 2.278801 5.209901
-0.091790 2.519401 0.784091 -0.003279 -0.004926 2.278804 5.609945
-0.219746 2.673192 0.786170 -0.003879 -0.006912 2.091335 6.149886
-0.301429 2.857518 0.787466 -0.002959 -0.008561 1.880550 6.569891
-0.358905 3.049079 0.789067 -0.003254 -0.009515 1.862918 6.969871
-0.416485 3.240615 0.790659 -0.003640 -0.010584 1.862840 7.369872
-0.461594 3.439382 0.792443 -0.002765 -0.011960 1.762958 7.789906
-0.500088 3.635643 0.794375 -0.002907 -0.012986 1.764394 8.189858
-0.538569 3.831910 0.796401 -0.003001 -0.013882 1.764403 8.589857
-0.580733 4.028344 0.798688 -0.004428 -0.014299 1.857309 9.009948
-0.659575 4.216059 0.802285 -0.007714 -0.013819 2.067115 9.431520
-0.775076 4.381328 0.804813 -0.010720 -0.012209 2.275700 9.849895
-0.906380 4.537781 0.807366 -0.010938 -0.012546 2.279725 10.259954
-1.049622 4.679779 0.809848 -0.012282 -0.011726 2.370322 10.679934
-1.193102 4.819107 0.812252 -0.012439 -0.011833 2.370927 11.079901
-1.336592 4.958420 0.814576 -0.012521 -0.011898 2.370923 11.479911
-1.482412 5.100352 0.816936 -0.012150 -0.012319 2.331645 11.889883
-1.566039 5.286116 0.820156 -0.005791 -0.016327 1.903735 12.559927
-1.620017 5.482651 0.822587 -0.004177 -0.016842 1.804968 12.979952
-1.666691 5.677121 0.825348 -0.004220 -0.016869 1.806159 13.379905
-1.709584 5.873374 0.828352 -0.002595 -0.017178 1.709486 13.799955
-1.736052 6.071616 0.831508 -0.002447 -0.017138 1.705903 14.199936
-1.762981 6.269790 0.834737 -0.002375 -0.017023 1.705861 14.599966
-1.785241 6.469927 0.838066 -0.000654 -0.017001 1.605396 15.015017
-1.790757 6.672359 0.841416 -0.000515 -0.016731 1.599513 15.419962
-1.796503 6.872287 0.844751 -0.000529 -0.016415 1.599541 15.819952
-1.802253 7.072216 0.848102 -0.000578 -0.016084 1.599540 16.219957
-1.808004 7.272144 0.851464 -0.000642 -0.015713 1.599538 16.619934
-1.813755 7.472072 0.854700 -0.000704 -0.015279 1.599534 17.019964
-1.808300 7.672146 0.861401 0.003719 -0.013569 1.267633 18.179928
-1.709704 7.850947 0.863363 0.007311 -0.011457 0.959568 18.699921
-1.584930 8.012075 0.864996 0.008066 -0.010459 0.859870 19.119934
-1.455134 8.164235 0.866932 0.007653 -0.010157 0.864868 19.519913
-1.327522 8.318688 0.868926 0.005500 -0.010814 1.045532 19.959900
-1.384266 8.514538 0.872962 -0.005076 -0.009453 1.995241 21.039944
-1.488203 8.687320 0.874034 -0.006517 -0.007555 2.206179 21.459913
-1.622263 8.840205 0.875059 -0.006796 -0.006077 2.308280 21.869902
-1.718754 9.016242 0.875942 -0.003933 -0.007242 1.954765 22.389872
-1.773733 9.210191 0.876728 -0.002213 -0.006855 1.743957 22.809895
-1.801916 9.409063 0.877324 -0.001428 -0.005882 1.634138 23.229944
-1.814948 9.608655 0.877881 -0.001395 -0.004724 1.637590 23.629902
-1.822266 9.812391 0.878753 -0.000972 -0.003394 1.539177 24.049864
-1.817206 10.015340 0.879269 -0.000980 -0.002528 1.546911 24.469894
-1.812381 10.217289 0.879991 -0.000932 -0.001367 1.546911 25.299917
-1.807603 10.417255 0.880147 -0.000912 -0.000899 1.546911 25.699911
-1.802825 10.617222 0.880184 -0.000901 -0.000428 1.546911 26.099928
-1.798047 10.817188 0.880156 -0.000901 -0.000035 1.546911 26.499916
-1.793269 11.017155 0.880207 -0.000858 0.000242 1.546911 26.899914
-1.788461 11.218371 0.880274 -0.000754 0.000550 1.546911 27.309883
-1.735304 11.414891 0.880229 -0.000851 0.000705 1.181147 28.409910
-1.638119 11.591500 0.879478 -0.000846 0.000608 0.973472 28.830641
-1.518996 11.756907 0.878987 -0.000732 0.000465 0.871400 29.249899
-1.388499 11.914027 0.878681 -0.000491 0.000353 0.866800 29.659956
-1.246138 12.056909 0.878626 -0.000251 0.000226 0.779304 30.079954
-1.102612 12.197984 0.878525 0.000021 0.000184 0.741236 30.489895
-0.947903 12.325796 0.878255 0.000306 0.000178 0.792159 30.919924
-0.834089 12.494515 0.877877 0.000723 -0.000005 1.078855 31.430672
-0.759958 12.682002 0.877699 0.000918 -0.000232 1.286674 31.849903
-0.708727 12.879281 0.877776 0.001084 -0.000406 1.385676 32.269909
-0.669725 13.080534 0.877956 0.001243 -0.000479 1.378517 32.679924
-0.640104 13.282156 0.878262 0.001278 -0.000691 1.485371 33.099964
-0.622128 13.481364 0.878551 0.001294 -0.000744 1.480361 33.499947
-0.603790 13.683549 0.878797 0.001346 -0.000734 1.480330 33.989902
-0.585722 13.882752 0.879091 0.001446 -0.000651 1.480327 34.389889
-0.582639 14.083561 0.879366 0.001498 -0.000620 1.580921 34.809959
-0.584668 14.288527 0.879589 0.001625 -0.000400 1.580893 35.219917
-0.586739 14.493492 0.879634 0.001785 -0.000171 1.580894 35.629932
-0.588810 14.698458 0.879355 0.001959 0.000093 1.580894 36.039974
-0.590879 14.903435 0.878569 0.002163 0.000334 1.580893 37.069916
-0.592947 15.108400 0.878210 0.002170 0.000397 1.580894 37.479935
-0.595017 15.313366 0.877825 0.002147 0.000344 1.580893 37.890190
-0.597087 15.518332 0.877748 0.002086 0.000199 1.580893 38.300179
-0.595016 15.313366 0.877721 0.001964 -0.000030 1.580894 39.499935
-0.597084 15.518332 0.877497 0.002011 0.000060 1.580893 40.539932
-0.599152 15.723297 0.877706 0.001921 -0.000107 1.580894 40.949936
-0.601222 15.928263 0.877982 0.001790 -0.000233 1.580893 41.359913
-0.557296 16.126881 0.878665 0.001521 0.000378 1.061365 42.499912
-0.446983 16.293936 0.878699 0.001488 0.000456 0.957010 42.909866
-0.318529 16.450426 0.878548 0.001505 0.000500 0.877244 43.329956
-0.190605 16.604168 0.878466 0.001591 0.000461 0.876776 43.730164
-0.059914 16.761173 0.878484 0.001636 0.000478 0.864248 44.140072
0.082250 16.903193 0.878497 0.001606 0.000673 0.778618 44.560173
-0.063290 16.759829 0.878539 0.001624 0.000706 0.777711 45.320629
0.067568 16.911163 0.878467 0.001703 0.000564 0.845752 46.789886
0.210747 17.056177 0.878444 0.001625 0.000767 0.742628 47.209885
0.361206 17.195404 0.878337 0.001678 0.000835 0.746887 47.619907
0.496239 17.346909 0.878088 0.001915 0.000138 1.178623 48.419952
0.557613 17.541752 0.877959 0.001898 -0.000064 1.307858 48.839935
0.596913 17.738668 0.877870 0.001869 -0.000242 1.408040 49.259960
0.615835 17.941608 0.877873 0.001849 -0.000432 1.506068 49.679939
0.624133 18.142826 0.877971 0.001788 -0.000559 1.603427 50.094955
0.617050 18.345215 0.877932 0.001729 -0.000438 1.604601 50.500015
0.645835 18.546249 0.877872 0.001517 0.000466 1.208579 51.419983
0.736349 18.726385 0.877878 0.001288 0.000830 0.995293 51.839951
0.859817 18.884748 0.877971 0.001059 0.001011 0.873361 52.249886
0.999014 19.029490 0.878125 0.000863 0.001114 0.773599 52.669872
1.141960 19.169371 0.878147 0.000794 0.001038 0.774369 53.069870
1.284935 19.309294 0.878184 0.000681 0.000883 0.774334 53.469872
1.427910 19.449146 0.878267 0.000531 0.000724 0.774323 53.869884
1.574461 19.592474 0.878270 0.000368 0.000569 0.774332 54.279972
1.721011 19.735813 0.878208 0.000206 0.000450 0.774332 54.689957
1.865775 19.877407 0.878117 0.000092 0.000347 0.774331 55.094963
2.010537 20.018982 0.878073 -0.000019 0.000258 0.774320 55.500217
2.157086 20.162325 0.878064 -0.000128 0.000180 0.774330 55.909874
2.303635 20.305653 0.878053 -0.000203 0.000045 0.774334 56.319981
2.450184 20.448986 0.878033 -0.000254 -0.000035 0.774335 56.729927
2.596734 20.592323 0.878003 -0.000313 -0.000095 0.774334 57.139908
2.743283 20.735664 0.877943 -0.000361 -0.000102 0.774335 57.549885
2.886972 20.876192 0.877900 -0.000375 -0.000067 0.774346 57.969887
3.029947 21.016048 0.877818 -0.000358 -0.000009 0.774323 58.369881
3.176496 21.159391 0.877710 -0.000323 0.000046 0.774327 58.779953
3.319471 21.299274 0.877609 -0.000313 0.000064 0.774