173.875000 0.000000 0.150000 0.189870
193.375000 0.000000 0.150000 0.389925
213.875000 0.200893 0.150000 0.589900
226.500000 0.200893 0.162000 0.789911
238.875000 0.404788 0.162000 0.989885
257.250000 0.404788 0.162000 1.189854
267.250000 0.609788 0.162000 1.389876
276.875000 0.609788 0.162000 1.589859
286.625000 0.814537 0.162000 1.789912
295.000000 0.814537 0.162000 1.989869
308.875000 1.015722 0.162000 2.189920
318.500000 1.015722 0.162000 2.389874
330.875000 1.215722 0.162000 2.589865
340.250000 1.215722 0.165000 2.789882
345.125000 1.418215 0.165000 2.989858
346.250000 1.418215 0.165000 3.189862
357.625000 1.418215 0.165000 3.389872
369.125000 1.619709 0.165000 3.589856
380.375000 1.619709 0.160000 3.789856
391.500000 1.821544 0.160000 3.989916
402.875000 1.821544 0.160000 4.189898
412.875000 2.021672 0.160000 4.389902
422.125000 2.021672 0.160000 4.589904
432.000000 2.021672 0.174000 4.789899
444.625000 2.225593 0.174000 4.989906
453.125000 2.225593 0.174000 5.189882
464.250000 2.425612 0.174000 5.389878
476.000000 2.425612 0.174000 5.589889
488.125000 2.625623 0.204000 5.789889
505.000000 2.625623 0.204000 5.989851
513.375000 2.825695 0.204000 6.189889
522.750000 2.825695 0.204000 6.389862
532.500000 3.027314 0.204000 6.589866
542.625000 3.027314 0.170000 6.789853
550.250000 3.227318 0.170000 6.989862
562.750000 3.227318 0.170000 7.189860
575.625000 3.427328 0.170000 7.389877
583.375000 3.427328 0.170000 7.589905
594.875000 3.631157 0.172000 7.789906
602.250000 3.631157 0.172000 7.989885
612.875000 3.831167 0.172000 8.189858
626.750000 3.831167 0.172000 8.389879
635.000000 4.031181 0.172000 8.589857
645.625000 4.031181 0.176000 8.789869
651.750000 4.031181 0.176000 8.989941
662.000000 4.232102 0.176000 9.189884
669.625000 4.232102 0.176000 9.389876
680.500000 4.435734 0.176000 9.589876
685.875000 4.435734 0.179000 9.789881
696.875000 4.637380 0.179000 9.989876
705.750000 4.637380 0.179000 10.189861
712.500000 4.841646 0.179000 10.389878
719.500000 4.841646 0.179000 10.589893
724.875000 5.043358 0.191000 10.789872
732.750000 5.043358 0.191000 10.989885
738.625000 5.243370 0.191000 11.189898
743.750000 5.243370 0.191000 11.389868
748.000000 5.443377 0.191000 11.589895
754.625000 5.443377 0.214000 11.789891
757.625000 5.646881 0.214000 11.989854
760.375000 5.646881 0.214000 12.189879
764.875000 5.646881 0.214000 12.389931
768.625000 5.850626 0.214000 12.589864
777.250000 5.850626 0.213000 12.789865
780.750000 6.054453 0.213000 12.989895
784.250000 6.054453 0.213000 13.189896
788.750000 6.254465 0.213000 13.389860
799.250000 6.254465 0.213000 13.589896
802.125000 6.254465 0.213000 13.789902
805.750000 6.455373 0.213000 13.989881
808.500000 6.455373 0.213000 14.189915
815.750000 6.655399 0.213000 14.389883
820.375000 6.655399 0.213000 14.589909
823.875000 6.855420 0.212000 14.789871
829.125000 6.855420 0.212000 14.989854
832.250000 7.056819 0.212000 15.189857
838.750000 7.056819 0.212000 15.389879
845.375000 7.259354 0.212000 15.589883
849.125000 7.259354 0.208000 15.789887
854.125000 7.459393 0.208000 15.989905
856.875000 7.459393 0.208000 16.189901
860.875000 7.659431 0.208000 16.389889
866.500000 7.659431 0.208000 16.589869
869.750000 7.859471 0.208000 16.789890
873.000000 7.859471 0.211000 16.989899
876.625000 8.059508 0.211000 17.189878
878.625000 8.059508 0.211000 17.389889
879.625000 8.059508 0.211000 17.589874
880.875000 8.059508 0.218000 17.789915
881.375000 8.059508 0.218000 17.989857
883.375000 8.259768 0.218000 18.189871
885.000000 8.259768 0.218000 18.389858
887.375000 8.259768 0.218000 18.589924
891.750000 8.463962 0.204000 18.789877
894.125000 8.463962 0.204000 18.989870
897.250000 8.667760 0.204000 19.189896
903.625000 8.667760 0.204000 19.389896
909.625000 8.867767 0.204000 19.589981
916.500000 8.867767 0.204000 19.789881
920.750000 9.068129 0.221000 19.989849
922.000000 9.068129 0.221000 20.189886
922.500000 9.068129 0.221000 20.389896
923.000000 9.068129 0.221000 20.589893
924.375000 9.068129 0.205000 20.789909
929.125000 9.068129 0.205000 20.989904
933.500000 9.272073 0.205000 21.189896
938.250000 9.272073 0.205000 21.389894
943.125000 9.473710 0.205000 21.589899
946.125000 9.473710 0.216000 21.789881
950.750000 9.677050 0.216000 21.989878
953.625000 9.677050 0.216000 22.189880
957.375000 9.877799 0.216000 22.389872
961.750000 9.877799 0.216000 22.589891
965.625000 9.877799 0.224000 22.789906
969.500000 10.079391 0.224000 22.989891
978.375000 10.079391 0.224000 23.189886
982.625000 10.280252 0.224000 23.389887
988.375000 10.280252 0.224000 23.589947
994.750000 10.480269 0.221000 23.789928
999.500000 10.480269 0.221000 23.989899
1005.000000 10.684139 0.221000 24.189859
1009.500000 10.684139 0.221000 24.389854
1013.250000 10.887152 0.221000 24.589870
1015.375000 10.887152 0.222000 24.789925
1017.500000 10.887152 0.222000 24.989874
1022.250000 10.887152 0.222000 25.189899
1025.000000 11.089160 0.222000 25.389874
1027.625000 11.089160 0.222000 25.589874
1032.750000 11.289184 0.215000 25.789886
1038.250000 11.289184 0.215000 25.989872
1042.375000 11.489207 0.215000 26.189892
1045.750000 11.489207 0.215000 26.389864
1049.000000 11.689231 0.215000 26.589870
1054.000000 11.689231 0.221000 26.789867
1058.750000 11.889255 0.221000 26.989939
1062.250000 11.889255 0.221000 27.189898
1064.000000 12.090528 0.221000 27.389904
1064.500000 12.090528 0.221000 27.589912
1065.125000 12.090528 0.218000 27.789894
1066.500000 12.090528 0.218000 27.989925
1068.750000 12.090528 0.218000 28.189892
1072.375000 12.090528 0.218000 28.389885
1079.500000 12.294110 0.218000 28.589897
1085.250000 12.294110 0.204000 28.789856
1090.125000 12.495695 0.204000 28.989887
1095.875000 12.495695 0.204000 29.189890
1099.875000 12.699533 0.204000 29.389854
1105.000000 12.699533 0.204000 29.589859
1108.875000 12.903779 0.223000 29.789856
1112.000000 12.903779 0.223000 29.989899
1118.875000 13.105475 0.223000 30.189888
1125.875000 13.105475 0.223000 30.389879
1129.250000 13.306726 0.223000 30.589861
1132.750000 13.306726 0.220000 30.789902
1134.625000 13.507403 0.220000 30.989861
1139.000000 13.507403 0.220000 31.189873
1147.375000 13.507403 0.220000 31.389854
1154.250000 13.710922 0.220000 31.589886
1159.125000 13.710922 0.210000 31.789894
1164.125000 13.912533 0.210000 31.989876
1168.000000 13.912533 0.210000 32.189964
1171.625000 14.116355 0.210000 32.389896
1176.250000 14.116355 0.210000 32.589912
1179.625000 14.321352 0.210000 32.789875
1184.750000 14.321352 0.226000 32.989902
1187.625000 14.525139 0.226000 33.189861
1191.375000 14.525139 0.226000 33.389881
1195.000000 14.725157 0.226000 33.589882
1200.500000 14.725157 0.240000 33.789967
1202.750000 14.928171 0.240000 33.989902
1205.875000 14.928171 0.240000 34.189896
1209.625000 15.128193 0.240000 34.389889
1213.000000 15.128193 0.240000 34.589886
1218.500000 15.128193 0.240000 34.789902
1219.875000 15.329025 0.219000 34.989895
1224.000000 15.329025 0.219000 35.189865
1228.875000 15.534001 0.219000 35.389866
1232.000000 15.534001 0.219000 35.589863
1234.875000 15.738977 0.258000 35.789902
1236.625000 15.738977 0.258000 35.989887
1239.750000 15.943954 0.258000 36.189888
1242.625000 15.943954 0.258000 36.389885
1243.375000 15.943954 0.258000 36.589874
1243.500000 15.943954 0.208000 36.789867
1244.500000 15.943954 0.208000 36.989883
1248.000000 16.148943 0.208000 37.190006
1249.875000 16.148943 0.208000 37.389885
1251.250000 16.353920 0.208000 37.600201
1253.000000 16.353920 0.208000 37.810116
1255.125000 16.558897 0.208000 38.020172
1257.000000 16.558897 0.208000 38.230129
1259.250000 16.763872 0.208000 38.440350
1260.500000 16.763872 0.928000 38.629883
1260.750000 16.763872 0.928000 38.829899
1261.125000 16.763872 0.928000 39.029896
1261.125000 16.763872 0.928000 39.229877
1261.500000 16.763872 0.928000 39.429913
1262.125000 16.968847 0.928000 39.629959
1262.250000 16.968847 0.215000 39.829876
1262.250000 16.968847 0.215000 40.029888
1262.250000 16.968847 0.215000 40.229919
1262.375000 16.968847 0.215000 40.429874
1262.875000 17.173824 0.215000 40.629898
1263.000000 17.173824 0.215000 40.829910
1264.125000 17.378801 0.215000 41.029865
1264.875000 17.378801 0.215000 41.229950
1266.125000 17.583778 0.215000 41.429886
1267.625000 17.583778 0.215000 41.629906
1267.875000 17.583778 0.239000 41.829914
1267.875000 17.583778 0.239000 42.029915
1268.000000 17.583778 0.239000 42.229858
1269.250000 17.583778 0.239000 42.429886
1270.750000 17.787197 0.239000 42.629910
1272.250000 17.787197 0.203000 42.829895
1274.750000 17.987389 0.203000 43.029903
1275.625000 17.987389 0.203000 43.229908
1277.625000 18.189848 0.203000 43.429909
1282.375000 18.189848 0.203000 43.640373
1287.625000 18.389851 0.203000 43.840157
1290.000000 18.389851 0.203000 44.050133
1293.375000 18.594131 0.203000 44.250038
1296.375000 18.594131 0.203000 44.470169
1298.625000 18.795080 0.941000 44.669857
1298.750000 18.795080 0.941000 44.869881
1299.500000 18.795080 0.941000 45.069901
1299.750000 18.795080 0.941000 45.269924
1299.750000 18.999372 0.941000 45.469864
1299.875000 18.999372 0.941000 45.669903
1299.875000 18.999372 0.212000 45.869884
1300.125000 18.999372 0.212000 46.069866
1300.125000 18.999372 0.212000 46.269859
1300.125000 18.999372 0.212000 46.469910
1300.125000 18.999372 0.212000 46.669868
1300.875000 19.199438 0.190000 46.869869
1303.125000 19.199438 0.190000 47.069893
1305.375000 19.403225 0.190000 47.269966
1310.250000 19.403225 0.190000 47.469887
1314.125000 19.608217 0.190000 47.669876
1316.875000 19.608217 0.217000 47.869873
1317.125000 19.608217 0.217000 48.069904
1317.875000 19.608217 0.217000 48.269878
1319.125000 19.811165 0.217000 48.469864
1321.250000 19.811165 0.217000 48.669930
1323.250000 20.015446 0.201000 48.869884
1324.000000 20.015446 0.201000 49.069862
1325.500000 20.216246 0.201000 49.269890
1326.625000 20.216246 0.201000 49.469883
1328.750000 20.216246 0.201000 49.669903
1331.750000 20.420065 0.200000 49.869900
1334.375000 20.420065 0.200000 50.069901
1335.750000 20.621454 0.200000 50.269897
1337.750000 20.621454 0.200000 50.469856
1338.750000 20.823967 0.200000 50.669880
1339.000000 20.823967 0.203000 50.869854
1339.000000 20.823967 0.203000 51.069893
1339.875000 20.823967 0.203000 51.269897
1343.625000 21.027052 0.203000 51.469925
1344.875000 21.027052 0.203000 51.669891
1346.625000 21.228649 0.193000 51.869881
1349.125000 21.228649 0.193000 52.069893
1353.500000 21.429455 0.193000 52.269886
1354.750000 21.429455 0.193000 52.469891
1357.500000 21.630268 0.193000 52.669872
1361.000000 21.630268 0.205000 52.869888
1364.000000 21.830269 0.205000 53.069870
1365.000000 21.830269 0.205000 53.269894
1366.000000 22.030319 0.205000 53.469872
1368.000000 22.030319 0.205000 53.669903
1370.750000 22.230320 0.208000 53.869884
1375.500000 22.230320 0.208000 54.069874
1376.125000 22.230320 0.208000 54.269905
1379.250000 22.435308 0.208000 54.469883
1383.000000 22.435308 0.208000 54.669914
1385.875000 22.640305 0.209000 54.869858
1392.500000 22.640305 0.209000 55.069901
1394.875000 22.842802 0.209000 55.269901
1396.125000 22.842802 0.209000 55.469906
1397.500000 23.045286 0.209000 55.669918
1398.250000 23.045286 0.213000 55.869854
1399.375000 23.250284 0.213000 56.069885
1405.375000 23.250284 0.213000 56.269875
1411.375000 23.455271 0.213000 56.469887
1414.875000 23.455271 0.213000 56.669907
1416.875000 23.660261 0.214000 56.869904
1418.875000 23.660261 0.214000 57.069870
1422.750000 23.865255 0.214000 57.269867
1426.625000 23.865255 0.214000 57.469925
1428.375000 24.070251 0.214000 57.669872
1432.125000 24.070251 0.211000 57.869915
1434.125000 24.271236 0.211000 58.069866
1438.875000 24.271236 0.211000 58.269905
1441.125000 24.471241 0.211000 58.469906
1443.625000 24.471241 0.211000 58.669880
1447.000000 24.676239 0.215000 58.869896
1451.000000 24.676239 0.215000 59.069897
1454.750000 24.876263 0.215000 59.269882
1458.625000 24.876263 0.215000 59.469875
1462.500000 25.081261 0.215000 59.690163
1466.000000 25.081261 0.215000 59.890190
1466.875000 25.286251 0.215000 60.080269
1467.750000 25.286251 0.215000 60.286179
1474.625000 25.491249 0.750000 60.490116
1479.125000 25.491249 0.750000 60.669884
1482.625000 25.491249 0.750000 60.869896
1483.000000 25.491249 0.750000 61.069908
1483.500000 25.491249 0.750000 61.269894
1483.750000 25.491249 0.750000 61.469906
1483.750000 25.491249 0.750000 61.669937
1483.875000 25.491249 0.216000 61.869907
1483.875000 25.491249 0.216000 62.069920
1483.875000 25.491249 0.216000 62.269932
1484.000000 25.491249 0.216000 62.469913
1484.000000 25.491249 0.216000 62.669891
1485.750000 25.696178 0.206000 62.869904
1488.000000 25.696178 0.206000 63.069908
1490.000000 25.901175 0.206000 63.269932
1492.625000 25.901175 0.206000 63.479965
1497.750000 26.106169 0.206000 63.679951
1503.875000 26.106169 0.218000 63.869900
1506.625000 26.306170 0.218000 64.069901
1511.250000 26.306170 0.218000 64.279938
1515.000000 26.511162 0.218000 64.479927
1519.875000 26.511162 0.218000 64.679970
1523.750000 26.716160 0.222000 64.869888
1528.125000 26.716160 0.222000 65.069893
1532.250000 26.921154 0.222000 65.269928
1535.250000 26.921154 0.222000 65.469925
1539.375000 27.126146 0.222000 65.669960
1543.875000 27.126146 0.229000 65.869911
1548.000000 27.126146 0.229000 66.079948
1551.375000 27.327929 0.229000 66.269905
1554.750000 27.327929 0.229000 66.469894
1558.500000 27.531168 0.229000 66.669914
1561.750000 27.531168 0.237000 66.869888
1563.375000 27.731956 0.237000 67.069901
1565.875000 27.731956 0.237000 67.269913
1567.500000 27.935904 0.237000 67.469910
1569.750000 27.935904 0.237000 67.669937
1570.625000 28.135920 0.226000 67.869911
1571.750000 28.135920 0.226000 68.069908
1573.875000 28.336744 0.226000 68.269913
1576.625000 28.336744 0.226000 68.469879
1579.000000 28.336744 0.226000 68.669930
1581.250000 28.541697 0.214000 68.869904
1584.500000 28.541697 0.214000 69.069916
1586.750000 28.745060 0.214000 69.279938
1587.625000 28.745060 0.214000 69.469910
1589.750000 28.946428 0.214000 69.669891
1592.250000 28.946428 0.213000 69.869926
1595.000000 29.147367 0.213000 70.069916
1600.500000 29.147367 0.213000 70.269905
1604.250000 29.352362 0.213000 70.469902
1607.375000 29.352362 0.213000 70.669914
1613.000000 29.552399 0.219000 70.869919
1621.500000 29.552399 0.219000 71.079956
1628.500000 29.756336 0.219000 71.279953
1636.875000 29.756336 0.219000 71.469887
1643.750000 29.956343 0.219000 71.669899
1650.750000 29.956343 0.246000 71.869896
1655.000000 29.956343 0.246000 72.069923
1658.625000 30.160267 0.246000 72.269882
1663.625000 30.160267 0.246000 72.469917
1671.375000 30.365246 0.246000 72.669891
1675.625000 30.365246 0.241000 72.869911
1677.750000 30.365246 0.241000 73.069878
1680.000000 30.566212 0.241000 73.269920
1685.375000 30.566212 0.241000 73.469887
1689.125000 30.768116 0.241000 73.690163
1694.625000 30.768116 0.241000 73.890152
1704.500000 30.971569 0.241000 74.090157
1711.125000 30.971569 0.241000 74.290184
1716.625000 31.171579 0.241000 74.490204
1719.125000 31.171579 0.879000 74.679939
1719.625000 31.171579 0.879000 74.879929
1719.625000 31.171579 0.879000 75.079956
1720.125000 31.171579 0.879000 75.279953
1720.750000 31.171579 0.879000 75.479958
1721.125000 31.375801 0.879000 75.679939
1721.125000 31.375801 0.238000 75.879944
1721.125000 31.375801 0.238000 76.079979
1721.125000 31.375801 0.238000 76.279930
1721.125000 31.375801 0.238000 76.479950
1721.125000 31.375801 0.238000 76.679970
1721.125000 31.375801 0.230000 76.879951
1721.125000 31.375801 0.230000 77.079948
1721.625000 31.375801 0.230000 77.279976
1721.750000 31.375801 0.230000 77.479927
1722.000000 31.375801 0.230000 77.679977
1722.000000 31.375801 0.230000 77.879951
1722.000000 31.375801 0.230000 78.079948
1722.000000 31.375801 0.230000 78.279976
1722.000000 31.375801 0.230000 78.479935
1722.000000 31.375801 0.230000 78.679962
1722.000000 31.375801 0.221000 78.879951
1722.000000 31.375801 0.221000 79.079918
1722.000000 31.375801 0.221000 79.279968
1722.000000 31.375801 0.221000 79.479965
1722.000000 31.375801 0.221000 79.679947
1722.000000 31.375801 0.219000 79.879974
1722.000000 31.375801 0.219000 80.079941
1722.000000 31.375801 0.219000 80.279968
1722.000000 31.375801 0.219000 80.479958
1722.000000 31.375801 0.219000 80.679955
1722.000000 31.375801 0.212000 80.879974
1722.000000 31.375801 0.212000 81.079964
1722.000000 31.375801 0.212000 81.279938
1722.000000 31.375801 0.212000 81.479973
1722.000000 31.375801 0.212000 81.680008
1722.000000 31.375801 0.209000 81.879959
1722.000000 31.375801 0.209000 82.079994
1722.000000 31.375801 0.209000 82.280014
1722.000000 31.375801 0.209000 82.479988
1722.000000 31.375801 0.209000 82.679955
1722.000000 31.375801 0.205000 82.879951
1722.000000 31.375801 0.205000 83.079948
1722.000000 31.375801 0.205000 83.279945
1722.000000 31.375801 0.205000 83.479973
1722.000000 31.375801 0.205000 83.680023
1722.000000 31.375801 0.207000 83.879967
1722.000000 31.375801 0.207000 84.079933
1722.000000 31.375801 0.207000 84.279930
1722.000000 31.375801 0.207000 84.479950
1722.000000 31.375801 0.207000 84.679939
1722.000000 31.375801 0.205000 84.879929
1722.000000 31.375801 0.205000 85.079971
1722.000000 31.375801 0.205000 85.279938
1722.000000 31.375801 0.205000 85.479950
1722.000000 31.375801 0.205000 85.679985
1722.000000 31.375801 0.211000 85.879951
1722.000000 31.375801 0.211000 86.079971
1722.000000 31.375801 0.211000 86.279968
1722.000000 31.375801 0.211000 86.479919
1722.000000 31.375801 0.211000 86.679932
1722.000000 31.375801 0.205000 86.879974
1722.000000 31.375801 0.205000 87.079979
1722.000000 31.375801 0.205000 87.279968
1722.000000 31.375801 0.205000 87.479965
1722.000000 31.375801 0.205000 87.679955
1722.000000 31.375801 0.205000 87.879974
1722.000000 31.375801 0.205000 88.080017
1722.000000 31.375801 0.205000 88.279968
1722.000000 31.375801 0.205000 88.479958
1722.000000 31.375801 0.205000 88.679977
1722.000000 31.375801 0.210000 88.879974
1722.000000 31.375801 0.210000 89.079956
1722.000000 31.375801 0.210000 89.279968
1722.000000 31.375801 0.210000 89.479958
1722.000000 31.375801 0.210000 89.679955
1722.000000 31.375801 0.217000 89.879944
1722.000000 31.375801 0.217000 90.079948
1722.000000 31.375801 0.217000 90.279961
1722.000000 31.375801 0.217000 90.480049
1722.000000 31.375801 0.217000 90.679932
1722.000000 31.375801 0.208000 90.879936
1722.000000 31.375801 0.208000 91.079948
1722.000000 31.375801 0.208000 91.279930
1722.000000 31.375801 0.208000 91.479927
1722.000000 31.375801 0.208000 91.679939
1722.000000 31.375801 0.207000 91.879951
1722.000000 31.375801 0.207000 92.079979
1722.000000 31.375801 0.207000 92.279930
1722.000000 31.375801 0.207000 92.479919
1722.000000 31.375801 0.207000 92.679947
1722.000000 31.375801 0.216000 92.880005
1722.000000 31.375801 0.216000 93.079948
1722.000000 31.375801 0.216000 93.279953
1722.000000 31.375801 0.216000 93.480003
1722.000000 31.375801 0.216000 93.679970
1722.000000 31.375801 0.202000 93.879936
1722.000000 31.375801 0.202000 94.079948
1722.000000 31.375801 0.202000 94.279922
1722.000000 31.375801 0.202000 94.479958
1722.000000 31.375801 0.202000 94.679962
1722.000000 31.375801 0.214000 94.879959
1722.000000 31.375801 0.214000 95.079987
1722.000000 31.375801 0.214000 95.279961
1722.000000 31.375801 0.214000 95.479935
1722.000000 31.375801 0.214000 95.679939
1722.000000 31.375801 0.211000 95.879974
1722.000000 31.375801 0.211000 96.079979
1722.000000 31.375801 0.211000 96.279968
1722.000000 31.375801 0.211000 96.479965
1722.000000 31.375801 0.211000 96.679970
1722.000000 31.375801 0.216000 96.879967
1722.000000 31.375801 0.216000 97.079971
1722.000000 31.375801 0.216000 97.279961
1722.000000 31.375801 0.216000 97.479973
1722.000000 31.375801 0.216000 97.679962
1722.000000 31.375801 0.206000 97.879974
1722.000000 31.375801 0.206000 98.079956
1722.000000 31.375801 0.206000 98.279976
1722.000000 31.375801 0.206000 98.479927
1722.000000 31.375801 0.206000 98.679977
1722.000000 31.375801 0.206000 98.879974
1722.000000 31.375801 0.206000 99.079933
1722.000000 31.375801 0.206000 99.279945
1722.000000 31.375801 0.206000 99.479965
1722.000000 31.375801 0.206000 99.679932
1722.000000 31.375801 0.210000 99.879929
1722.000000 31.375801 0.210000 100.079971
1722.000000 31.375801 0.210000 100.280014
1722.000000 31.375801 0.210000 100.479965
1722.000000 31.375801 0.210000 100.679955
1722.000000 31.375801 0.209000 100.879974
1722.000000 31.375801 0.209000 101.079979
1722.000000 31.375801 0.209000 101.279953
1722.000000 31.375801 0.209000 101.479973
1722.000000 31.375801 0.209000 101.679932
1722.000000 31.375801 0.208000 101.879944
1722.000000 31.375801 0.208000 102.079971
1722.000000 31.375801 0.208000 102.279930
1722.000000 31.375801 0.208000 102.479950
1722.000000 31.375801 0.208000 102.679962
1722.000000 31.375801 0.214000 102.879982
1722.000000 31.375801 0.214000 103.079964
1722.000000 31.375801 0.214000 103.279991
1722.000000 31.375801 0.214000 103.480019
1722.000000 31.375801 0.214000 103.679977
1722.000000 31.375801 0.238000 103.879967
1722.000000 31.375801 0.238000 104.079979
1722.000000 31.375801 0.238000 104.280022
1722.000000 31.375801 0.238000 104.479950
1722.000000 31.375801 0.238000 104.679962
1722.000000 31.375801 0.225000 104.880005
1722.000000 31.375801 0.225000 105.079956
1722.000000 31.375801 0.225000 105.279953
1722.000000 31.375801 0.225000 105.479980
1722.000000 31.375801 0.225000 105.679970
1722.000000 31.375801 0.208000 105.879944
1722.000000 31.375801 0.208000 106.079964
1722.000000 31.375801 0.208000 106.279961
1722.000000 31.375801 0.208000 106.479965
1722.000000 31.375801 0.208000 106.679977
1722.000000 31.375801 0.209000 106.879974
1722.000000 31.375801 0.209000 107.080009
1722.000000 31.375801 0.209000 107.279945
1722.000000 31.375801 0.209000 107.479980
1722.000000 31.375801 0.209000 107.679947
1722.000000 31.375801 0.208000 107.879974
1722.000000 31.375801 0.208000 108.079941
1722.000000 31.375801 0.208000 108.279938
1722.000000 31.375801 0.208000 108.479965
1722.000000 31.375801 0.208000 108.679955
1722.000000 31.375801 0.205000 108.879951
1722.000000 31.375801 0.205000 109.079948
1722.000000 31.375801 0.205000 109.279930
1722.000000 31.375801 0.205000 109.479973
1722.000000 31.375801 0.205000 109.679962
1722.000000 31.375801 0.202000 109.879944
1722.000000 31.375801 0.202000 110.079956
1722.000000 31.375801 0.202000 110.279976
1722.000000 31.375801 0.202000 110.479958
1722.000000 31.375801 0.202000 110.679924
1722.000000 31.375801 0.206000 110.879936
1722.000000 31.375801 0.206000 111.079956
1722.000000 31.375801 0.206000 111.279976
1722.000000 31.375801 0.206000 111.479950
1722.000000 31.375801 0.206000 111.679977
1722.000000 31.375801 0.218000 111.879944
1722.000000 31.375801 0.218000 112.079979
1722.000000 31.375801 0.218000 112.279953
1722.000000 31.375801 0.218000 112.479927
1722.000000 31.375801 0.218000 112.679962
1722.000000 31.375801 0.208000 112.880013
1722.000000 31.375801 0.208000 113.079979
1722.000000 31.375801 0.208000 113.279984
1722.000000 31.375801 0.208000 113.479980
1722.000000 31.375801 0.208000 113.679947
1722.000000 31.375801 0.214000 113.879944
1722.000000 31.375801 0.214000 114.080002
1722.000000 31.375801 0.214000 114.279953
1722.000000 31.375801 0.214000 114.479935
1722.000000 31.375801 0.214000 114.680008
1722.000000 31.375801 0.209000 114.879974
1722.000000 31.375801 0.209000 115.079956
1722.000000 31.375801 0.209000 115.279984
1722.000000 31.375801 0.209000 115.479965
1722.000000 31.375801 0.209000 115.679962
1722.000000 31.375801 0.211000 115.879951
1722.000000 31.375801 0.211000 116.079979
1722.000000 31.375801 0.211000 116.279930
1722.000000 31.375801 0.211000 116.479950
1722.000000 31.375801 0.211000 116.680008
1722.000000 31.375801 0.227000 116.879959
1722.000000 31.375801 0.227000 117.079933
1722.000000 31.375801 0.227000 117.279945
1722.000000 31.375801 0.227000 117.513000
1722.000000 31.375801 0.227000 117.699966
1722.000000 31.375801 0.227000 117.899979
1722.000000 31.375801 0.227000 118.109917
1722.000000 31.375801 0.227000 118.309921
1722.000000 31.375801 0.227000 118.509926
1722.000000 31.375801 0.227000 118.709915
1722.000000 31.375801 0.212000 118.909912
1722.000000 31.375801 0.212000 119.109901
1722.000000 31.375801 0.212000 119.309906
1722.000000 31.375801 0.212000 119.509918
1722.000000 31.375801 0.212000 119.709976
1722.000000 31.375801 0.201000 119.909912
1722.000000 31.375801 0.201000 120.109909
1722.000000 31.375801 0.201000 120.309891
1722.000000 31.375801 0.201000 120.509918
1722.000000 31.375801 0.201000 120.709915
1722.000000 31.375801 0.208000 120.909920
1722.000000 31.375801 0.208000 121.109917
1722.000000 31.375801 0.208000 121.309914
1722.000000 31.375801 0.208000 121.509888
1722.000000 31.375801 0.208000 121.730164
1722.000000 31.375801 0.208000 121.930084
1722.000000 31.375801 0.208000 122.120277
1722.000000 31.375801 0.528000 122.330307
1722.000000 31.375801 0.528000 122.530144
1722.000000 31.375801 0.528000 122.709900
1722.000000 31.375801 0.319000 122.909904
1722.000000 31.375801 0.319000 123.109932
1722.000000 31.375801 0.319000 123.309921
1722.000000 31.375801 0.319000 123.509903
1722.000000 31.375801 0.319000 123.709892
1722.000000 31.375801 0.210000 123.909920
1722.000000 31.375801 0.210000 124.109917
1722.000000 31.375801 0.210000 124.309998
1722.000000 31.375801 0.210000 124.509911
1722.000000 31.375801 0.210000 124.709885
1722.000000 31.375801 0.207000 124.909912
1722.000000 31.375801 0.207000 125.109901
1722.000000 31.375801 0.207000 125.309875
1722.000000 31.375801 0.207000 125.509895
1722.000000 31.375801 0.207000 125.709885
1722.000000 31.375801 0.218000 125.909882
1722.000000 31.375801 0.218000 126.109879
1722.000000 31.375801 0.218000 126.319969
1722.000000 31.375801 0.218000 126.509903
1722.000000 31.375801 0.218000 126.709885
1722.000000 31.375801 0.209000 126.909927
1722.000000 31.375801 0.209000 127.109940
1722.000000 31.375801 0.209000 127.309929
1722.000000 31.375801 0.209000 127.509903
1722.000000 31.375801 0.209000 127.730179
1722.000000 31.375801 0.209000 127.930153
1722.000000 31.375801 0.209000 128.130524
1722.000000 31.375801 0.526000 128.330582
1722.000000 31.375801 0.526000 128.530411
1722.000000 31.375801 0.526000 128.720306
1722.000000 31.375801 0.259000 128.920273
1722.000000 31.375801 0.259000 129.120270
1722.000000 31.375801 0.259000 129.320328
1722.000000 31.375801 0.259000 129.520264
1722.000000 31.375801 0.259000 129.720291
1722.000000 31.375801 0.206000 129.920273
1722.000000 31.375801 0.206000 130.120255
1722.000000 31.375801 0.206000 130.320496
1722.000000 31.375801 0.206000 130.520340
1722.000000 31.375801 0.206000 130.720261
1722.000000 31.375801 0.208000 130.920273
1722.000000 31.375801 0.208000 131.120270
1722.000000 31.375801 0.208000 131.320267
1722.000000 31.375801 0.208000 131.520325
1722.000000 31.375801 0.208000 131.720383
1722.000000 31.375801 0.209000 131.920258
1722.000000 31.375801 0.209000 132.120270
1722.000000 31.375801 0.209000 132.320251
1722.000000 31.375801 0.209000 132.520279
1722.000000 31.375801 0.209000 132.730606
1722.000000 31.375801 0.209000 132.940552
1722.000000 31.375801 0.209000 133.145676
1722.000000 31.375801 0.491000 133.340576
1722.000000 31.375801 0.491000 133.540634
1722.000000 31.375801 0.491000 133.730270
1722.000000 31.375801 0.278000 133.930222
1722.000000 31.375801 0.278000 134.130219
1722.000000 31.375801 0.278000 134.330231
1722.000000 31.375801 0.278000 134.530228
1722.000000 31.375801 0.278000 134.730240
1722.000000 31.375801 0.207000 134.930222
1722.000000 31.375801 0.207000 135.130234
1722.000000 31.375801 0.207000 135.330276
1722.000000 31.375801 0.207000 135.530228
1722.000000 31.375801 0.207000 135.730240
1722.000000 31.375801 0.208000 135.930222
1722.000000 31.375801 0.208000 136.130234
1722.000000 31.375801 0.208000 136.330200
1722.000000 31.375801 0.208000 136.530228
1722.000000 31.375801 0.208000 136.730255
1722.000000 31.375801 0.206000 136.930313
1722.000000 31.375801 0.206000 137.130234
1722.000000 31.375801 0.206000 137.330231
1722.000000 31.375801 0.206000 137.530228
1722.000000 31.375801 0.206000 137.730240
1722.000000 31.375801 0.206000 137.930237
1722.000000 31.375801 0.206000 138.130203
1722.000000 31.375801 0.206000 138.330215
1722.000000 31.375801 0.206000 138.530228
1722.000000 31.375801 0.206000 138.730209
1722.000000 31.375801 0.206000 138.930237
1722.000000 31.375801 0.206000 139.130203
1722.000000 31.375801 0.206000 139.330231
1722.000000 31.375801 0.206000 139.530228
1722.000000 31.375801 0.206000 139.730240
1722.000000 31.375801 0.207000 139.930298
1722.000000 31.375801 0.207000 140.130234
1722.000000 31.375801 0.207000 140.330276
1722.000000 31.375801 0.207000 140.530289
1722.000000 31.375801 0.207000 140.740738
1722.000000 31.375801 0.207000 140.940613
1722.000000 31.375801 0.403000 141.140686
1722.000000 31.375801 0.403000 141.340652
1722.000000 31.375801 0.403000 141.540558
1722.000000 31.375801 0.403000 141.730240
1722.000000 31.375801 0.285000 141.930222
1722.000000 31.375801 0.285000 142.130264
1722.000000 31.375801 0.285000 142.330215
1722.000000 31.375801 0.285000 142.530228
1722.000000 31.375801 0.285000 142.740280
1722.000000 31.375801 0.206000 142.930222
1722.000000 31.375801 0.206000 143.130219
1722.000000 31.375801 0.206000 143.330200
1722.000000 31.375801 0.206000 143.540268
1722.000000 31.375801 0.206000 143.740250
1722.000000 31.375801 0.208000 143.940262
1722.000000 31.375801 0.208000 144.130219
1722.000000 31.375801 0.208000 144.330292
1722.000000 31.375801 0.208000 144.540283
1722.000000 31.375801 0.208000 144.730286
1722.000000 31.375801 0.206000 144.940277
1722.000000 31.375801 0.206000 145.140274
1722.000000 31.375801 0.206000 145.330200
1722.000000 31.375801 0.206000 145.540237
1722.000000 31.375801 0.206000 145.740265
1722.000000 31.375801 0.206000 145.930222
1722.000000 31.375801 0.206000 146.140335
1722.000000 31.375801 0.206000 146.340271
1722.000000 31.375801 0.206000 146.540283
1722.000000 31.375801 0.206000 146.740280
1722.000000 31.375801 0.206000 146.940247
1722.000000 31.375801 0.206000 147.140305
1722.000000 31.375801 0.206000 147.340378
1722.000000 31.375801 0.206000 147.540268
1722.000000 31.375801 0.206000 147.740265
1722.000000 31.375801 0.208000 147.930222
1722.000000 31.375801 0.208000 148.130234
1722.000000 31.375801 0.208000 148.340271
1722.000000 31.375801 0.208000 148.530228
1722.000000 31.375801 0.208000 148.740265
1722.000000 31.375801 0.207000 148.940247
1722.000000 31.375801 0.207000 149.140274
1722.000000 31.375801 0.207000 149.340271
1722.000000 31.375801 0.207000 149.540253
1722.000000 31.375801 0.207000 149.730255
1722.000000 31.375801 0.205000 149.940292
1722.000000 31.375801 0.205000 150.140259
1722.000000 31.375801 0.205000 150.340256
1722.000000 31.375801 0.205000 150.540253
1722.000000 31.375801 0.205000 150.740265
1722.000000 31.375801 0.209000 150.930222
1722.000000 31.375801 0.209000 151.140274
1722.000000 31.375801 0.209000 151.340271
1722.000000 31.375801 0.209000 151.530258
1722.000000 31.375801 0.209000 151.730209
1722.000000 31.375801 0.205000 151.930252
1722.000000 31.375801 0.205000 152.140274
1722.000000 31.375801 0.205000 152.340256
1722.000000 31.375801 0.205000 152.530228
1722.000000 31.375801 0.205000 152.750488
1722.000000 31.375801 0.205000 152.950607
1722.000000 31.375801 0.340000 153.150482
1722.000000 31.375801 0.340000 153.350494
1722.000000 31.375801 0.340000 153.555664
1722.000000 31.375801 0.340000 153.740265
1722.000000 31.375801 0.330000 153.940277
1722.000000 31.375801 0.330000 154.140259
1722.000000 31.375801 0.330000 154.340240
1722.000000 31.375801 0.330000 154.540298
1722.000000 31.375801 0.330000 154.740280
1722.000000 31.375801 0.218000 154.940277
1722.000000 31.375801 0.218000 155.140274
1722.000000 31.375801 0.218000 155.340347
1722.000000 31.375801 0.218000 155.540268
1722.000000 31.375801 0.218000 155.740280
1722.000000 31.375801 0.222000 155.940369
1722.000000 31.375801 0.222000 156.140259
1722.000000 31.375801 0.222000 156.340271
1722.000000 31.375801 0.222000 156.540268
1722.000000 31.375801 0.222000 156.740265
1722.000000 31.375801 0.206000 156.940262
1722.000000 31.375801 0.206000 157.140244
1722.000000 31.375801 0.206000 157.340271
1722.000000 31.375801 0.206000 157.540283
1722.000000 31.375801 0.206000 157.740265
1722.000000 31.375801 0.218000 157.940277
1722.000000 31.375801 0.218000 158.140259
1722.000000 31.375801 0.218000 158.340240
1722.000000 31.375801 0.218000 158.540268
1722.000000 31.375801 0.205000 158.740280
1722.000000 31.375801 0.205000 158.940247
1722.000000 31.375801 0.205000 159.140274
1722.000000 31.375801 0.205000 159.340256
1722.000000 31.375801 0.205000 159.540268
1722.000000 31.375801 0.205000 159.740265
1722.000000 31.375801 0.222000 159.940247
1722.000000 31.375801 0.222000 160.140274
1722.000000 31.375801 0.222000 160.340286
1722.000000 31.375801 0.222000 160.540268
1722.000000 31.375801 0.222000 160.740356
1722.000000 31.375801 0.214000 160.940231
1722.000000 31.375801 0.214000 161.140289
1722.000000 31.375801 0.214000 161.340256
1722.000000 31.375801 0.214000 161.540237
1722.000000 31.375801 0.214000 161.750549
1722.000000 31.375801 0.214000 161.960587
1722.000000 31.375801 0.403000 162.150391
1722.000000 31.375801 0.403000 162.350525
1722.000000 31.375801 0.403000 162.565674
1722.000000 31.375801 0.403000 162.760239
1722.000000 31.375801 0.212000 162.960281
1722.000000 31.375801 0.212000 163.150192
1722.000000 31.375801 0.212000 163.360321
1722.000000 31.375801 0.212000 163.560272
1722.000000 31.375801 0.212000 163.760269
1722.000000 31.375801 0.212000 163.950226
1722.000000 31.375801 0.212000 164.150223
1722.000000 31.375801 0.212000 164.350204
1722.000000 31.375801 0.212000 164.550217
1722.000000 31.375801 0.212000 164.750244
1722.000000 31.375801 0.221000 164.960266
1722.000000 31.375801 0.221000 165.150208
1722.000000 31.375801 0.221000 165.350220
1722.000000 31.375801 0.221000 165.560272
1722.000000 31.375801 0.225000 165.760269
1722.000000 31.375801 0.225000 165.950226
1722.000000 31.375801 0.225000 166.160278
1722.000000 31.375801 0.225000 166.350204
1722.000000 31.375801 0.225000 166.560272
1722.000000 31.375801 0.207000 166.750244
1722.000000 31.375801 0.207000 166.960266
1722.000000 31.375801 0.207000 167.160263
1722.000000 31.375801 0.207000 167.350189
1722.000000 31.375801 0.207000 167.560257
1722.000000 31.375801 0.208000 167.760269
1722.000000 31.375801 0.208000 167.950226
1722.000000 31.375801 0.208000 168.150284
1722.000000 31.375801 0.208000 168.350204
1722.000000 31.375801 0.208000 168.550217
1722.000000 31.375801 0.205000 168.750229
1722.000000 31.375801 0.205000 168.960281
1722.000000 31.375801 0.205000 169.150208
1722.000000 31.375801 0.205000 169.360275
1722.000000 31.375801 0.205000 169.560272
1722.000000 31.375801 0.206000 169.750229
1722.000000 31.375801 0.206000 169.950317
1722.000000 31.375801 0.206000 170.160278
1722.000000 31.375801 0.206000 170.350204
1722.000000 31.375801 0.206000 170.550262
1722.000000 31.375801 0.206000 170.780594
1722.000000 31.375801 0.281000 170.980621
1722.000000 31.375801 0.281000 171.190643
1722.000000 31.375801 0.281000 171.390625
1722.000000 31.375801 0.281000 171.590454
1722.000000 31.375801 0.281000 171.780258
1722.000000 31.375801 0.295000 171.980270
1722.000000 31.375801 0.295000 172.180267
1722.000000 31.375801 0.295000 172.380264
1722.000000 31.375801 0.295000 172.580261
1722.000000 31.375801 0.214000 172.780273
1722.000000 31.375801 0.214000 172.980270
1722.000000 31.375801 0.214000 173.180283
1722.000000 31.375801 0.214000 173.380280
1722.000000 31.375801 0.214000 173.580368
1722.000000 31.375801 0.206000 173.780273
1722.000000 31.375801 0.206000 173.980270
1722.000000 31.375801 0.206000 174.180267
1722.000000 31.375801 0.206000 174.380280
1722.000000 31.375801 0.206000 174.580261
1722.000000 31.375801 0.207000 174.780273
1722.000000 31.375801 0.207000 174.980270
1722.000000 31.375801 0.207000 175.180283
1722.000000 31.375801 0.207000 175.380371
1722.000000 31.375801 0.207000 175.580261
1722.000000 31.375801 0.207000 175.790466
1722.000000 31.375801 0.256000 176.000595
1722.000000 31.375801 0.256000 176.205399
1722.000000 31.375801 0.256000 176.410431
1722.000000 31.375801 0.256000 176.610565
1722.000000 31.375801 0.256000 176.810211
1722.000000 31.375801 0.346000 177.010269
1722.000000 31.375801 0.346000 177.210205
1722.000000 31.375801 0.346000 177.410217
1722.000000 31.375801 0.346000 177.610214
1722.000000 31.375801 0.205000 177.810257
1722.000000 31.375801 0.205000 178.010208
1722.000000 31.375801 0.205000 178.210266
1722.000000 31.375801 0.205000 178.420273
1722.000000 31.375801 0.205000 178.630295
1722.000000 31.375801 0.209000 178.830246
1722.000000 31.375801 0.209000 179.030228
1722.000000 31.375801 0.209000 179.230209
1722.000000 31.375801 0.209000 179.430267
1722.000000 31.375801 0.209000 179.630219
1722.000000 31.375801 0.212000 179.830261
1722.000000 31.375801 0.212000 180.030258
1722.000000 31.375801 0.212000 180.230408
1722.000000 31.375801 0.212000 180.430222
1722.000000 31.375801 0.212000 180.630234
1722.000000 31.375801 0.217000 180.830246
1722.000000 31.375801 0.217000 181.030212
1722.000000 31.375801 0.217000 181.230240
1722.000000 31.375801 0.217000 181.430222
1722.000000 31.375801 0.217000 181.630249
1722.000000 31.375801 0.218000 181.830246
1722.000000 31.375801 0.218000 182.030228
1722.000000 31.375801 0.218000 182.230255
1722.000000 31.375801 0.218000 182.430328
1722.000000 31.375801 0.218000 182.630173
1722.000000 31.375801 0.232000 182.830246
1722.000000 31.375801 0.232000 183.030197
1722.000000 31.375801 0.232000 183.230225
1722.000000 31.375801 0.232000 183.430237
1722.000000 31.375801 0.232000 183.630219
1722.000000 31.375801 0.217000 183.830200
1722.000000 31.375801 0.217000 184.030212
1722.000000 31.375801 0.217000 184.230240
1722.000000 31.375801 0.217000 184.430252
1722.000000 31.375801 0.217000 184.630234
1722.000000 31.375801 0.214000 184.830261
1722.000000 31.375801 0.214000 185.030289
1722.000000 31.375801 0.214000 185.230240
1722.000000 31.375801 0.214000 185.430267
1722.000000 31.375801 0.214000 185.630249
1722.000000 31.375801 0.213000 185.830231
1722.000000 31.375801 0.213000 186.030228
1722.000000 31.375801 0.213000 186.230240
1722.000000 31.375801 0.213000 186.430222
1722.000000 31.375801 0.213000 186.630219
1722.000000 31.375801 0.209000 186.830231
1722.000000 31.375801 0.209000 187.030228
1722.000000 31.375801 0.209000 187.230255
1722.000000 31.375801 0.209000 187.430283
1722.000000 31.375801 0.209000 187.630280
1722.000000 31.375801 0.217000 187.830231
1722.000000 31.375801 0.217000 188.030319
1722.000000 31.375801 0.217000 188.230225
1722.000000 31.375801 0.217000 188.430191
1722.000000 31.375801 0.217000 188.630234
1722.000000 31.375801 0.206000 188.830231
1722.000000 31.375801 0.206000 189.030212
1722.000000 31.375801 0.206000 189.230194
1722.000000 31.375801 0.206000 189.430206
1722.000000 31.375801 0.206000 189.630234
1722.000000 31.375801 0.209000 189.830200
1722.000000 31.375801 0.209000 190.030212
1722.000000 31.375801 0.209000 190.230209
1722.000000 31.375801 0.209000 190.430267
1722.000000 31.375801 0.209000 190.630249
1722.000000 31.375801 0.206000 190.830231
1722.000000 31.375801 0.206000 191.030243
1722.000000 31.375801 0.206000 191.230225
1722.000000 31.375801 0.206000 191.430298
1722.000000 31.375801 0.206000 191.630249
1722.000000 31.375801 0.206000 191.830231
1722.000000 31.375801 0.206000 192.030212
1722.000000 31.375801 0.206000 192.230194
1722.000000 31.375801 0.206000 192.430222
1722.000000 31.375801 0.206000 192.630234
1722.000000 31.375801 0.213000 192.830200
1722.000000 31.375801 0.213000 193.030197
1722.000000 31.375801 0.213000 193.230209
1722.000000 31.375801 0.213000 193.430222
1722.000000 31.375801 0.213000 193.630310
1722.000000 31.375801 0.210000 193.830261
1722.000000 31.375801 0.210000 194.030228
1722.000000 31.375801 0.210000 194.230209
1722.000000 31.375801 0.210000 194.430283
1722.000000 31.375801 0.210000 194.630203
1722.000000 31.375801 0.210000 194.830200
1722.000000 31.375801 0.210000 195.030197
1722.000000 31.375801 0.210000 195.230194
1722.000000 31.375801 0.210000 195.430206
1722.000000 31.375801 0.210000 195.630234
1722.000000 31.375801 0.215000 195.830246
1722.000000 31.375801 0.215000 196.030197
1722.000000 31.375801 0.215000 196.230240
1722.000000 31.375801 0.215000 196.430191
1722.000000 31.375801 0.215000 196.630234
1722.000000 31.375801 0.212000 196.830215
1722.000000 31.375801 0.212000 197.030243
1722.000000 31.375801 0.212000 197.230179
1722.000000 31.375801 0.212000 197.430237
1722.000000 31.375801 0.212000 197.630188
1722.000000 31.375801 0.205000 197.830185
1722.000000 31.375801 0.205000 198.030197
1722.000000 31.375801 0.205000 198.230194
1722.000000 31.375801 0.205000 198.430283
1722.000000 31.375801 0.205000 198.630188
1722.000000 31.375801 0.231000 198.830231
1722.000000 31.375801 0.231000 199.030228
1722.000000 31.375801 0.231000 199.230225
1722.000000 31.375801 0.231000 199.430206
1722.000000 31.375801 0.231000 199.630203
1722.000000 31.375801 0.210000 199.830200
1722.000000 31.375801 0.210000 200.030197
1722.000000 31.375801 0.210000 200.230225
1722.000000 31.375801 0.210000 200.430222
1722.000000 31.375801 0.210000 200.630234
1722.000000 31.375801 0.214000 200.830215
1722.000000 31.375801 0.214000 201.030182
1722.000000 31.375801 0.214000 201.230179
1722.000000 31.375801 0.214000 201.430206
1722.000000 31.375801 0.214000 201.630219
1722.000000 31.375801 0.199000 201.830200
1722.000000 31.375801 0.199000 202.030228
1722.000000 31.375801 0.199000 202.230179
1722.000000 31.375801 0.199000 202.430252
1722.000000 31.375801 0.199000 202.630249
1722.000000 31.375801 0.201000 202.830215
1722.000000 31.375801 0.201000 203.030212
1722.000000 31.375801 0.201000 203.230225
1722.000000 31.375801 0.201000 203.430191
1722.000000 31.375801 0.201000 203.630188
1722.000000 31.375801 0.201000 203.830231
1722.000000 31.375801 0.201000 204.030228
1722.000000 31.375801 0.201000 204.230209
1722.000000 31.375801 0.201000 204.430267
1722.000000 31.375801 0.201000 204.630203
1722.000000 31.375801 0.228000 204.830200
1722.000000 31.375801 0.228000 205.030243
1722.000000 31.375801 0.228000 205.230240
1722.000000 31.375801 0.228000 205.430222
1722.000000 31.375801 0.228000 205.630249
1722.000000 31.375801 0.208000 205.830261
1722.000000 31.375801 0.208000 206.030228
1722.000000 31.375801 0.208000 206.230255
1722.000000 31.375801 0.208000 206.430206
1722.000000 31.375801 0.208000 206.630188
1722.000000 31.375801 0.227000 206.830246
1722.000000 31.375801 0.227000 207.030228
1722.000000 31.375801 0.227000 207.230194
1722.000000 31.375801 0.227000 207.430222
1722.000000 31.375801 0.227000 207.630203
1722.000000 31.375801 0.207000 207.830246
1722.000000 31.375801 0.207000 208.030212
1722.000000 31.375801 0.207000 208.230240
1722.000000 31.375801 0.207000 208.430191
1722.000000 31.375801 0.207000 208.630280
1722.000000 31.375801 0.208000 208.830185
1722.000000 31.375801 0.208000 209.030243
1722.000000 31.375801 0.208000 209.230209
1722.000000 31.375801 0.208000 209.430206
1722.000000 31.375801 0.208000 209.630203
1722.000000 31.375801 0.211000 209.830215
1722.000000 31.375801 0.211000 210.030212
1722.000000 31.375801 0.211000 210.230209
1722.000000 31.375801 0.211000 210.430191
1722.000000 31.375801 0.211000 210.630219
1722.000000 31.375801 0.210000 210.830261
1722.000000 31.375801 0.210000 211.030228
1722.000000 31.375801 0.210000 211.230225
1722.000000 31.375801 0.210000 211.430237
1722.000000 31.375801 0.210000 211.630219
1722.000000 31.375801 0.206000 211.830231
1722.000000 31.375801 0.206000 212.030212
1722.000000 31.375801 0.206000 212.230209
1722.000000 31.375801 0.206000 212.430237
1722.000000 31.375801 0.206000 212.630219
1722.000000 31.375801 0.210000 212.830276
1722.000000 31.375801 0.210000 213.030243
1722.000000 31.375801 0.210000 213.230209
1722.000000 31.375801 0.210000 213.430206
1722.000000 31.375801 0.210000 213.630188
1722.000000 31.375801 0.209000 213.830200
1722.000000 31.375801 0.209000 214.030197
1722.000000 31.375801 0.209000 214.230194
1722.000000 31.375801 0.209000 214.430206
1722.000000 31.375801 0.209000 214.630188
1722.000000 31.375801 0.226000 214.830215
1722.000000 31.375801 0.226000 215.030243
1722.000000 31.375801 0.226000 215.230194
1722.000000 31.375801 0.226000 215.430267
1722.000000 31.375801 0.226000 215.630188
1722.000000 31.375801 0.217000 215.830200
1722.000000 31.375801 0.217000 216.030212
1722.000000 31.375801 0.217000 216.230209
1722.000000 31.375801 0.217000 216.430206
1722.000000 31.375801 0.217000 216.630234
1722.000000 31.375801 0.224000 216.830215
1722.000000 31.375801 0.224000 217.030243
1722.000000 31.375801 0.224000 217.230240
1722.000000 31.375801 0.224000 217.430176
1722.000000 31.375801 0.224000 217.630264
1722.000000 31.375801 0.204000 217.830231
1722.000000 31.375801 0.204000 218.030228
1722.000000 31.375801 0.204000 218.230301
1722.000000 31.375801 0.204000 218.430222
1722.000000 31.375801 0.204000 218.630264
1722.000000 31.375801 0.204000 218.830231
1722.000000 31.375801 0.204000 219.030228
1722.000000 31.375801 0.204000 219.230270
1722.000000 31.375801 0.204000 219.430222
1722.000000 31.375801 0.204000 219.630264
1722.000000 31.375801 0.207000 219.830231
1722.000000 31.375801 0.207000 220.030182
1722.000000 31.375801 0.207000 220.230301
1722.000000 31.375801 0.207000 220.430206
1722.000000 31.375801 0.207000 220.630219
1722.000000 31.375801 0.207000 220.830215
1722.000000 31.375801 0.207000 221.030212
1722.000000 31.375801 0.207000 221.230209
1722.000000 31.375801 0.207000 221.430222
1722.000000 31.375801 0.207000 221.630219
1722.000000 31.375801 0.206000 221.830185
1722.000000 31.375801 0.206000 222.030212
1722.000000 31.375801 0.206000 222.230270
1722.000000 31.375801 0.206000 222.430191
1722.000000 31.375801 0.206000 222.630219
1722.000000 31.375801 0.204000 222.830307
1722.000000 31.375801 0.204000 223.030212
1722.000000 31.375801 0.204000 223.230209
1722.000000 31.375801 0.204000 223.430283
1722.000000 31.375801 0.204000 223.630234
1722.000000 31.375801 0.206000 223.830200
1722.000000 31.375801 0.206000 224.030304
1722.000000 31.375801 0.206000 224.230225
1722.000000 31.375801 0.206000 224.430237
1722.000000 31.375801 0.206000 224.630219
1722.000000 31.375801 0.206000 224.830246
1722.000000 31.375801 0.206000 225.030243
1722.000000 31.375801 0.206000 225.230240
1722.000000 31.375801 0.206000 225.430237
1722.000000 31.375801 0.206000 225.630234
1722.000000 31.375801 0.214000 225.830246
1722.000000 31.375801 0.214000 226.030258
1722.000000 31.375801 0.214000 226.230225
1722.000000 31.375801 0.214000 226.430252
1722.000000 31.375801 0.214000 226.630234
1722.000000 31.375801 0.229000 226.830215
1722.000000 31.375801 0.229000 227.030258
1722.000000 31.375801 0.229000 227.230286
1722.000000 31.375801 0.229000 227.430191
1722.000000 31.375801 0.229000 227.630234
1722.000000 31.375801 0.205000 227.830200
1722.000000 31.375801 0.205000 228.030212
1722.000000 31.375801 0.205000 228.230209
1722.000000 31.375801 0.205000 228.430313
1722.000000 31.375801 0.205000 228.630203
1722.000000 31.375801 0.206000 228.830261
1722.000000 31.375801 0.206000 229.030243
1722.000000 31.375801 0.206000 229.230194
1722.000000 31.375801 0.206000 229.430191
1722.000000 31.375801 0.206000 229.630234
1722.000000 31.375801 0.213000 229.830231
1722.000000 31.375801 0.213000 230.030334
1722.000000 31.375801 0.213000 230.230240
1722.000000 31.375801 0.213000 230.430222
1722.000000 31.375801 0.213000 230.630280
1722.000000 31.375801 0.208000 230.830261
1722.000000 31.375801 0.208000 231.030273
1722.000000 31.375801 0.208000 231.230240
1722.000000 31.375801 0.208000 231.430206
1722.000000 31.375801 0.208000 231.630188
1722.000000 31.375801 0.204000 231.830231
1722.000000 31.375801 0.204000 232.030228
1722.000000 31.375801 0.204000 232.230270
1722.000000 31.375801 0.204000 232.430191
1722.000000 31.375801 0.204000 232.630264
1722.000000 31.375801 0.206000 232.830261
1722.000000 31.375801 0.206000 233.030212
1722.000000 31.375801 0.206000 233.230316
1722.000000 31.375801 0.206000 233.430283
1722.000000 31.375801 0.206000 233.630203
1722.000000 31.375801 0.215000 233.830231
1722.000000 31.375801 0.215000 234.030197
1722.000000 31.375801 0.215000 234.230209
1722.000000 31.375801 0.215000 234.430222
1722.000000 31.375801 0.215000 234.630188
1722.000000 31.375801 0.233000 234.830231
1722.000000 31.375801 0.233000 235.030212
1722.000000 31.375801 0.233000 235.230225
1722.000000 31.375801 0.233000 235.430206
1722.000000 31.375801 0.233000 235.630310
1722.000000 31.375801 0.231000 235.830246
1722.000000 31.375801 0.231000 236.030243
1722.000000 31.375801 0.231000 236.230194
1722.000000 31.375801 0.231000 236.430313
1722.000000 31.375801 0.231000 236.630234
1722.000000 31.375801 0.208000 236.830215
1722.000000 31.375801 0.208000 237.030304
1722.000000 31.375801 0.208000 237.230240
1722.000000 31.375801 0.208000 237.430206
1722.000000 31.375801 0.208000 237.630264
1722.000000 31.375801 0.210000 237.830215
1722.000000 31.375801 0.210000 238.030197
1722.000000 31.375801 0.210000 238.230209
1722.000000 31.375801 0.210000 238.430222
1722.000000 31.375801 0.210000 238.630234
1722.000000 31.375801 0.207000 238.830338
1722.000000 31.375801 0.207000 239.030228
1722.000000 31.375801 0.207000 239.230270
1722.000000 31.375801 0.207000 239.430237
1722.000000 31.375801 0.207000 239.630264
1722.000000 31.375801 0.225000 239.830215
1722.000000 31.375801 0.225000 240.030228
1722.000000 31.375801 0.225000 240.230225
1722.000000 31.375801 0.225000 240.430222
1722.000000 31.375801 0.225000 240.630280
1722.000000 31.375801 0.209000 240.830200
1722.000000 31.375801 0.209000 241.030273
1722.000000 31.375801 0.209000 241.230240
1722.000000 31.375801 0.209000 241.430237
1722.000000 31.375801 0.209000 241.630234
1722.000000 31.375801 0.207000 241.830261
1722.000000 31.375801 0.207000 242.030228
1722.000000 31.375801 0.207000 242.230255
1722.000000 31.375801 0.207000 242.430252
1722.000000 31.375801 0.207000 242.630203
1722.000000 31.375801 0.207000 242.830200
1722.000000 31.375801 0.207000 243.030228
1722.000000 31.375801 0.207000 243.230209
1722.000000 31.375801 0.207000 243.430252
1722.000000 31.375801 0.207000 243.630219
1722.000000 31.375801 0.203000 243.830215
1722.000000 31.375801 0.203000 244.030243
1722.000000 31.375801 0.203000 244.230194
1722.000000 31.375801 0.203000 244.430267
1722.000000 31.375801 0.203000 244.630219
1722.000000 31.375801 0.204000 244.830200
1722.000000 31.375801 0.204000 245.030212
1722.000000 31.375801 0.204000 245.230209
1722.000000 31.375801 0.204000 245.430267
1722.000000 31.375801 0.204000 245.630234
1722.000000 31.375801 0.205000 245.840622
1722.000000 31.375801 0.205000 246.040634
1722.000000 31.375801 0.205000 246.240509
1722.000000 31.375801 0.205000 246.440552
1722.000000 31.375801 0.205000 246.640686
1722.000000 31.375801 0.205000 246.830215
1722.000000 31.375801 0.339000 247.030197
1722.000000 31.375801 0.339000 247.230194
1722.000000 31.375801 0.339000 247.430191
1722.000000 31.375801 0.339000 247.630203
1722.000000 31.375801 0.201000 247.830200
1722.000000 31.375801 0.201000 248.030197
1722.000000 31.375801 0.201000 248.230209
1722.000000 31.375801 0.201000 248.430222
1722.000000 31.375801 0.201000 248.630219
1722.000000 31.375801 0.208000 248.830215
1722.000000 31.375801 0.208000 249.030212
1722.000000 31.375801 0.208000 249.230240
1722.000000 31.375801 0.208000 249.440277
1722.000000 31.375801 0.208000 249.630203
1722.000000 31.375801 0.214000 249.830200
1722.000000 31.375801 0.214000 250.030212
1722.000000 31.375801 0.214000 250.230286
1722.000000 31.375801 0.214000 250.430267
1722.000000 31.375801 0.214000 250.630310
1722.000000 31.375801 0.205000 250.830261
1722.000000 31.375801 0.205000 251.030212
1722.000000 31.375801 0.205000 251.230209
1722.000000 31.375801 0.205000 251.430191
1722.000000 31.375801 0.205000 251.630219
1722.000000 31.375801 0.205000 251.830215
1722.000000 31.375801 0.205000 252.030243
1722.000000 31.375801 0.205000 252.230209
1722.000000 31.375801 0.205000 252.430206
1722.000000 31.375801 0.205000 252.630203
1722.000000 31.375801 0.211000 252.830200
1722.000000 31.375801 0.211000 253.030258
1722.000000 31.375801 0.211000 253.230255
1722.000000 31.375801 0.211000 253.430237
1722.000000 31.375801 0.211000 253.630264
1722.000000 31.375801 0.210000 253.830185
1722.000000 31.375801 0.210000 254.030304
1722.000000 31.375801 0.210000 254.230301
1722.000000 31.375801 0.210000 254.430191
1722.000000 31.375801 0.210000 254.630234
1722.000000 31.375801 0.207000 254.871826
1722.000000 31.375801 0.207000 255.077957
1722.000000 31.375801 0.207000 255.288162
1722.000000 31.375801 0.207000 255.508026
1722.000000 31.375801 0.207000 255.718079
1722.000000 31.375801 0.207000 255.907669
1722.000000 31.375801 0.451000 256.107666
1722.000000 31.375801 0.451000 256.307648
1722.000000 31.375801 0.451000 256.507660
1722.000000 31.375801 0.451000 256.707672
1722.000000 31.375801 0.209000 256.907654
1722.000000 31.375801 0.209000 257.107635
1722.000000 31.375801 0.209000 257.307648
1722.000000 31.375801 0.209000 257.507629
1722.000000 31.375801 0.209000 257.707672
1722.000000 31.375801 0.209000 257.907715
1722.000000 31.375801 0.209000 258.107666
1722.000000 31.375801 0.209000 258.307678
1722.000000 31.375801 0.209000 258.507660
1722.000000 31.375801 0.209000 258.707642
1722.000000 31.375801 0.216000 258.907654
1722.000000 31.375801 0.216000 259.107697
1722.000000 31.375801 0.216000 259.307648
1722.000000 31.375801 0.216000 259.507690
1722.000000 31.375801 0.216000 259.707672
1722.000000 31.375801 0.201000 259.907654
1722.000000 31.375801 0.201000 260.107635
1722.000000 31.375801 0.201000 260.307648
1722.000000 31.375801 0.201000 260.507629
1722.000000 31.375801 0.201000 260.707642
1722.000000 31.375801 0.205000 260.907654
1722.000000 31.375801 0.205000 261.107666
1722.000000 31.375801 0.205000 261.307678
1722.000000 31.375801 0.205000 261.507660
1722.000000 31.375801 0.205000 261.707672
1722.000000 31.375801 0.206000 261.907623
1722.000000 31.375801 0.206000 262.107697
1722.000000 31.375801 0.206000 262.307678
1722.000000 31.375801 0.206000 262.507660
1722.000000 31.375801 0.206000 262.707642
1722.000000 31.375801 0.210000 262.907623
1722.000000 31.375801 0.210000 263.107635
1722.000000 31.375801 0.210000 263.307678
1722.000000 31.375801 0.210000 263.507690
1722.000000 31.375801 0.210000 263.707672
1722.000000 31.375801 0.210000 263.927917
1722.000000 31.375801 0.210000 264.127930
1722.000000 31.375801 0.210000 264.337982
1722.000000 31.375801 0.210000 264.538086
1722.000000 31.375801 0.210000 264.738495
1722.000000 31.375801 0.210000 264.927673
1722.000000 31.375801 0.439000 265.127686
1722.000000 31.375801 0.439000 265.327667
1722.000000 31.375801 0.439000 265.527679
1722.000000 31.375801 0.439000 265.727661
1722.000000 31.375801 0.203000 265.927643
1722.000000 31.375801 0.203000 266.127655
1722.000000 31.375801 0.203000 266.327667
1722.000000 31.375801 0.203000 266.527649
1722.000000 31.375801 0.203000 266.727661
1722.000000 31.375801 0.207000 266.927673
1722.000000 31.375801 0.207000 267.127655
1722.000000 31.375801 0.207000 267.327667
1722.000000 31.375801 0.207000 267.527679
1722.000000 31.375801 0.207000 267.727661
1722.000000 31.375801 0.203000 267.927673
1722.000000 31.375801 0.203000 268.127655
1722.000000 31.375801 0.203000 268.327637
1722.000000 31.375801 0.203000 268.527649
1722.000000 31.375801 0.203000 268.727661
1722.000000 31.375801 0.206000 268.927673
1722.000000 31.375801 0.206000 269.127655
1722.000000 31.375801 0.206000 269.327667
1722.000000 31.375801 0.206000 269.527649
1722.000000 31.375801 0.206000 269.727692
1722.000000 31.375801 0.208000 269.927673
1722.000000 31.375801 0.208000 270.127655
1722.000000 31.375801 0.208000 270.327667
1722.000000 31.375801 0.208000 270.527679
1722.000000 31.375801 0.208000 270.727692
1722.000000 31.375801 0.212000 270.927643
1722.000000 31.375801 0.212000 271.127686
1722.000000 31.375801 0.212000 271.327728
1722.000000 31.375801 0.212000 271.527679
1722.000000 31.375801 0.212000 271.727692
1722.000000 31.375801 0.208000 271.927673
1722.000000 31.375801 0.208000 272.127655
1722.000000 31.375801 0.208000 272.327667
1722.000000 31.375801 0.208000 272.527679
1722.000000 31.375801 0.208000 272.727661
1722.000000 31.375801 0.206000 272.927643
1722.000000 31.375801 0.206000 273.127655
1722.000000 31.375801 0.206000 273.327637
1722.000000 31.375801 0.206000 273.527679
1722.000000 31.375801 0.206000 273.727661
1722.000000 31.375801 0.206000 273.927673
1722.000000 31.375801 0.206000 274.127686
1722.000000 31.375801 0.206000 274.327637
1722.000000 31.375801 0.206000 274.527649
1722.000000 31.375801 0.206000 274.727722
1722.000000 31.375801 0.205000 274.927704
1722.000000 31.375801 0.205000 275.127655
1722.000000 31.375801 0.205000 275.327637
1722.000000 31.375801 0.205000 275.527679
1722.000000 31.375801 0.205000 275.727661
1722.000000 31.375801 0.203000 275.927643
1722.000000 31.375801 0.203000 276.127655
1722.000000 31.375801 0.203000 276.327667
1722.000000 31.375801 0.203000 276.527679
1722.000000 31.375801 0.203000 276.727692
1722.000000 31.375801 0.207000 276.927673
1722.000000 31.375801 0.207000 277.127655
1722.000000 31.375801 0.207000 277.327667
1722.000000 31.375801 0.207000 277.527649
1722.000000 31.375801 0.207000 277.727661
1722.000000 31.375801 0.199000 277.927673
1722.000000 31.375801 0.199000 278.127655
1722.000000 31.375801 0.199000 278.327667
1722.000000 31.375801 0.199000 278.527679
1722.000000 31.375801 0.199000 278.727692
1722.000000 31.375801 0.209000 278.927643
1722.000000 31.375801 0.209000 279.127655
1722.000000 31.375801 0.209000 279.327637
1722.000000 31.375801 0.209000 279.527679
1722.000000 31.375801 0.209000 279.727661
1722.000000 31.375801 0.209000 279.937927
1722.000000 31.375801 0.209000 280.137848
1722.000000 31.375801 0.209000 280.338043
1722.000000 31.375801 0.209000 280.547913
1722.000000 31.375801 0.209000 280.738037
1722.000000 31.375801 0.209000 280.927643
1722.000000 31.375801 0.448000 281.127686
1722.000000 31.375801 0.448000 281.327667
1722.000000 31.375801 0.448000 281.527649
1722.000000 31.375801 0.448000 281.727661
1722.000000 31.375801 0.204000 281.927734
1722.000000 31.375801 0.204000 282.127655
1722.000000 31.375801 0.204000 282.327667
1722.000000 31.375801 0.204000 282.527649
1722.000000 31.375801 0.204000 282.727661
1722.000000 31.375801 0.204000 282.927643
1722.000000 31.375801 0.204000 283.127655
1722.000000 31.375801 0.204000 283.327667
1722.000000 31.375801 0.204000 283.527710
1722.000000 31.375801 0.204000 283.727692
1722.000000 31.375801 0.205000 283.927673
1722.000000 31.375801 0.205000 284.127655
1722.000000 31.375801 0.205000 284.327637
1722.000000 31.375801 0.205000 284.527649
1722.000000 31.375801 0.205000 284.727631
1722.000000 31.375801 0.203000 284.927704
1722.000000 31.375801 0.203000 285.127686
1722.000000 31.375801 0.203000 285.327698
1722.000000 31.375801 0.203000 285.527679
1722.000000 31.375801 0.203000 285.727692
1722.000000 31.375801 0.203000 285.927643
1722.000000 31.375801 0.203000 286.127686
1722.000000 31.375801 0.203000 286.327667
1722.000000 31.375801 0.203000 286.527649
1722.000000 31.375801 0.203000 286.727692
1722.000000 31.375801 0.205000 286.927643
1722.000000 31.375801 0.205000 287.127686
1722.000000 31.375801 0.205000 287.327667
1722.000000 31.375801 0.205000 287.527679
1722.000000 31.375801 0.205000 287.727692
1722.000000 31.375801 0.208000 287.927704
1722.000000 31.375801 0.208000 288.127625
1722.000000 31.375801 0.208000 288.327728
1722.000000 31.375801 0.208000 288.527649
1722.000000 31.375801 0.208000 288.727661
1722.000000 31.375801 0.215000 288.927673
1722.000000 31.375801 0.215000 289.127655
1722.000000 31.375801 0.215000 289.327667
1722.000000 31.375801 0.215000 289.527679
1722.000000 31.375801 0.215000 289.727631
1722.000000 31.375801 0.209000 289.927673
1722.000000 31.375801 0.209000 290.127686
1722.000000 31.375801 0.209000 290.327637
1722.000000 31.375801 0.209000 290.527679
1722.000000 31.375801 0.209000 290.727692
1722.000000 31.375801 0.203000 290.927673
1722.000000 31.375801 0.203000 291.127686
1722.000000 31.375801 0.203000 291.327667
1722.000000 31.375801 0.203000 291.527649
1722.000000 31.375801 0.203000 291.727661
1722.000000 31.375801 0.203000 291.927673
1722.000000 31.375801 0.203000 292.127655
1722.000000 31.375801 0.203000 292.327637
1722.000000 31.375801 0.203000 292.527649
1722.000000 31.375801 0.203000 292.727692
1722.000000 31.375801 0.207000 292.927643
1722.000000 31.375801 0.207000 293.127655
1722.000000 31.375801 0.207000 293.327667
1722.000000 31.375801 0.207000 293.527679
1722.000000 31.375801 0.207000 293.727722
1722.000000 31.375801 0.203000 293.927643
1722.000000 31.375801 0.203000 294.127655
1722.000000 31.375801 0.203000 294.327667
1722.000000 31.375801 0.203000 294.527679
1722.000000 31.375801 0.203000 294.727692
1722.000000 31.375801 0.226000 294.937897
1722.000000 31.375801 0.226000 295.147980
1722.000000 31.375801 0.226000 295.358002
1722.000000 31.375801 0.226000 295.558167
1722.000000 31.375801 0.226000 295.788055
1722.000000 31.375801 0.226000 295.967621
1722.000000 31.375801 0.467000 296.167664
1722.000000 31.375801 0.467000 296.357727
1722.000000 31.375801 0.467000 296.567688
1722.000000 31.375801