176.000000 0.000000 0.000000 0.059993
192.625000 0.000000 0.000000 0.260000
204.625000 0.205000 0.000000 0.459999
215.625000 0.205000 0.234000 0.659993
222.875000 0.205000 0.234000 0.859993
223.000000 0.205000 0.234000 1.060002
223.750000 0.405148 0.234000 1.260054
225.375000 0.405148 0.234000 1.460079
231.125000 0.405148 0.157000 1.659999
243.000000 0.405148 0.157000 1.860005
253.875000 0.609936 0.157000 2.060138
264.500000 0.609936 0.157000 2.260018
276.625000 0.814936 0.157000 2.460005
285.375000 0.814936 0.159000 2.659996
289.000000 1.019686 0.159000 2.860085
301.375000 1.019686 0.159000 3.060071
312.875000 1.223858 0.159000 3.259996
321.500000 1.223858 0.159000 3.460005
329.625000 1.423858 0.160000 3.660008
340.250000 1.423858 0.160000 3.860072
347.875000 1.623860 0.160000 4.060078
359.875000 1.623860 0.160000 4.260067
373.875000 1.823900 0.160000 4.460005
390.500000 1.823900 0.162000 4.660001
403.250000 2.023974 0.162000 4.859992
419.750000 2.023974 0.162000 5.059999
431.500000 2.224015 0.162000 5.259993
441.875000 2.224015 0.162000 5.460009
454.000000 2.424039 0.184000 5.660038
465.750000 2.424039 0.184000 5.860079
475.875000 2.624055 0.184000 6.060057
486.375000 2.624055 0.184000 6.260004
497.000000 2.824065 0.184000 6.460006
505.875000 2.824065 0.187000 6.659995
513.250000 3.024075 0.187000 6.859999
520.875000 3.024075 0.187000 7.060068
528.375000 3.224082 0.187000 7.259992
537.625000 3.224082 0.187000 7.459993
544.750000 3.424088 0.179000 7.659998
552.250000 3.424088 0.179000 7.860004
559.750000 3.624095 0.179000 8.060001
566.500000 3.624095 0.179000 8.260088
576.875000 3.824102 0.179000 8.460005
583.625000 3.824102 0.189000 8.659995
589.000000 4.024109 0.189000 8.860104
597.125000 4.024109 0.189000 9.060001
606.000000 4.224115 0.189000 9.260034
612.250000 4.224115 0.189000 9.460003
620.625000 4.424121 0.195000 9.660097
625.250000 4.424121 0.195000 9.860071
634.250000 4.624129 0.195000 10.060008
640.000000 4.624129 0.195000 10.260115
647.000000 4.824138 0.195000 10.460003
659.000000 4.824138 0.204000 10.660080
664.125000 5.028399 0.204000 10.860007
668.250000 5.028399 0.204000 11.060083
677.125000 5.229865 0.204000 11.259997
681.750000 5.229865 0.204000 11.459991
685.125000 5.429879 0.204000 11.660290
694.625000 5.429879 0.204000 11.860083
704.750000 5.629893 0.204000 12.060007
709.500000 5.629893 0.204000 12.260001
718.750000 5.829911 0.204000 12.459995
723.750000 5.829911 0.182000 12.660085
727.750000 6.029930 0.182000 12.860007
733.625000 6.029930 0.182000 13.060005
746.500000 6.229951 0.182000 13.260007
753.000000 6.229951 0.182000 13.459995
761.375000 6.429973 0.240000 13.660072
766.250000 6.429973 0.240000 13.859995
771.125000 6.630780 0.240000 14.059996
774.125000 6.630780 0.240000 14.260084
782.500000 6.830803 0.240000 14.460006
790.125000 6.830803 0.209000 14.660004
799.375000 7.030816 0.209000 14.859990
804.250000 7.030816 0.209000 15.060092
807.375000 7.231628 0.209000 15.260063
812.500000 7.231628 0.209000 15.460070
819.500000 7.431649 0.251000 15.660069
827.875000 7.431649 0.251000 15.860001
836.750000 7.631689 0.251000 16.060001
843.625000 7.631689 0.251000 16.259995
849.125000 7.831732 0.251000 16.460068
854.500000 7.831732 0.232000 16.659996
861.000000 8.031773 0.232000 16.860003
870.125000 8.031773 0.232000 17.059994
875.375000 8.231810 0.232000 17.260002
881.625000 8.231810 0.232000 17.460005
887.375000 8.431847 0.233000 17.660006
892.500000 8.431847 0.233000 17.860008
899.000000 8.631886 0.233000 18.060003
908.000000 8.631886 0.233000 18.260004
915.000000 8.831918 0.233000 18.460012
918.500000 8.831918 0.257000 18.660007
922.750000 9.031960 0.257000 18.860111
928.125000 9.031960 0.257000 19.060036
935.625000 9.231992 0.257000 19.260084
942.375000 9.231992 0.257000 19.460012
950.250000 9.432032 0.246000 19.660006
956.125000 9.432032 0.246000 19.860006
962.500000 9.632066 0.246000 20.059999
972.000000 9.632066 0.246000 20.259991
980.125000 9.837064 0.246000 20.460005
990.125000 9.837064 0.245000 20.660143
997.875000 10.037869 0.245000 20.860001
1004.000000 10.037869 0.245000 21.060091
1010.875000 10.237884 0.245000 21.260006
1019.750000 10.237884 0.245000 21.460009
1030.750000 10.437908 0.249000 21.659996
1040.375000 10.437908 0.249000 21.859997
1050.625000 10.637931 0.249000 22.059992
1060.000000 10.637931 0.249000 22.259993
1068.625000 10.837947 0.249000 22.460098
1079.625000 10.837947 0.249000 22.660007
1091.000000 11.037963 0.286000 22.860033
1100.625000 11.037963 0.286000 23.060066
1113.000000 11.237977 0.286000 23.259998
1126.875000 11.237977 0.286000 23.460060
1137.250000 11.437990 0.259000 23.660128
1150.500000 11.437990 0.259000 23.859997
1164.250000 11.638003 0.259000 24.059996
1174.375000 11.638003 0.259000 24.260002
1183.375000 11.838016 0.259000 24.460005
1192.625000 11.838016 0.251000 24.660101
1199.875000 12.038030 0.251000 24.860012
1210.500000 12.038030 0.251000 25.059998
1217.250000 12.238040 0.251000 25.260010
1227.500000 12.238040 0.251000 25.460009
1233.000000 12.438049 0.253000 25.660109
1236.875000 12.438049 0.253000 25.859999
1240.875000 12.438049 0.253000 26.060007
1246.125000 12.638454 0.253000 26.259995
1259.500000 12.638454 0.253000 26.460001
1266.500000 12.841929 0.247000 26.659994
1271.625000 12.841929 0.247000 26.859999
1275.125000 13.041941 0.247000 27.060005
1278.625000 13.041941 0.247000 27.260000
1288.375000 13.245723 0.247000 27.460005
1300.750000 13.245723 0.247000 27.660084
1306.250000 13.445727 0.294000 27.859999
1310.500000 13.445727 0.294000 28.059996
1314.250000 13.645753 0.294000 28.260075
1317.875000 13.645753 0.294000 28.459999
1331.000000 13.845778 0.246000 28.659994
1337.000000 13.845778 0.246000 28.859993
1337.250000 13.845778 0.246000 29.059996
1337.625000 13.845778 0.246000 29.259995
1338.375000 13.845778 0.246000 29.460001
1340.875000 13.845778 0.238000 29.660070
1343.625000 14.048528 0.238000 29.859991
1346.750000 14.048528 0.238000 30.060022
1350.750000 14.249416 0.238000 30.260000
1356.625000 14.249416 0.238000 30.460009
1362.375000 14.454412 0.241000 30.660000
1364.250000 14.454412 0.241000 30.860008
1371.125000 14.658208 0.241000 31.060083
1376.000000 14.658208 0.241000 31.260027
1379.875000 14.863207 0.241000 31.460085
1384.250000 14.863207 0.241000 31.660007
1388.125000 15.068203 0.300000 31.860001
1392.750000 15.068203 0.300000 32.059994
1397.125000 15.273199 0.300000 32.260002
1399.750000 15.273199 0.300000 32.460007
1402.625000 15.478195 0.251000 32.660007
1407.000000 15.478195 0.251000 32.860001
1410.375000 15.683191 0.251000 33.060066
1413.750000 15.683191 0.251000 33.259995
1415.250000 15.888188 0.251000 33.460007
1419.125000 15.888188 0.251000 33.659996
1422.125000 16.089388 0.298000 33.859993
1424.875000 16.089388 0.298000 34.060020
1427.875000 16.294386 0.298000 34.259995
1431.625000 16.294386 0.298000 34.460007
1434.125000 16.494408 0.236000 34.660000
1435.875000 16.494408 0.236000 34.859985
1439.875000 16.494408 0.236000 35.060013
1447.625000 16.696993 0.236000 35.260006
1451.000000 16.696993 0.236000 35.460087
1455.000000 16.896994 0.242000 35.660004
1458.375000 16.896994 0.242000 35.860065
1462.500000 17.097794 0.242000 36.060009
1465.375000 17.097794 0.242000 36.260010
1469.750000 17.302790 0.242000 36.460106
1473.125000 17.302790 0.242000 36.660107
1479.750000 17.506758 0.314000 36.860012
1484.250000 17.506758 0.314000 37.060001
1489.000000 17.711750 0.314000 37.260006
1493.125000 17.711750 0.314000 37.459999
1496.625000 17.916744 0.246000 37.660118
1507.250000 17.916744 0.246000 37.860004
1514.500000 18.120659 0.246000 38.059990
1523.000000 18.120659 0.246000 38.259998
1527.125000 18.321484 0.246000 38.460011
1533.250000 18.321484 0.246000 38.660007
1535.875000 18.526480 0.294000 38.859993
1539.875000 18.526480 0.294000 39.059990
1544.125000 18.526480 0.294000 39.259995
1548.625000 18.733971 0.294000 39.460003
1557.250000 18.733971 0.249000 39.660072
1567.500000 18.936462 0.249000 39.859997
1570.625000 18.936462 0.249000 40.060001
1574.500000 19.141453 0.249000 40.259998
1577.750000 19.141453 0.249000 40.459999
1580.750000 19.346443 0.249000 40.660007
1584.250000 19.346443 0.300000 40.859997
1585.125000 19.346443 0.300000 41.060074
1586.625000 19.346443 0.300000 41.260002
1591.125000 19.549110 0.300000 41.460110
1593.875000 19.549110 0.273000 41.660007
1595.125000 19.750704 0.273000 41.860008
1600.125000 19.750704 0.273000 42.060081
1605.000000 19.750704 0.273000 42.260002
1612.750000 19.954296 0.273000 42.460014
1614.750000 19.954296 0.273000 42.660011
1616.875000 20.154301 0.305000 42.860027
1622.750000 20.154301 0.305000 43.059998
1629.875000 20.354307 0.305000 43.259995
1634.625000 20.354307 0.305000 43.460075
1639.375000 20.554314 0.305000 43.659996
1647.375000 20.554314 0.317000 43.860012
1652.875000 20.754328 0.317000 44.060009
1655.750000 20.754328 0.317000 44.259998
1661.375000 20.954342 0.317000 44.460007
1664.125000 20.954342 0.317000 44.660130
1674.125000 21.154356 0.316000 44.860004
1677.250000 21.154356 0.316000 45.060001
1681.500000 21.354372 0.316000 45.260071
1684.250000 21.354372 0.316000 45.460144
1688.750000 21.554386 0.316000 45.660000
1694.625000 21.554386 0.339000 45.860020
1701.500000 21.754400 0.339000 46.060013
1706.500000 21.754400 0.339000 46.260090
1709.375000 21.954414 0.339000 46.460007
1714.000000 21.954414 0.339000 46.660130
1723.125000 22.154430 0.344000 46.860134
1729.500000 22.154430 0.344000 47.060108
1733.750000 22.354445 0.344000 47.260101
1739.500000 22.354445 0.344000 47.460075
1745.375000 22.554459 0.255000 47.660019
1747.875000 22.554459 0.255000 47.859993
1751.500000 22.757830 0.255000 48.060024
1758.625000 22.757830 0.255000 48.260075
1764.250000 22.962826 0.255000 48.460075
1770.750000 22.962826 0.255000 48.660110
1773.250000 23.162836 0.353000 48.860085
1776.250000 23.162836 0.353000 49.060009
1784.500000 23.362846 0.353000 49.259998
1789.125000 23.362846 0.353000 49.460072
1794.625000 23.562860 0.257000 49.660000
1798.000000 23.562860 0.257000 49.860100
1803.875000 23.762875 0.257000 50.060081
1805.125000 23.762875 0.257000 50.260002
1813.500000 23.962891 0.257000 50.460060
1822.125000 23.962891 0.264000 50.659996
1823.250000 24.167154 0.264000 50.860001
1823.875000 24.167154 0.264000 51.060001
1829.000000 24.167154 0.264000 51.260075
1833.000000 24.367983 0.264000 51.460026
1838.125000 24.367983 0.264000 51.660095
1848.250000 24.569332 0.364000 51.860085
1852.750000 24.569332 0.364000 52.060116
1855.750000 24.774332 0.364000 52.260078
1861.750000 24.774332 0.364000 52.460011
1868.500000 24.774332 0.254000 52.660004
1872.500000 24.981823 0.254000 52.860073
1876.625000 24.981823 0.254000 53.060108
1882.375000 25.184315 0.254000 53.259995
1890.500000 25.184315 0.254000 53.460091
1897.625000 25.385176 0.264000 53.660007
1902.875000 25.385176 0.264000 53.860001
1907.625000 25.585176 0.264000 54.060005
1910.125000 25.585176 0.264000 54.260002
1913.500000 25.790174 0.264000 54.460110
1919.750000 25.790174 0.249000 54.660072
1924.875000 25.995173 0.249000 54.860107
1930.750000 25.995173 0.249000 55.060112
1935.125000 26.200171 0.249000 55.259998
1940.625000 26.200171 0.249000 55.459999
1945.375000 26.405169 0.259000 55.660061
1949.625000 26.405169 0.259000 55.860001
1951.750000 26.610167 0.259000 56.060009
1957.125000 26.610167 0.259000 56.260006
1960.625000 26.815165 0.259000 56.460011
1964.375000 26.815165 0.259000 56.660004
1966.125000 27.015165 0.347000 56.860073
1970.375000 27.015165 0.347000 57.060104
1975.500000 27.218945 0.347000 57.259995
1981.125000 27.218945 0.347000 57.459999
1988.000000 27.418945 0.347000 57.670013
1990.250000 27.418945 0.307000 57.870014
1994.125000 27.623934 0.307000 58.070030
1998.625000 27.623934 0.307000 58.270027
2002.250000 27.828909 0.307000 58.470364
2007.250000 27.828909 0.262000 58.670002
2010.125000 28.033861 0.262000 58.869976
2013.000000 28.033861 0.262000 59.069988
2014.750000 28.238811 0.262000 59.270004
2018.625000 28.238811 0.262000 59.469967
2025.625000 28.443762 0.259000 59.669968
2031.250000 28.443762 0.259000 59.869953
2033.875000 28.648712 0.259000 60.070030
2036.250000 28.648712 0.259000 60.270023
2039.125000 28.853662 0.259000 60.470032
2045.375000 28.853662 0.256000 60.669994
2050.125000 29.058613 0.256000 60.869984
2052.500000 29.058613 0.256000 61.070023
2055.375000 29.263584 0.256000 61.270046
2059.250000 29.263584 0.256000 61.470028
2064.375000 29.263584 0.253000 61.670040
2070.125000 29.464960 0.253000 61.869957
2072.500000 29.464960 0.253000 62.070023
2074.875000 29.664968 0.253000 62.270046
2076.250000 29.664968 0.253000 62.470020
2078.125000 29.867462 0.253000 62.670078
2080.750000 29.867462 0.253000 62.870010
2082.250000 30.067465 0.253000 63.070042
2086.125000 30.067465 0.253000 63.270031
2090.625000 30.267467 0.253000 63.470074
2093.375000 30.267467 0.250000 63.670036
2097.250000 30.467468 0.250000 63.870014
2103.125000 30.467468 0.250000 64.069984
2108.250000 30.667471 0.250000 64.270004
2111.250000 30.667471 0.250000 64.470047
2114.125000 30.867474 0.256000 64.669991
2117.000000 30.867474 0.256000 64.870003
2119.750000 31.068327 0.256000 65.070068
2123.250000 31.068327 0.256000 65.269989
2126.000000 31.273325 0.256000 65.470009
2128.000000 31.273325 0.248000 65.670067
2131.500000 31.473351 0.248000 65.869995
2133.375000 31.473351 0.248000 66.069992
2135.125000 31.674267 0.248000 66.269974
2136.875000 31.674267 0.248000 66.470032
2139.000000 31.879238 0.253000 66.670021
2141.000000 31.879238 0.253000 66.870026
2143.250000 32.079987 0.253000 67.069992
2144.750000 32.079987 0.253000 67.270004
2145.250000 32.284927 0.253000 67.469978
2146.125000 32.284927 0.256000 67.669991
2147.125000 32.486649 0.256000 67.869965
2148.750000 32.486649 0.256000 68.070000
2149.625000 32.690891 0.256000 68.269997
2150.625000 32.690891 0.256000 68.470001
2151.500000 32.890896 0.244000 68.669983
2152.375000 32.890896 0.244000 68.870026
2152.500000 33.090900 0.244000 69.070030
2153.125000 33.090900 0.244000 69.270012
2153.625000 33.290905 0.244000 69.470001
2154.250000 33.290905 0.240000 69.670052
2155.250000 33.490910 0.240000 69.870010
2155.750000 33.490910 0.240000 70.070000
2156.500000 33.690914 0.240000 70.269997
2156.750000 33.690914 0.240000 70.470047
2157.250000 33.890919 0.230000 70.670059
2158.250000 33.890919 0.230000 70.870064
2158.750000 34.090923 0.230000 71.070038
2159.250000 34.090923 0.230000 71.269997
2159.375000 34.290928 0.230000 71.470047
2159.875000 34.290928 0.227000 71.670021
2160.750000 34.490932 0.227000 71.869987
2161.500000 34.490932 0.227000 72.070084
2161.875000 34.690933 0.227000 72.269989
2162.375000 34.690933 0.227000 72.470016
2163.000000 34.890934 0.230000 72.669983
2164.375000 34.890934 0.230000 72.870026
2165.500000 35.090935 0.230000 73.069969
2166.250000 35.090935 0.230000 73.270027
2166.875000 35.290936 0.230000 73.470039
2167.625000 35.290936 0.226000 73.670082
2167.750000 35.490936 0.226000 73.870010
2168.000000 35.490936 0.226000 74.069969
2168.375000 35.690937 0.226000 74.270058
2169.000000 35.690937 0.226000 74.470009
2170.250000 35.890938 0.209000 74.669968
2170.500000 35.890938 0.209000 74.870041
2171.000000 36.090939 0.209000 75.070061
2171.500000 36.090939 0.209000 75.269997
2172.625000 36.290939 0.209000 75.470001
2173.375000 36.290939 0.205000 75.670006
2173.375000 36.490940 0.205000 75.870056
2173.625000 36.490940 0.205000 76.069984
2174.500000 36.690941 0.205000 76.269997
2175.250000 36.690941 0.205000 76.470047
2176.000000 36.890942 0.206000 76.670006
2176.500000 36.890942 0.206000 76.869965
2177.375000 37.090942 0.206000 77.070000
2178.125000 37.090942 0.206000 77.269981
2178.750000 37.290943 0.206000 77.470009
2179.500000 37.290943 0.205000 77.670021
2180.375000 37.494888 0.205000 77.870041
2182.000000 37.494888 0.205000 78.069992
2183.250000 37.699883 0.205000 78.270027
2184.250000 37.699883 0.205000 78.469994
2184.500000 37.904881 0.202000 78.669991
2185.375000 37.904881 0.202000 78.870003
2186.000000 38.109879 0.202000 79.070007
2186.875000 38.109879 0.202000 79.269974
2188.000000 38.109879 0.202000 79.470100
2188.500000 38.317360 0.206000 79.670021
2188.625000 38.317360 0.206000 79.869972
2189.375000 38.519852 0.206000 80.069984
2189.875000 38.519852 0.206000 80.269997
2190.500000 38.719852 0.206000 80.470024
2190.750000 38.719852 0.204000 80.670044
2191.375000 38.919853 0.204000 80.869987
2193.000000 38.919853 0.204000 81.069969
2193.250000 39.119854 0.204000 81.269989
2193.750000 39.119854 0.204000 81.469971
2194.250000 39.319855 0.198000 81.670036
2194.750000 39.319855 0.198000 81.870071
2194.875000 39.523712 0.198000 82.069969
2195.750000 39.523712 0.198000 82.269958
2196.000000 39.728714 0.198000 82.469971
2196.750000 39.728714 0.201000 82.670052
2198.375000 39.928722 0.201000 82.869980
2198.875000 39.928722 0.201000 83.070007
2199.500000 40.128735 0.201000 83.270035
2200.000000 40.128735 0.201000 83.470016
2200.250000 40.328747 0.193000 83.670067
2200.625000 40.328747 0.193000 83.870071
2201.750000 40.528759 0.193000 84.070000
2202.500000 40.528759 0.193000 84.270012
2202.625000 40.728775 0.193000 84.470032
2204.000000 40.728775 0.194000 84.670029
2204.000000 40.928787 0.194000 84.870003
2205.500000 40.928787 0.194000 85.069977
2205.750000 41.132702 0.194000 85.269989
2207.250000 41.132702 0.194000 85.470001
2209.625000 41.332703 0.193000 85.670059
2211.500000 41.332703 0.193000 85.869995
2214.500000 41.537701 0.193000 86.070068
2217.875000 41.537701 0.193000 86.270103
2222.625000 41.742699 0.193000 86.470001
2228.125000 41.742699 0.198000 86.669983
2235.625000 41.947697 0.198000 86.870064
2242.625000 41.947697 0.198000 87.070030
2250.750000 42.152695 0.198000 87.269958
2257.750000 42.152695 0.198000 87.470016
2263.125000 42.357693 0.212000 87.670029
2267.375000 42.357693 0.212000 87.870064
2272.000000 42.357693 0.212000 88.070061
2279.125000 42.559937 0.212000 88.270096
2283.375000 42.559937 0.212000 88.470016
2287.375000 42.761551 0.218000 88.669998
2290.625000 42.761551 0.218000 88.869995
2295.250000 42.966549 0.218000 89.069984
2297.625000 42.966549 0.218000 89.269958
2299.250000 43.166595 0.218000 89.469994
2307.000000 43.166595 0.218000 89.670044
2312.000000 43.370354 0.288000 89.870018
2318.625000 43.370354 0.288000 90.069977
2324.375000 43.573063 0.288000 90.269989
2329.500000 43.573063 0.288000 90.469986
2337.750000 43.778038 0.226000 90.669998
2340.375000 43.778038 0.226000 90.869995
2341.625000 43.778038 0.226000 91.069969
2344.375000 43.979691 0.226000 91.270042
2349.250000 43.979691 0.226000 91.469994
2350.250000 44.181293 0.225000 91.669983
2352.875000 44.181293 0.225000 91.869972
2355.250000 44.382076 0.225000 92.069992
2356.750000 44.382076 0.225000 92.269951
2360.000000 44.587032 0.225000 92.469986
2360.750000 44.587032 0.232000 92.670006
2363.625000 44.791988 0.232000 92.870010
2366.875000 44.791988 0.232000 93.069977
2369.625000 44.996944 0.232000 93.270065
2370.875000 44.996944 0.232000 93.470009
2371.625000 45.201900 0.232000 93.670044
2374.250000 45.201900 0.325000 93.869987
2377.250000 45.201900 0.325000 94.069962
2380.875000 45.409355 0.325000 94.270065
2382.250000 45.409355 0.325000 94.470001
2383.375000 45.611813 0.229000 94.670074
2385.000000 45.611813 0.229000 94.870071
2388.250000 45.813156 0.229000 95.070015
2391.500000 45.813156 0.229000 95.269974
2394.250000 46.015678 0.229000 95.470016
2397.250000 46.015678 0.247000 95.669983
2399.625000 46.215721 0.247000 95.870026
2404.125000 46.215721 0.247000 96.070030
2407.375000 46.415764 0.247000 96.270004
2409.500000 46.415764 0.247000 96.470062
2411.625000 46.615807 0.247000 96.669975
2414.250000 46.615807 0.347000 96.869972
2417.000000 46.819660 0.347000 97.069992
2420.500000 46.819660 0.347000 97.270004
2423.000000 47.024628 0.347000 97.469986
2427.000000 47.024628 0.240000 97.669968
2429.750000 47.229584 0.240000 97.870041
2433.000000 47.229584 0.240000 98.070045
2435.750000 47.434540 0.240000 98.269966
2438.250000 47.434540 0.240000 98.470055
2441.875000 47.639496 0.256000 98.670021
2444.875000 47.639496 0.256000 98.870010
2448.875000 47.844452 0.256000 99.070068
2451.500000 47.844452 0.256000 99.270050
2455.375000 48.049408 0.256000 99.470024
2458.875000 48.049408 0.268000 99.669968
2462.000000 48.254364 0.268000 99.869949
2464.875000 48.254364 0.268000 100.069969
2469.750000 48.459320 0.268000 100.269966
2474.750000 48.459320 0.268000 100.470016
2479.375000 48.663342 0.250000 100.670036
2483.750000 48.663342 0.250000 100.870041
2486.625000 48.868317 0.250000 101.070000
2492.250000 48.868317 0.250000 101.269974
2496.250000 49.073292 0.250000 101.469986
2501.875000 49.073292 0.250000 101.669991
2508.250000 49.278267 0.318000 101.870033
2512.500000 49.278267 0.318000 102.070000
2519.750000 49.483242 0.318000 102.269997
2525.750000 49.483242 0.318000 102.469994
2531.875000 49.483242 0.236000 102.669952
2537.000000 49.690716 0.236000 102.870026
2543.500000 49.690716 0.236000 103.070007
2548.500000 49.893188 0.236000 103.270004
2554.000000 49.893188 0.236000 103.469963
2559.250000 50.098164 0.236000 103.670052
2563.750000 50.098164 0.358000 103.869987
2570.125000 50.303139 0.358000 104.069992
2577.625000 50.303139 0.358000 104.269989
2584.500000 50.508114 0.358000 104.469978
2593.375000 50.508114 0.275000 104.670021
2599.250000 50.713089 0.275000 104.869957
2607.000000 50.713089 0.275000 105.069962
2613.250000 50.918064 0.275000 105.269958
2622.625000 50.918064 0.275000 105.469986
2629.250000 51.123039 0.259000 105.669983
2636.875000 51.123039 0.259000 105.869995
2643.250000 51.328014 0.259000 106.069954
2651.250000 51.328014 0.259000 106.269981
2659.625000 51.532990 0.259000 106.470016
2666.000000 51.532990 0.259000 106.669968
2677.375000 51.737965 0.411000 106.870003
2687.750000 51.737965 0.411000 107.069977
2698.250000 51.942940 0.411000 107.269951
2705.125000 51.942940 0.411000 107.470009
2715.875000 52.147915 0.283000 107.669960
2722.750000 52.147915 0.283000 107.869995
2730.750000 52.352890 0.283000 108.069977
2738.000000 52.352890 0.283000 108.269997
2744.875000 52.557865 0.283000 108.469994
2751.125000 52.557865 0.283000 108.670021
2756.875000 52.762840 0.442000 108.869980
2763.000000 52.762840 0.442000 109.069984
2767.125000 52.762840 0.442000 109.269981
2772.375000 52.762840 0.442000 109.470016
2780.000000 52.966846 0.283000 109.670052
2786.500000 52.966846 0.283000 109.869957
2794.125000 53.171844 0.283000 110.069977
2800.125000 53.171844 0.283000 110.269974
2807.875000 53.376804 0.283000 110.470016
2813.750000 53.376804 0.283000 110.669975
2819.500000 53.579514 0.466000 110.870049
2825.000000 53.579514 0.466000 111.069992
2832.625000 53.783932 0.466000 111.269974
2839.625000 53.783932 0.466000 111.469986
2845.375000 53.988930 0.466000 111.669968
2851.625000 53.988930 0.466000 111.870026
2856.000000 54.193874 0.486000 112.070038
2861.750000 54.193874 0.486000 112.270027
2868.750000 54.398857 0.486000 112.469955
2873.375000 54.398857 0.486000 112.680008
2879.125000 54.603848 0.317000 112.869972
2885.375000 54.603848 0.317000 113.070030
2891.000000 54.808842 0.317000 113.269974
2897.750000 54.808842 0.317000 113.469971
2903.625000 55.013828 0.259000 113.669960
2908.875000 55.013828 0.259000 113.869995
2916.125000 55.218815 0.259000 114.069984
2919.875000 55.218815 0.259000 114.269951
2928.500000 55.423805 0.259000 114.469971
2933.250000 55.423805 0.258000 114.669968
2937.750000 55.423805 0.258000 114.869957
2945.500000 55.633793 0.258000 115.069969
2949.875000 55.633793 0.258000 115.269989
2951.875000 55.838783 0.258000 115.470009
2959.500000 55.838783 0.263000 115.670097
2964.875000 56.043774 0.263000 115.869995
2969.500000 56.043774 0.263000 116.070030
2976.750000 56.248760 0.263000 116.270020
2981.250000 56.248760 0.263000 116.470039
2988.750000 56.453751 0.263000 116.669960
2994.375000 56.453751 0.377000 116.870018
2999.625000 56.658745 0.377000 117.069977
3004.375000 56.658745 0.377000 117.269951
3009.625000 56.863735 0.377000 117.469955
3014.750000 56.863735 0.282000 117.669991
3020.000000 57.068726 0.282000 117.869965
3024.500000 57.068726 0.282000 118.069954
3029.500000 57.273712 0.282000 118.270004
3035.125000 57.273712 0.282000 118.469955
3038.375000 57.478703 0.286000 118.669983
3040.250000 57.478703 0.286000 118.869949
3045.250000 57.683689 0.286000 119.070053
3051.500000 57.683689 0.286000 119.269989
3055.500000 57.888645 0.286000 119.470016
3060.500000 57.888645 0.286000 119.669998
3067.625000 58.093590 0.425000 119.870064
3070.250000 58.093590 0.425000 120.070000
3074.500000 58.298534 0.425000 120.270027
3079.000000 58.298534 0.425000 120.469955
3085.000000 58.503452 0.283000 120.669991
3088.000000 58.503452 0.283000 120.869987
3093.000000 58.708366 0.283000 121.069954
3101.375000 58.708366 0.283000 121.269943
3104.125000 58.913280 0.283000 121.469986
3110.000000 58.913280 0.288000 121.669975
3114.250000 59.118195 0.288000 121.869995
3118.500000 59.118195 0.288000 122.069969
3124.625000 59.318195 0.288000 122.269958
3127.625000 59.318195 0.288000 122.469978
3133.375000 59.518227 0.288000 122.670006
3137.625000 59.518227 0.294000 122.870033
3140.875000 59.718266 0.294000 123.070068
3143.750000 59.718266 0.294000 123.270004
3147.500000 59.918301 0.294000 123.469994
3152.500000 59.918301 0.294000 123.670074
3157.125000 60.118332 0.388000 123.870003
3161.250000 60.118332 0.388000 124.069969
3162.375000 60.118332 0.388000 124.269989
3165.625000 60.118332 0.388000 124.470009
3169.375000 60.322102 0.282000 124.670052
3173.500000 60.322102 0.282000 124.869980
3178.125000 60.525040 0.282000 125.070000
3182.125000 60.525040 0.282000 125.270058
3185.375000 60.730019 0.282000 125.469994
3189.625000 60.730019 0.282000 125.669983
3192.125000 60.935009 0.427000 125.870003
3195.625000 60.935009 0.427000 126.070000
3201.125000 61.138809 0.427000 126.269958
3204.250000 61.138809 0.427000 126.470016
3207.875000 61.338909 0.282000 126.669983
3211.625000 61.338909 0.282000 126.870010
3214.250000 61.539055 0.282000 127.069939
3217.000000 61.539055 0.282000 127.269997
3222.250000 61.739201 0.282000 127.470009
3224.000000 61.739201 0.285000 127.669991
3225.375000 61.943245 0.285000 127.869965
3227.500000 61.943245 0.285000 128.070038
3231.500000 62.143368 0.285000 128.269974
3234.375000 62.143368 0.285000 128.469971
3236.500000 62.343498 0.283000 128.669998
3239.000000 62.343498 0.283000 128.870026
3242.750000 62.543625 0.283000 129.070007
3245.875000 62.543625 0.283000 129.269974
3250.375000 62.743752 0.283000 129.470062
3253.625000 62.743752 0.285000 129.670013
3256.875000 62.743752 0.285000 129.870010
3258.250000 62.743752 0.285000 130.069962
3260.000000 62.743752 0.285000 130.269958
3261.625000 62.743752 0.285000 130.470001
3264.125000 62.944893 0.271000 130.669968
3267.000000 62.944893 0.271000 130.870041
3270.750000 62.944893 0.271000 131.069946
3272.500000 63.147087 0.271000 131.270004
3275.125000 63.147087 0.271000 131.470032
3278.000000 63.349228 0.270000 131.669983
3280.250000 63.349228 0.270000 131.870071
3281.500000 63.554211 0.270000 132.069962
3284.125000 63.554211 0.270000 132.269989
3287.500000 63.759174 0.270000 132.469955
3289.750000 63.759174 0.282000 132.670029
3292.500000 63.962631 0.282000 132.869980
3296.750000 63.962631 0.282000 133.069992
3301.625000 64.165123 0.282000 133.269958
3307.000000 64.165123 0.282000 133.470032
3311.875000 64.365135 0.287000 133.670013
3316.375000 64.365135 0.287000 133.870026
3319.625000 64.565918 0.287000 134.070007
3324.125000 64.565918 0.287000 134.269974
3329.375000 64.765938 0.287000 134.469971
3331.750000 64.765938 0.287000 134.670120
3335.125000 64.966736 0.294000 134.869980
3337.875000 64.966736 0.294000 135.070007
3339.125000 65.171738 0.294000 135.269989
3342.250000 65.171738 0.294000 135.470032
3344.375000 65.371796 0.279000 135.670059
3346.375000 65.371796 0.279000 135.869995
3350.500000 65.571838 0.279000 136.070023
3352.750000 65.571838 0.279000 136.269974
3355.500000 65.773155 0.279000 136.470047
3360.000000 65.773155 0.282000 136.669998
3362.625000 65.773155 0.282000 136.869980
3364.750000 65.973213 0.282000 137.069977
3367.500000 65.973213 0.282000 137.270050
3371.125000 66.176712 0.282000 137.469971
3373.625000 66.176712 0.287000 137.669998
3377.125000 66.378426 0.287000 137.870010
3380.750000 66.378426 0.287000 138.070053
3384.125000 66.582642 0.287000 138.270020
3386.625000 66.582642 0.287000 138.469955
3390.000000 66.787590 0.287000 138.669998
3392.875000 66.787590 0.292000 138.869949
3395.125000 66.988121 0.292000 139.069962
3398.375000 66.988121 0.292000 139.270004
3402.625000 67.193077 0.292000 139.470001
3406.125000 67.193077 0.292000 139.669998
3409.250000 67.398010 0.293000 139.870010
3413.375000 67.398010 0.293000 140.070007
3417.625000 67.398010 0.293000 140.269958
3420.625000 67.605438 0.293000 140.470047
3425.625000 67.605438 0.293000 140.670059
3429.125000 67.807869 0.442000 140.870056
3433.250000 67.807869 0.442000 141.069977
3436.625000 68.012787 0.442000 141.269974
3440.375000 68.012787 0.442000 141.469986
3443.375000 68.217667 0.442000 141.670029
3447.250000 68.217667 0.291000 141.870010
3450.125000 68.422546 0.291000 142.069977
3452.875000 68.422546 0.291000 142.270035
3456.125000 68.627426 0.291000 142.470047
3459.500000 68.627426 0.275000 142.669998
3460.250000 68.832306 0.275000 142.869995
3462.250000 68.832306 0.275000 143.069992
3464.375000 69.035751 0.275000 143.269958
3466.500000 69.035751 0.275000 143.470032
3467.750000 69.238205 0.279000 143.669998
3470.750000 69.238205 0.279000 143.869965
3473.750000 69.438293 0.279000 144.069992
3476.375000 69.438293 0.279000 144.269989
3481.375000 69.638420 0.279000 144.470016
3482.875000 69.638420 0.259000 144.669983
3484.375000 69.838501 0.259000 144.869949
3488.375000 69.838501 0.259000 145.070053
3489.750000 70.038544 0.259000 145.270050
3491.625000 70.038544 0.259000 145.470016
3493.750000 70.238579 0.242000 145.670029
3500.125000 70.238579 0.242000 145.869995
3502.500000 70.438614 0.242000 146.070267
3504.750000 70.438614 0.242000 146.269974
3506.625000 70.638649 0.242000 146.470062
3511.875000 70.638649 0.242000 146.670074
3514.125000 70.838684 0.242000 146.869980
3515.875000 70.838684 0.242000 147.070038
3520.625000 71.038719 0.242000 147.270035
3523.625000 71.038719 0.242000 147.470062
3527.375000 71.238747 0.242000 147.669998
3531.875000 71.238747 0.350000 147.870071
3535.750000 71.438774 0.350000 148.070068
3539.875000 71.438774 0.350000 148.269974
3542.375000 71.638817 0.350000 148.470032
3543.750000 71.638817 0.262000 148.670074
3545.750000 71.838852 0.262000 148.869980
3547.500000 71.838852 0.262000 149.069962
3550.750000 72.038895 0.262000 149.269958
3555.500000 72.038895 0.262000 149.470001
3557.375000 72.238937 0.241000 149.670044
3560.250000 72.238937 0.241000 149.869995
3561.625000 72.438980 0.241000 150.069946
3566.250000 72.438980 0.241000 150.270035
3569.125000 72.639015 0.241000 150.469955
3572.375000 72.639015 0.244000 150.670029
3574.875000 72.839050 0.244000 150.869949
3577.250000 72.839050 0.244000 151.069977
3580.375000 73.039085 0.244000 151.270004
3583.875000 73.039085 0.244000 151.469971
3585.500000 73.239120 0.244000 151.669968
3588.500000 73.239120 0.358000 151.869949
3591.000000 73.439156 0.358000 152.069977
3593.375000 73.439156 0.358000 152.269974
3596.250000 73.639191 0.358000 152.470032
3598.500000 73.639191 0.260000 152.670044
3600.750000 73.839226 0.260000 152.869995
3603.875000 73.839226 0.260000 153.070068
3606.000000 74.039261 0.260000 153.269958
3608.250000 74.039261 0.260000 153.469986
3610.000000 74.239288 0.260000 153.669968
3611.625000 74.239288 0.345000 153.869949
3613.625000 74.439323 0.345000 154.069962
3617.000000 74.439323 0.345000 154.270035
3619.625000 74.639359 0.345000 154.470032
3622.500000 74.639359 0.257000 154.669952
3624.375000 74.839394 0.257000 154.869995
3627.375000 74.839394 0.257000 155.069992
3631.250000 75.039429 0.257000 155.270020
3632.250000 75.039429 0.257000 155.469955
3634.000000 75.239464 0.240000 155.670044
3635.250000 75.239464 0.240000 155.870041
3635.750000 75.239464 0.240000 156.069946
3635.875000 75.239464 0.240000 156.269943
3636.125000 75.239464 0.240000 156.469955
3636.500000 75.239464 0.227000 156.669998
3637.000000 75.239464 0.227000 156.870026
3638.500000 75.239464 0.227000 157.069992
3640.250000 75.441376 0.227000 157.270050
3641.500000 75.441376 0.227000 157.469971
3643.375000 75.646378 0.226000 157.669968
3643.875000 75.646378 0.226000 157.869949
3645.625000 75.848335 0.226000 158.070053
3647.125000 75.848335 0.226000 158.270111
3648.250000 76.053314 0.226000 158.470032
3649.625000 76.053314 0.226000 158.680008
3651.625000 76.253387 0.339000 158.870010
3652.750000 76.253387 0.339000 159.070038
3654.625000 76.453522 0.339000 159.270004
3657.375000 76.453522 0.339000 159.469986
3659.500000 76.653603 0.339000 159.670105
3661.125000 76.653603 0.344000 159.870071
3661.875000 76.853683 0.344000 160.069962
3663.500000 76.853683 0.344000 160.279999
3666.625000 77.053749 0.344000 160.469955
3668.250000 77.053749 0.246000 160.669952
3671.625000 77.253822 0.246000 160.869949
3673.375000 77.253822 0.246000 161.070053
3674.875000 77.453903 0.246000 161.269989
3676.875000 77.453903 0.246000 161.470001
3678.250000 77.653984 0.262000 161.670013
3679.500000 77.653984 0.262000 161.869980
3682.875000 77.854073 0.262000 162.069946
3684.250000 77.854073 0.262000 162.270065
3686.000000 78.054153 0.262000 162.469986
3688.375000 78.054153 0.262000 162.669983
3691.500000 78.254242 0.262000 162.869965
3692.750000 78.254242 0.262000 163.070023
3695.125000 78.454269 0.262000 163.269974
3697.125000 78.454269 0.262000 163.469955
3699.125000 78.659241 0.265000 163.670013
3701.875000 78.659241 0.265000 163.869965
3704.375000 78.864212 0.265000 164.069992
3706.500000 78.864212 0.265000 164.269974
3708.625000 79.069183 0.265000 164.469986
3710.500000 79.069183 0.265000 164.669998
3711.875000 79.274147 0.373000 164.869995
3713.500000 79.274147 0.373000 165.069946
3714.625000 79.479118 0.373000 165.279999
3716.250000 79.479118 0.373000 165.479996
3717.625000 79.684082 0.373000 165.669952
3719.125000 79.684082 0.380000 165.869980
3721.500000 79.889053 0.380000 166.069992
3722.000000 79.889053 0.380000 166.270065
3723.250000 79.889053 0.380000 166.470001
3724.875000 80.089897 0.252000 166.669998
3727.000000 80.089897 0.252000 166.869980
3729.500000 80.289902 0.252000 167.070023
3731.000000 80.289902 0.252000 167.269974
3732.500000 80.494858 0.252000 167.470001
3735.125000 80.494858 0.252000 167.670074
3737.250000 80.699776 0.404000 167.870071
3738.250000 80.699776 0.404000 168.080383
3738.250000 80.699776 0.404000 168.280441
3738.500000 80.699776 0.404000 168.480255
3739.750000 80.900139 0.404000 168.690308
3741.750000 80.900139 0.404000 168.890396
3743.625000 81.101616 0.404000 169.080124
3745.625000 81.101616 0.657000 169.280090
3747.625000 81.304672 0.657000 169.480087
3749.375000 81.304672 0.250000 169.679993
3751.250000 81.304672 0.250000 169.880005
3753.000000 81.505592 0.250000 170.080002
3754.625000 81.505592 0.250000 170.279999
3757.875000 81.710571 0.250000 170.480011
3759.125000 81.710571 0.256000 170.680084
3761.500000 81.915550 0.256000 170.880005
3763.500000 81.915550 0.256000 171.080093
3766.000000 82.120529 0.256000 171.279999
3767.750000 82.120529 0.256000 171.480103
3770.375000 82.325508 0.256000 171.680008
3772.000000 82.325508 0.348000 171.880035
3775.125000 82.529228 0.348000 172.080002
3776.375000 82.529228 0.348000 172.279999
3779.375000 82.732368 0.348000 172.479996
3781.500000 82.732368 0.253000 172.680069
3785.750000 82.935059 0.253000 172.880005
3788.125000 82.935059 0.253000 173.080093
3789.125000 83.138565 0.253000 173.280121
3791.250000 83.138565 0.253000 173.479996
3793.625000 83.338692 0.253000 173.680008
3796.125000 83.338692 0.413000 173.880081
3799.000000 83.538818 0.413000 174.080002
3801.250000 83.538818 0.413000 174.279999
3801.875000 83.742874 0.413000 174.480072
3802.625000 83.742874 0.256000 174.680023
3804.750000 83.946808 0.256000 174.880066
3807.500000 83.946808 0.256000 175.080002
3810.250000 84.148384 0.256000 175.279999
3810.375000 84.148384 0.256000 175.480042
3811.625000 84.353310 0.267000 175.680008
3813.500000 84.353310 0.267000 175.880096
3816.750000 84.353310 0.267000 176.080002
3818.750000 84.560669 0.267000 176.280075
3820.750000 84.560669 0.267000 176.480011
3821.500000 84.763031 0.267000 176.680099
3825.000000 84.763031 0.355000 176.880005
3827.375000 84.967896 0.355000 177.080002
3828.875000 84.967896 0.355000 177.280075
3831.000000 85.172760 0.355000 177.480011
3833.875000 85.172760 0.256000 177.679993
3836.750000 85.377617 0.256000 177.880005
3838.625000 85.377617 0.256000 178.079987
3839.625000 85.581734 0.256000 178.280090
3841.375000 85.581734 0.256000 178.479996
3844.875000 85.782127 0.256000 178.680008
3847.500000 85.782127 0.358000 178.880005
3849.625000 85.982208 0.358000 179.080002
3851.500000 85.982208 0.358000 179.279999
3853.000000 86.186028 0.358000 179.480011
3856.250000 86.186028 0.358000 179.680099
3859.375000 86.390503 0.369000 179.880127
3862.375000 86.390503 0.369000 180.080032
3864.375000 86.591240 0.369000 180.280060
3866.625000 86.591240 0.369000 180.479996
3867.750000 86.796211 0.274000 180.680008
3868.125000 86.796211 0.274000 180.880112
3868.875000 86.796211 0.274000 181.080109
3871.250000 86.999695 0.274000 181.280014
3873.000000 86.999695 0.274000 181.479996
3874.750000 86.999695 0.261000 181.680130
3876.625000 87.202156 0.261000 181.880005
3878.750000 87.202156 0.261000 182.080002
3881.250000 87.402725 0.261000 182.279999
3882.875000 87.402725 0.261000 182.480072
3884.250000 87.603546 0.261000 182.680069
3885.875000 87.603546 0.362000 182.880005
3890.000000 87.808533 0.362000 183.080078
3892.500000 87.808533 0.362000 183.280075
3895.625000 88.013466 0.362000 183.479996
3897.375000 88.013466 0.267000 183.680008
3899.625000 88.218399 0.267000 183.880005
3900.750000 88.218399 0.267000 184.080002
3902.875000 88.418404 0.267000 184.280014
3905.125000 88.418404 0.267000 184.480026
3907.375000 88.618423 0.267000 184.679993
3909.625000 88.618423 0.385000 184.879990
3912.750000 88.818443 0.385000 185.079987
3914.125000 88.818443 0.385000 185.279984
3915.500000 89.023415 0.385000 185.480103
3916.125000 89.023415 0.281000 185.679993
3918.125000 89.228348 0.281000 185.880005
3919.750000 89.228348 0.281000 186.080017
3920.500000 89.433273 0.281000 186.279999
3921.375000 89.433273 0.281000 186.480011
3923.000000 89.433273 0.276000 186.679993
3923.750000 89.640717 0.276000 186.879990
3924.875000 89.640717 0.276000 187.080002
3927.125000 89.844757 0.276000 187.280197
3927.625000 89.844757 0.276000 187.480026
3928.500000 90.049751 0.276000 187.680069
3928.750000 90.049751 0.393000 187.880081
3929.125000 90.253197 0.393000 188.080002
3930.375000 90.253197 0.393000 188.279999
3931.125000 90.455658 0.393000 188.480011
3931.250000 90.455658 0.393000 188.680099
3932.000000 90.659164 0.298000 188.880066
3932.875000 90.659164 0.298000 189.080063
3933.500000 90.861656 0.298000 189.280014
3934.875000 90.861656 0.298000 189.479996
3936.500000 91.066597 0.284000 189.679993
3937.250000 91.066597 0.284000 189.880066
3937.375000 91.066597 0.284000 190.080002
3938.375000 91.066597 0.284000 190.280014
3940.375000 91.266769 0.284000 190.479996
3941.000000 91.266769 0.264000 190.679993
3941.375000 91.467674 0.264000 190.879990
3941.750000 91.467674 0.264000 191.079987
3943.625000 91.672592 0.264000 191.279999
3945.250000 91.672592 0.264000 191.480011
3945.875000 91.876823 0.249000 191.679993
3947.500000 91.876823 0.249000 191.879990
3947.875000 92.079285 0.249000 192.080002
3949.625000 92.079285 0.249000 192.279999
3950.875000 92.284203 0.249000 192.480026
3951.375000 92.284203 0.239000 192.680084
3952.500000 92.489113 0.239000 192.880005
3953.875000 92.489113 0.239000 193.080002
3954.750000 92.694023 0.239000 193.279999
3955.500000 92.694023 0.239000 193.479996
3956.875000 92.898933 0.244000 193.679993
3958.250000 92.898933 0.244000 193.880005
3958.500000 93.102829 0.244000 194.080017
3959.500000 93.102829 0.244000 194.279999
3960.500000 93.304420 0.244000 194.479996
3961.500000 93.304420 0.240000 194.680008
3963.000000 93.504433 0.240000 194.880081
3964.125000 93.504433 0.240000 195.080078
3965.125000 93.704468 0.240000 195.279999
3966.500000 93.704468 0.240000 195.479996
3966.875000 93.904503 0.256000 195.680023
3967.500000 93.904503 0.256000 195.880066
3968.625000 94.106079 0.256000 196.079987
3969.625000 94.106079 0.256000 196.279999
3970.500000 94.106079 0.256000 196.480011
3972.000000 94.310158 0.243000 196.680054
3972.625000 94.310158 0.243000 196.880035
3974.000000 94.510155 0.243000 197.080002
3975.750000 94.510155 0.243000 197.280075
3976.500000 94.710251 0.243000 197.480011
3977.500000 94.710251 0.260000 197.680008
3978.875000 94.910332 0.260000 197.880035
3979.000000 94.910332 0.260000 198.080093
3979.500000 95.110405 0.260000 198.280106
3981.125000 95.110405 0.260000 198.479996
3982.250000 95.310486 0.260000 198.679993
3983.250000 95.310486 0.332000 198.880005
3983.750000 95.513069 0.332000 199.080002
3984.500000 95.513069 0.332000 199.279999
3984.625000 95.713142 0.332000 199.480133
3985.375000 95.713142 0.248000 199.680008
3985.750000 95.913223 0.248000 199.879990
3986.750000 95.913223 0.248000 200.080002
3987.500000 96.113304 0.248000 200.279999
3988.625000 96.113304 0.248000 200.480103
3991.125000 96.313362 0.245000 200.680008
3991.750000 96.313362 0.245000 200.880005
3992.500000 96.513435 0.245000 201.080078
3993.250000 96.513435 0.245000 201.280090
3994.000000 96.713516 0.245000 201.480133
3994.375000 96.713516 0.247000 201.679993
3996.500000 96.913589 0.247000 201.880081
3997.125000 96.913589 0.247000 202.080002
3997.750000 97.114471 0.247000 202.280075
3998.250000 97.114471 0.247000 202.480011
3998.500000 97.314507 0.247000 202.680023
4000.125000 97.314507 0.344000 202.880005
4000.750000 97.514610 0.344000 203.080078
4001.000000 97.514610 0.344000 203.279999
4003.500000 97.714668 0.344000 203.480026
4004.625000 97.714668 0.265000 203.680099
4005.000000 97.914764 0.265000 203.880005
4005.375000 97.914764 0.265000 204.080093
4005.375000 98.114822 0.265000 204.280014
4005.875000 98.114822 0.265000 204.480011
4006.500000 98.314880 0.245000 204.679993
4007.375000 98.314880 0.245000 204.880005
4007.625000 98.517990 0.245000 205.080078
4008.250000 98.517990 0.245000 205.280014
4009.625000 98.720154 0.245000 205.479996
4010.000000 98.720154 0.252000 205.680038
4011.000000 98.921425 0.252000 205.879990
4012.000000 98.921425 0.252000 206.080078
4012.500000 99.126167 0.252000 206.280014
4012.625000 99.126167 0.252000 206.480011
4013.625000 99.326225 0.258000 206.679993
4015.000000 99.326225 0.258000 206.880005
4015.625000 99.526283 0.258000 207.080078
4016.875000 99.526283 0.258000 207.279999
4017.000000 99.726341 0.258000 207.480026
4017.125000 99.726341 0.207000 207.680069
4017.625000 99.928612 0.207000 207.880142
4019.000000 99.928612 0.207000 208.080002
4019.625000 100.132843 0.207000 208.279999
4019.750000 100.132843 0.207000 208.480118
4020.000000 100.337807 0.205000 208.679993
4020.125000 100.337807 0.205000 208.879990
4021.000000 100.542770 0.205000 209.080078
4021.250000 100.542770 0.205000 209.279999
4021.875000 100.747742 0.205000 209.479996
4022.500000 100.747742 0.211000 209.680008
4023.500000 100.949074 0.211000 209.880005
4024.125000 100.949074 0.211000 210.080093
4024.500000 101.153984 0.211000 210.279999
4024.625000 101.153984 0.211000 210.479996
4025.000000 101.153984 0.205000 210.680008
4025.125000 101.361382 0.205000 210.880081
4026.000000 101.361382 0.205000 211.080002
4026.250000 101.563782 0.205000 211.280106
4026.250000 101.563782 0.205000 211.480042
4026.625000 101.768677 0.203000 211.680008
4026.750000 101.768677 0.203000 211.880112
4026.875000 101.973579 0.203000 212.080200
4027.125000 101.973579 0.203000 212.279999
4027.750000 102.178482 0.203000 212.480118
4028.000000 102.178482 0.259000 212.680115
4028.250000 102.383385 0.259000 212.880005
4028.625000 102.383385 0.259000 213.080109
4028.750000 102.588287 0.259000 213.280014
4029.000000 102.588287 0.259000 213.480011
4029.250000 102.793190 0.204000 213.680054
4029.500000 102.793190 0.204000 213.880005
4029.500000 102.998093 0.204000 214.080002
4029.625000 102.998093 0.204000 214.279999
4030.250000 103.202995 0.204000 214.480011
4030.500000 103.202995 0.198000 214.679993
4030.750000 103.407898 0.198000 214.880005
4031.125000 103.407898 0.198000 215.080002
4031.625000 103.612801 0.198000 215.279999
4032.250000 103.612801 0.198000 215.480179
4032.375000 103.817703 0.201000 215.680008
4032.375000 103.817703 0.201000 215.880127
4032.500000 104.022606 0.201000 216.080002
4033.375000 104.022606 0.201000 216.279999
4033.875000 104.227509 0.201000 216.480026
4033.875000 104.227509 0.199000 216.680115
4034.250000 104.227509 0.199000 216.880142
4034.250000 104.227509 0.199000 217.080002
4034.250000 104.227509 0.199000 217.279999
4034.250000 104.227509 0.199000 217.479996
4034.250000 104.227509 0.190000 217.679993
4034.250000 104.227509 0.190000 217.880096
4034.250000 104.430290 0.190000 218.080078
4034.625000 104.430290 0.190000 218.279999
4034.875000 104.635277 0.190000 218.480011
4034.875000 104.635277 0.191000 218.679993
4034.875000 104.835312 0.191000 218.880005
4035.375000 104.835312 0.191000 219.080139
4035.375000 105.035347 0.191000 219.280121
4036.000000 105.035347 0.191000 219.479996
4036.125000 105.235382 0.194000 219.680145
4036.375000 105.235382 0.194000 219.880096
4037.625000 105.440262 0.194000 220.080002
4037.750000 105.440262 0.194000 220.279999
4038.250000 105.645142 0.194000 220.480011
4038.750000 105.645142 0.192000 220.679993
4038.875000 105.848976 0.192000 220.879990
4039.250000 105.848976 0.192000 221.080109
4039.375000 106.053963 0.192000 221.279999
4039.875000 106.053963 0.192000 221.480011
4040.000000 106.053963 0.196000 221.680099
4040.000000 106.261444 0.196000 221.880142
4040.875000 106.261444 0.196000 222.080093
4041.750000 106.463928 0.196000 222.279999
4042.250000 106.463928 0.196000 222.480011
4043.250000 106.668907 0.199000 222.680069
4043.500000 106.668907 0.199000 222.880005
4044.125000 106.873886 0.199000 223.080002
4044.625000 106.873886 0.199000 223.279999
4044.875000 107.078865 0.199000 223.480026
4045.375000 107.078865 0.198000 223.680115
4045.500000 107.282654 0.198000 223.879990
4046.625000 107.282654 0.198000 224.080002
4046.625000 107.487625 0.198000 224.280029
4046.875000 107.487625 0.198000 224.479996
4047.375000 107.692581 0.209000 224.680130
4048.875000 107.692581 0.209000 224.880005
4049.625000 107.897537 0.209000 225.080109
4050.125000 107.897537 0.209000 225.280106
4050.500000 108.102493 0.209000 225.480118
4051.125000 108.102493 0.213000 225.680008
4051.250000 108.307449 0.213000 225.879990
4051.750000 108.307449 0.213000 226.080109
4052.375000 108.512413 0.213000 226.280060
4052.750000 108.512413 0.213000 226.479996
4053.125000 108.717392 0.200000 226.679993
4054.000000 108.717392 0.200000 226.879990
4054.125000 108.921989 0.200000 227.080124
4054.375000 108.921989 0.200000 227.280014
4055.250000 109.122002 0.200000 227.480011
4055.750000 109.122002 0.226000 227.680008
4056.625000 109.322044 0.226000 227.880051
4056.875000 109.322044 0.226000 228.080139
4057.875000 109.522087 0.226000 228.279999
4058.125000 109.522087 0.226000 228.479996
4059.750000 109.722130 0.276000 228.680008
4060.000000 109.722130 0.276000 228.879990
4060.250000 109.922173 0.276000 229.080154
4061.250000 109.922173 0.276000 229.279999
4062.875000 110.127083 0.276000 229.480011
4063.000000 110.127083 0.261000 229.679993
4064.250000 110.328194 0.261000 229.879990
4065.500000 110.328194 0.261000 230.080002
4065.750000 110.528198 0.261000 230.279999
4066.500000 110.528198 0.261000 230.480057
4067.125000 110.528198 0.214000 230.680084
4067.500000 110.735687 0.214000 230.880051
4068.000000 110.735687 0.214000 231.080154
4068.625000 110.938179 0.214000 231.280045
4069.000000 110.938179 0.214000 231.480057
4069.125000 111.143173 0.252000 231.680115
4069.875000 111.143173 0.252000 231.880081
4070.125000 111.344040 0.252000 232.079987
4071.250000 111.344040 0.252000 232.280045
4071.625000 111.545212 0.252000 232.479996
4072.125000 111.545212 0.215000 232.680084
4072.750000 111.745239 0.215000 232.879990
4073.750000 111.745239 0.215000 233.080032
4074.500000 111.946053 0.215000 233.279999
4075.375000 111.946053 0.215000 233.479996
4076.125000 112.148560 0.218000 233.680008
4076.875000 112.148560 0.218000 233.880066
4077.625000 112.352028 0.218000 234.080002
4077.750000 112.352028 0.218000 234.279999
4078.000000 112.553055 0.218000 234.480011
4078.625000 112.553055 0.225000 234.680008
4079.750000 112.753838 0.225000 234.880112
4080.250000 112.753838 0.225000 235.080139
4080.625000 112.958817 0.225000 235.279999
4081.250000 112.958817 0.225000 235.479996
4082.125000 113.163780 0.219000 235.680023
4082.625000 113.163780 0.219000 235.879990
4082.750000 113.163780 0.219000 236.080002
4083.750000 113.163780 0.219000 236.280075
4084.375000 113.365646 0.219000 236.479996
4085.250000 113.365646 0.215000 236.679993
4086.125000 113.569847 0.215000 236.880127
4086.875000 113.569847 0.215000 237.080002
4088.125000 113.769997 0.215000 237.280014
4089.375000 113.769997 0.215000 237.480057
4090.125000 113.970177 0.221000 237.680115
4091.250000 113.970177 0.221000 237.880035
4092.125000 114.170387 0.221000 238.080002
4092.500000 114.170387 0.221000 238.279999
4093.625000 114.370598 0.221000 238.479996
4094.875000 114.370598 0.223000 238.679993
4095.125000 114.570816 0.223000 238.880005
4097.375000 114.570816 0.223000 239.080109
4098.250000 114.771027 0.223000 239.280121
4098.250000 114.771027 0.223000 239.479996
4098.375000 114.971245 0.218000 239.679993
4098.500000 114.971245 0.218000 239.879990
4099.125000 115.171494 0.218000 240.080124
4099.250000 115.171494 0.218000 240.279999
4099.750000 115.371742 0.218000 240.480118
4100.375000 115.371742 0.213000 240.679993
4101.000000 115.571991 0.213000 240.880005
4101.875000 115.571991 0.213000 241.080032
4102.000000 115.772240 0.213000 241.280106
4102.500000 115.772240 0.213000 241.480011
4102.500000 115.972511 0.218000 241.680206
4102.625000 115.972511 0.218000 241.880005
4102.875000 116.172661 0.218000 242.079987
4103.500000 116.172661 0.218000 242.279999
4103.750000 116.372734 0.218000 242.479996
4104.125000 116.372734 0.212000 242.679993
4104.625000 116.572777 0.212000 242.880005
4104.875000 116.572777 0.212000 243.080002
4106.000000 116.772820 0.212000 243.280060
4106.500000 116.772820 0.212000 243.480103
4107.000000 116.972855 0.223000 243.680084
4107.375000 116.972855 0.223000 243.880127
4107.875000 117.172882 0.223000 244.080048
4108.500000 117.172882 0.223000 244.280106
4108.875000 117.372917 0.223000 244.479996
4109.500000 117.372917 0.253000 244.679993
4109.625000 117.572945 0.253000 244.880066
4109.750000 117.572945 0.253000 245.080002
4109.875000 117.772957 0.253000 245.280090
4110.750000 117.772957 0.253000 245.480026
4113.750000 117.972969 0.227000 245.680008
4114.250000 117.972969 0.227000 245.880035
4114.750000 118.172997 0.227000 246.080017
4115.250000 118.172997 0.227000 246.280090
4116.250000 118.373032 0.227000 246.479996
4116.500000 118.373032 0.212000 246.680038
4116.625000 118.573051 0.212000 246.880112
4116.625000 118.573051 0.212000 247.080002
4116.875000 118.773071 0.212000 247.280014
4117.000000 118.773071 0.212000 247.479996
4117.000000 118.973114 0.203000 247.680115
4117.000000 118.973114 0.203000 247.880005
4117.250000 119.173141 0.203000 248.080109
4117.375000 119.173141 0.203000 248.279999
4117.625000 119.373154 0.203000 248.479996
4117.875000 119.373154 0.187000 248.680008
4118.375000 119.574669 0.187000 248.880005
4118.750000 119.574669 0.187000 249.080002
4119.375000 119.779396 0.187000 249.280029
4120.375000 119.779396 0.187000 249.480026
4120.500000 119.984360 0.189000 249.679993
4121.375000 119.984360 0.189000 249.879990
4122.625000 120.189323 0.189000 250.080078
4122.875000 120.189323 0.189000 250.279999
4123.375000 120.394287 0.189000 250.480011
4124.125000 120.394287 0.194000 250.680008
4124.500000 120.595192 0.194000 250.880005
4124.875000 120.595192 0.194000 251.089981
4125.875000 120.595192 0.194000 251.280090
4125.875000 120.802628 0.194000 251.479996
4126.625000 120.802628 0.197000 251.680069
4127.500000 121.004990 0.197000 251.880005
4127.750000 121.004990 0.197000 252.080093
4127.875000 121.209846 0.197000 252.280014
4127.875000 121.209846 0.197000 252.479996
4128.500000 121.414703 0.196000 252.680054
4128.500000 121.414703 0.196000 252.879990
4128.500000 121.414703 0.196000 253.080002
4128.500000 121.414703 0.196000 253.280060
4128.500000 121.414703 0.196000 253.479996
4128.500000 121.414703 0.183000 253.680008
4129.875000 121.616150 0.183000 253.879990
4130.250000 121.616150 0.183000 254.080002
4131.125000 121.817513 0.183000 254.279999
4131.250000 121.817513 0.183000 254.480011
4131.375000 122.022514 0.187000 254.680008
4131.500000 122.022514 0.187000 254.879990
4131.875000 122.227478 0.187000 255.080002
4132.375000 122.227478 0.187000 255.279999
4132.500000 122.432442 0.187000 255.480118
4133.125000 122.432442 0.197000 255.680008
4133.500000 122.637405 0.197000 255.880005
4133.875000 122.637405 0.197000 256.079987
4134.375000 122.842369 0.197000 256.279999
4134.500000 122.842369 0.197000 256.480011
4134.625000 123.047333 0.192000 256.680084
4134.625000 123.047333 0.192000 256.880005
4135.125000 123.047333 0.192000 257.079987
4135.250000 123.254799 0.192000 257.280029
4135.250000 123.254799 0.192000 257.479980
4135.250000 123.457260 0.190000 257.680054
4135.375000 123.457260 0.190000 257.880005
4135.375000 123.662224 0.190000 258.080017
4136.000000 123.662224 0.190000 258.280121
4136.000000 123.867188 0.190000 258.480011
4136.000000 123.867188 0.193000 258.679993
4136.500000 124.072151 0.193000 258.880005
4136.500000 124.072151 0.193000 259.080109
4136.750000 124.277077 0.193000 259.279999
4137.375000 124.277077 0.193000 259.479980
4137.750000 124.477989 0.194000 259.679993
4138.375000 124.477989 0.194000 259.880127
4139.375000 124.678093 0.194000 260.080017
4139.625000 124.678093 0.194000 260.279999
4139.875000 124.878220 0.194000 260.480011
4141.000000 124.878220 0.192000 260.680054
4141.500000 125.078362 0.192000 260.880005
4141.500000 125.078362 0.192000 261.079987
4141.750000 125.278458 0.192000 261.280121
4142.250000 125.278458 0.192000 261.480011
4142.500000 125.483452 0.188000 261.680115
4142.625000 125.483452 0.188000 261.880035
4142.750000 125.688446 0.188000 262.079987
4143.000000 125.688446 0.188000 262.280090
4143.000000 125.893425 0.188000 262.480011
4143.000000 125.893425 0.185000 262.680084
4143.375000 126.098404 0.185000 262.880005
4143.500000 126.098404 0.185000 263.079987
4143.750000 126.303383 0.185000 263.279999
4143.750000 126.303383 0.185000 263.480133
4144.000000 126.508377 0.197000 263.679993
4144.750000 126.508377 0.197000 263.880005
4146.125000 126.710304 0.197000 264.080017
4146.250000 126.710304 0.197000 264.279999
4146.750000 126.915298 0.197000 264.480072
4147.000000 126.915298 0.185000 264.679993
4147.000000 127.115463 0.185000 264.880005
4147.125000 127.115463 0.185000 265.079987
4148.125000 127.315636 0.185000 265.279999
4149.250000 127.315636 0.185000 265.480103
4149.625000 127.515839 0.195000 265.679993
4149.625000 127.515839 0.195000 265.880096
4149.625000 127.715889 0.195000 266.080078
4149.750000 127.715889 0.195000 266.279999
4150.500000 127.920891 0.195000 266.480042
4150.500000 127.920891 0.204000 266.680023
4150.750000 128.120895 0.204000 266.880127
4151.000000 128.120895 0.204000 267.080017
4151.125000 128.325897 0.204000 267.280121
4151.250000 128.325897 0.204000 267.479980
4151.375000 128.325897 0.207000 267.680023
4151.375000 128.533386 0.207000 267.880005
4151.875000 128.533386 0.207000 268.079987
4152.000000 128.735886 0.207000 268.279999
4152.125000 128.735886 0.207000 268.480011
4152.125000 128.940887 0.194000 268.679993
4152.125000 128.940887 0.194000 268.880005
4152.500000 129.145889 0.194000 269.080109
4153.125000 129.145889 0.194000 269.279999
4153.125000 129.350891 0.194000 269.480011
4153.125000 129.350891 0.193000 269.680115
4153.125000 129.555893 0.193000 269.880096
4153.375000 129.555893 0.193000 270.079987
4153.500000 129.755905 0.193000 270.279999
4153.750000 129.755905 0.193000 270.480133
4154.250000 129.955917 0.196000 270.680054
4154.375000 129.955917 0.196000 270.880005
4154.375000 130.155930 0.196000 271.079987
4154.500000 130.155930 0.196000 271.279999
4154.625000 130.360931 0.196000 271.479980
4154.875000 130.360931 0.205000 271.680084
4155.000000 130.560928 0.205000 271.880096
4155.000000 130.560928 0.205000 272.079987
4155.000000 130.760925 0.205000 272.280090
4155.125000 130.760925 0.205000 272.480011
4155.125000 130.960922 0.203000 272.679993
4155.125000 130.960922 0.203000 272.880005
4155.375000 131.160950 0.203000 273.079987
4155.500000 131.160950 0.203000 273.279999
4155.500000 131.360962 0.203000 273.480072
4155.750000 131.360962 0.202000 273.679993
4155.750000 131.560959 0.202000 273.880005
4155.750000 131.560959 0.202000 274.079987
4155.875000 131.760956 0.202000 274.280029
4156.000000 131.760956 0.202000 274.480011
4156.000000 131.960953 0.194000 274.679993
4156.125000 131.960953 0.194000 274.880005
4156.250000 132.160950 0.194000 275.080048
4156.500000 132.160950 0.194000 275.280090
4156.500000 132.360962 0.194000 275.480011
4156.500000 132.360962 0.192000 275.680115
4156.625000 132.565964 0.192000 275.880005
4156.625000 132.565964 0.192000 276.079987
4156.750000 132.767426 0.192000 276.279999
4157.000000 132.767426 0.192000 276.480042
4157.250000 132.970612 0.190000 276.680115
4157.375000 132.970612 0.190000 276.880096
4157.750000 133.170746 0.190000 277.080017
4158.000000 133.170746 0.190000 277.279999
4158.000000 133.370926 0.190000 277.480042
4158.125000 133.370926 0.191000 277.679993
4158.375000 133.571106 0.191000 277.880005
4158.500000 133.571106 0.191000 278.080017
4158.625000 133.771301 0.191000 278.279999
4159.250000 133.771301 0.191000 278.480011
4159.500000 133.971497 0.193000 278.679993
4160.000000 133.971497 0.193000 278.880096
4160.500000 134.171707 0.193000 279.080109
4160.500000 134.171707 0.193000 279.279999
4160.750000 134.371933 0.193000 279.480103
4161.125000 134.371933 0.190000 279.680084
4161.625000 134.572174 0.190000 279.880005
4161.625000 134.572174 0.190000 280.080048
4161.875000 134.772324 0.190000 280.279999
4162.000000 134.772324 0.190000 280.480103
4162.500000 134.972397 0.192000 280.680023
4162.500000 134.972397 0.192000 280.880096
4162.750000 135.172409 0.192000 281.080109
4163.500000 135.172409 0.192000 281.279999
4164.000000 135.372421 0.192000 281.479980
4164.125000 135.372421 0.215000 281.679993
4164.500000 135.577393 0.215000 281.880066
4164.750000 135.577393 0.215000 282.080017
4165.250000 135.782257 0.215000 282.280029
4166.250000 135.782257 0.215000 282.480133
4166.500000 135.982254 0.215000 282.680084
4167.000000 135.982254 0.215000 282.880005
4168.250000 136.182251 0.215000 283.079987
4168.625000 136.182251 0.215000 283.279999
4170.125000 136.387238 0.215000 283.479980
4170.500000 136.387238 0.190000 283.680084
4171.125000 136.587234 0.190000 283.880066
4171.750000 136.587234 0.190000 284.079987
4173.250000 136.787247 0.190000 284.280121
4173.750000 136.787247 0.190000 284.480011
4174.500000 136.992233 0.198000 284.679993
4174.500000 136.992233 0.198000 284.880005
4174.500000 136.992233 0.198000 285.080017
4174.500000 136.992233 0.198000 285.280121
4174.500000 136.992233 0.198000 285.480072
4174.500000 136.992233 0.182000 285.680084
4174.625000 136.992233 0.182000 285.880096
4174.625000 136.992233 0.182000 286.079987
4174.875000 136.992233 0.182000 286.279999
4175.000000 136.992233 0.182000 286.480103
4175.000000 137.194427 0.182000 286.679993
4175.125000 137.194427 0.182000 286.880005
4175.625000 137.394440 0.182000 287.080109
4176.000000 137.394440 0.182000 287.279999
4176.000000 137.599426 0.182000 287.479980
4176.125000 137.599426 0.189000 287.679993
4176.125000 137.599426 0.189000 287.880005
4176.125000 137.799683 0.189000 288.080017
4176.250000 137.799683 0.189000 288.279999
4176.250000 137.799683 0.189000 288.480011
4176.250000 137.799683 0.183000 288.679993
4176.250000 138.004120 0.183000 288.880005
4176.250000 138.004120 0.183000 289.079987
4176.250000 138.004120 0.183000 289.280029
4176.250000 138.004120 0.183000 289.479980
4176.250000 138.004120 0.172000 289.679993
4176.750000 138.004120 0.172000 289.880096
4176.875000 138.004120 0.172000 290.080109
4177.375000 138.207779 0.172000 290.279999
4177.875000 138.207779 0.172000 290.480072
4178.750000 138.408264 0.176000 290.679993
4178.750000 138.408264 0.176000 290.880096
4178.750000 138.613235 0.176000 291.079987
4178.750000 138.613235 0.176000 291.280090
4179.625000 138.818207 0.176000 291.479980
4180.500000 138.818207 0.194000 291.680084
4180.500000 139.023178 0.194000 291.880005
4180.500000 139.023178 0.194000 292.080139
4180.500000 139.228149 0.194000 292.280121
4180.500000 139.228149 0.194000 292.480011
4180.625000 139.433121 0.190000 292.680084
4182.000000 139.433121 0.190000 292.880066
4182.125000 139.638092 0.190000 293.080109
4182.250000 139.638092 0.190000 293.279999
4182.250000 139.843063 0.190000 293.480011
4182.250000 139.843063 0.204000 293.679993
4183.125000 139.843063 0.204000 293.880005
4184.000000 140.050537 0.20400