0.201750 0.000000 0.750000 0.000000 -0.000000 0.000000 0.000000
0.406750 0.000000 0.750000 0.000000 -0.000000 0.000000 0.410051
0.606689 0.009133 0.750000 0.000000 -0.000000 0.575154 1.140065
0.731195 0.171727 0.750000 0.000000 -0.000000 0.956825 1.890094
0.849282 0.339299 0.750000 0.000000 -0.000000 0.957044 2.300047
0.967196 0.506687 0.750000 0.000000 -0.000000 0.961095 2.709988
1.068973 0.683683 0.750000 0.000000 -0.000000 1.061840 3.130028
1.166297 0.858406 0.750000 0.000000 -0.000000 1.062701 3.530001
1.263601 1.033142 0.750000 0.000000 -0.000000 1.062710 3.929997
1.360904 1.207875 0.754096 0.002387 -0.001094 1.062714 4.330008
1.458208 1.382607 0.759608 0.005560 -0.003395 1.062718 4.729999
1.555511 1.557339 0.763736 0.007463 -0.005118 1.062724 5.130007
1.652811 1.732073 0.766926 0.008428 -0.006423 1.062724 5.530002
1.750109 1.906809 0.769536 0.008867 -0.007622 1.062724 5.929958
1.847404 2.081544 0.771859 0.008995 -0.008722 1.062725 6.330019
1.944701 2.256276 0.774268 0.008940 -0.009498 1.062726 6.730016
2.041995 2.431009 0.776628 0.008788 -0.010164 1.062726 7.129973
2.139288 2.605741 0.778894 0.008574 -0.010809 1.062726 7.530049
2.236582 2.780473 0.781150 0.008374 -0.011424 1.062726 7.929984
2.333876 2.955205 0.783457 0.008238 -0.011992 1.062725 8.330006
2.431170 3.129937 0.785801 0.008142 -0.012520 1.062724 8.730026
2.528464 3.304670 0.788065 0.008116 -0.013072 1.062724 9.129982
2.625758 3.479402 0.790287 0.008122 -0.013587 1.062722 9.529960
2.723052 3.654134 0.792631 0.008163 -0.014007 1.062721 9.930082
2.820345 3.828866 0.795146 0.008206 -0.014317 1.062718 10.329987
2.919659 4.007338 0.797830 0.008143 -0.014581 1.074970 10.739992
3.001044 4.191613 0.800607 0.006866 -0.015415 1.162867 11.160019
3.080267 4.375248 0.803345 0.006959 -0.015540 1.163584 11.559999
3.159479 4.558887 0.806148 0.007085 -0.015611 1.163593 11.959992
3.238691 4.742527 0.809125 0.007193 -0.015663 1.163598 12.359994
3.317904 4.926167 0.812209 0.007302 -0.015738 1.163604 12.760002
3.397116 5.109806 0.815454 0.007390 -0.015775 1.163613 13.160007
3.476328 5.293446 0.818749 0.007465 -0.015796 1.163622 13.560012
3.564398 5.473880 0.821979 0.009139 -0.014913 1.056775 13.980062
3.661782 5.648569 0.825082 0.009013 -0.014974 1.062600 14.380003
3.759094 5.823282 0.828327 0.008925 -0.014912 1.062641 14.779995
3.865628 5.993476 0.831540 0.010267 -0.013854 0.962204 15.199995
3.979384 6.157970 0.834574 0.010102 -0.013773 0.965858 15.599995
4.093135 6.322496 0.837423 0.009986 -0.013639 0.965888 16.000097
4.206889 6.487024 0.840181 0.009873 -0.013535 0.965891 16.400007
4.320643 6.651552 0.842790 0.009737 -0.013443 0.965896 16.800005
4.434392 6.816080 0.845346 0.009571 -0.013307 0.965900 17.199995
4.548141 6.980608 0.847903 0.009377 -0.013110 0.965899 17.600098
4.661895 7.145135 0.850475 0.009161 -0.012898 0.965901 18.000086
4.775634 7.309663 0.853055 0.008927 -0.012660 0.965898 18.399998
4.889388 7.474191 0.855735 0.008680 -0.012387 0.965901 18.799992
5.003127 7.638719 0.858390 0.008382 -0.012035 0.965898 19.200003
5.116881 7.803247 0.860944 0.008054 -0.011571 0.965900 19.599998
5.230625 7.967775 0.863509 0.007685 -0.011069 0.965898 20.000008
5.347198 8.136384 0.865883 0.007290 -0.010509 0.965906 20.410059
5.470783 8.294641 0.868015 0.007798 -0.009203 0.867947 20.830044
5.599811 8.447461 0.869922 0.007271 -0.008613 0.869538 21.230045
5.728862 8.600278 0.871552 0.006696 -0.007914 0.869554 21.630049
5.857913 8.753095 0.872992 0.006081 -0.007160 0.869562 22.029963
5.986955 8.905911 0.874305 0.005475 -0.006336 0.869561 22.429989
6.115998 9.058728 0.875409 0.004839 -0.005479 0.869561 22.830053
6.245041 9.211545 0.876237 0.004170 -0.004620 0.869561 23.230042
6.374084 9.364362 0.876781 0.003520 -0.003788 0.869561 23.630062
6.503127 9.517179 0.877067 0.002900 -0.003025 0.869561 24.029951
6.632170 9.669995 0.877241 0.002327 -0.002328 0.869561 24.429987
6.761214 9.822812 0.877340 0.001834 -0.001696 0.869563 24.830027
6.890254 9.975629 0.877416 0.001397 -0.001164 0.869563 25.229973
7.019291 10.128446 0.877430 0.001068 -0.000788 0.869561 25.630009
7.165226 10.265797 0.877376 0.000893 -0.000173 0.532802 26.140001
7.345914 10.359358 0.877337 0.000699 -0.000046 0.471483 26.550001
7.524131 10.450150 0.877366 0.000477 -0.000032 0.471053 26.949987
7.710104 10.533464 0.877333 0.000288 0.000017 0.358869 27.369989
7.896965 10.604772 0.877200 0.000169 0.000012 0.364969 27.770063
8.083809 10.676183 0.877177 0.000089 0.000030 0.364985 28.169945
8.270653 10.747594 0.877361 0.000052 0.000056 0.364970 28.569973
8.409839 10.895020 0.877537 0.000115 -0.000044 1.387037 29.700077
8.430381 11.094855 0.877525 0.000106 -0.000106 1.485707 30.110706
8.447713 11.299117 0.877344 0.000114 -0.000133 1.486213 30.520012
8.456544 11.502721 0.877206 0.000113 -0.000210 1.594488 30.940004
8.452864 11.707686 0.877178 0.000156 -0.000331 1.588104 31.350050
8.449345 11.912652 0.877205 0.000289 -0.000479 1.588083 31.760094
8.445826 12.117618 0.877265 0.000380 -0.000474 1.588104 32.170029
8.442307 12.322583 0.877175 0.000354 -0.000329 1.588133 32.580055
8.438762 12.527549 0.877224 0.000253 -0.000091 1.588154 32.989971
8.435207 12.732514 0.877653 0.000228 0.000049 1.588155 33.400082
8.429661 12.933638 0.878154 0.000288 0.000037 1.664793 33.819996
8.404708 13.137111 0.878423 0.000322 0.000101 1.693215 34.230022
8.380223 13.335628 0.878284 0.000343 0.000214 1.693434 34.630035
8.392375 13.537848 0.877541 0.000275 0.000347 1.392172 35.150002
8.427070 13.734816 0.877093 0.000313 0.000297 1.396900 35.550011
8.470378 13.930890 0.876805 0.000315 0.000273 1.294271 35.969994
8.525263 14.128403 0.876683 0.000327 0.000214 1.300214 36.379997
8.581374 14.324500 0.876711 0.000311 0.000154 1.231528 36.799995
8.655734 14.515530 0.876885 0.000292 0.000086 1.198948 37.209991
8.730260 14.706497 0.877105 0.000235 0.000007 1.198709 37.620148
8.807396 14.895260 0.877381 0.000241 -0.000107 1.111164 38.040001
8.911903 15.066750 0.877650 0.000309 -0.000223 0.990400 38.450016
9.024160 15.238277 0.877886 0.000394 -0.000348 0.991143 38.859993
9.137827 15.411864 0.877974 0.000444 -0.000455 0.991167 39.274990
9.248755 15.581268 0.877996 0.000531 -0.000531 0.991191 39.680004
9.361052 15.752764 0.878000 0.000651 -0.000518 0.991219 40.090240
9.473349 15.924259 0.877990 0.000888 -0.000341 0.991253 40.500774
9.620970 16.063120 0.877761 0.000911 0.000718 0.217088 41.440006
9.821144 16.087000 0.877691 0.000708 0.001010 0.010938 41.860008
10.024158 16.071671 0.877526 0.000472 0.001119 -0.102027 42.274982
10.223132 16.051394 0.877321 0.000284 0.000998 -0.101916 42.674995
10.422107 16.031099 0.877161 0.000069 0.000680 -0.101966 43.075108
10.621081 16.010805 0.877101 -0.000110 0.000380 -0.102027 43.475071
10.820056 15.990435 0.877086 -0.000188 0.000199 -0.102012 43.875004
11.019031 15.970064 0.877150 -0.000237 0.000089 -0.102010 44.274990
11.218005 15.949694 0.877442 -0.000255 0.000072 -0.102008 44.675129
11.416980 15.929323 0.877875 -0.000283 0.000152 -0.102006 45.075005
11.615954 15.908953 0.878133 -0.000315 0.000262 -0.102003 45.475002
11.814929 15.888582 0.878137 -0.000350 0.000328 -0.101999 45.874996
12.013904 15.868212 0.877867 -0.000397 0.000282 -0.101995 46.274994
12.212878 15.847841 0.877371 -0.000428 0.000139 -0.101989 46.675098
12.411853 15.827471 0.876983 -0.000407 -0.000121 -0.101983 47.075104
12.610827 15.807100 0.876881 -0.000355 -0.000326 -0.101976 47.475105
12.812563 15.781357 0.877025 -0.000267 -0.000437 -0.205547 47.899994
13.013281 15.739693 0.877318 -0.000149 -0.000468 -0.202631 48.310791
13.209204 15.699468 0.877410 -0.000040 -0.000399 -0.202594 48.711182
13.405127 15.659244 0.877367 0.000079 -0.000378 -0.202604 49.111275
13.601049 15.618996 0.877541 0.000169 -0.000401 -0.202603 49.510002
13.796972 15.578746 0.877894 0.000223 -0.000492 -0.202602 49.910000
13.992895 15.538497 0.878432 0.000288 -0.000541 -0.202603 50.309994
14.192958 15.497287 0.878996 0.000361 -0.000621 -0.226165 50.720001
14.360755 15.386944 0.879640 0.000768 -0.000554 -0.766046 51.430038
14.491075 15.233457 0.879874 0.000929 -0.000444 -0.976033 51.850052
14.603190 15.061832 0.879774 0.000912 -0.000262 -0.990875 52.260078
14.716857 14.888246 0.879425 0.000882 0.000032 -0.990960 52.675007
14.827785 14.718842 0.878855 0.000841 0.000437 -0.990943 53.079994
14.933547 14.548082 0.878209 0.000655 0.000873 -1.094710 53.500088
15.025302 14.370371 0.877738 0.000489 0.001060 -1.092266 53.900089
15.119691 14.188396 0.877403 0.000275 0.001061 -1.092232 54.311150
15.214080 14.006422 0.877333 0.000114 0.000913 -1.092217 54.720001
15.308469 13.824448 0.877267 -0.000043 0.000607 -1.092200 55.130016
15.402858 13.642473 0.877167 -0.000171 0.000308 -1.092179 55.540009
15.497247 13.460499 0.877022 -0.000192 0.000133 -1.092156 55.950054
15.591636 13.278524 0.876912 -0.000166 -0.000007 -1.092128 56.360035
15.683729 13.100988 0.876994 -0.000151 -0.000128 -1.092096 56.760006
15.767946 12.915426 0.877153 -0.000096 -0.000151 -1.203442 57.180000
15.840692 12.729125 0.877270 -0.000048 -0.000077 -1.198150 57.580009
15.915328 12.538207 0.877515 -0.000049 -0.000065 -1.198124 57.990013
15.989964 12.347303 0.877675 -0.000094 -0.000118 -1.198121 58.400005
16.064573 12.156414 0.877853 -0.000149 -0.000133 -1.198096 58.810059
16.139177 11.965525 0.878054 -0.000197 -0.000046 -1.198071 59.219997
16.213781 11.774635 0.878124 -0.000288 -0.000005 -1.198041 59.629974
16.288385 11.583746 0.878180 -0.000372 0.000037 -1.198005 60.040089
16.362989 11.392857 0.877953 -0.000497 0.000036 -1.197962 60.449959
16.437595 11.201967 0.877715 -0.000644 -0.000053 -1.197911 60.859993
16.512259 11.011078 0.877488 -0.000762 -0.000114 -1.197907 61.270046
16.581522 10.821988 0.877252 -0.000879 -0.000204 -1.294999 61.684994
16.634642 10.629163 0.877074 -0.000997 -0.000215 -1.300103 62.085075
16.688759 10.434035 0.876963 -0.001117 -0.000200 -1.300108 62.489967
16.742241 10.241317 0.876885 -0.001257 -0.000255 -1.300105 62.890034
16.795729 10.048598 0.876861 -0.001567 -0.000544 -1.300104 63.289974
16.849209 9.855880 0.876923 -0.002013 -0.000889 -1.300106 63.689949
16.902691 9.663161 0.876988 -0.002519 -0.001181 -1.300105 64.090027
16.956175 9.470443 0.877078 -0.003039 -0.001369 -1.300105 64.490021
17.015255 9.278476 0.877168 -0.003720 -0.001066 -1.193169 64.910049
17.090590 9.087823 0.877422 -0.004432 -0.000868 -1.196222 65.321213
17.163773 8.901666 0.877583 -0.004810 -0.000583 -1.196254 65.719994
17.253349 8.721824 0.877648 -0.005032 0.000210 -1.096623 66.139999
17.347033 8.539514 0.877674 -0.005068 0.000517 -1.095919 66.549973
17.430723 8.357043 0.877701 -0.005095 0.000094 -1.239798 66.970070
17.477003 8.157396 0.877718 -0.005070 -0.000497 -1.407171 67.389992
17.509588 7.958325 0.877723 -0.005094 -0.000553 -1.466765 67.809959
17.523191 7.754535 0.877692 -0.005448 -0.000519 -1.505695 68.219994
17.536161 7.554950 0.877687 -0.005941 -0.000428 -1.506011 68.619995
17.549131 7.355365 0.877670 -0.006265 -0.000343 -1.506033 69.020073
17.562101 7.155780 0.877611 -0.006517 -0.000265 -1.506057 69.419998
17.575071 6.956195 0.877587 -0.006630 -0.000203 -1.506086 69.819992
17.588041 6.756610 0.877599 -0.006685 -0.000212 -1.506121 70.220009
17.601011 6.557025 0.877754 -0.006615 -0.000265 -1.506162 70.619995
17.613981 6.357440 0.877962 -0.006532 -0.000327 -1.506211 71.019997
17.626951 6.157855 0.878132 -0.006401 -0.000407 -1.506269 71.420006
17.639877 5.958270 0.878298 -0.006225 -0.000479 -1.506282 71.820007
17.652777 5.758685 0.878276 -0.006037 -0.000532 -1.506282 72.220123
17.665674 5.559100 0.878213 -0.005806 -0.000565 -1.506281 72.620003
17.678574 5.359515 0.878268 -0.005606 -0.000587 -1.506281 73.019997
17.691467 5.159930 0.878549 -0.005377 -0.000536 -1.506281 73.419998
17.704361 4.960345 0.879014 -0.005048 -0.000425 -1.506281 73.820000
17.717255 4.760760 0.879420 -0.004694 -0.000297 -1.506284 74.220039
17.730146 4.561175 0.879606 -0.004642 -0.000181 -1.506284 74.619995
17.743040 4.361590 0.879625 -0.004597 -0.000054 -1.506283 75.020004
17.755934 4.162005 0.879562 -0.004321 0.000054 -1.506283 75.420029
17.768826 3.962420 0.879592 -0.003970 0.000149 -1.506283 75.820000
17.781721 3.762836 0.879766 -0.003604 0.000225 -1.506281 76.220070
17.794613 3.563251 0.879959 -0.003151 0.000232 -1.506280 76.620056
17.807510 3.363666 0.880091 -0.002553 0.000199 -1.506279 77.020004
17.820412 3.164081 0.880190 -0.001830 0.000132 -1.506283 77.419991
17.835928 2.960728 0.880261 -0.000779 0.000079 -1.427517 77.840004
17.869926 2.758571 0.880284 0.000198 -0.000095 -1.404364 78.249985
17.903866 2.556401 0.880260 0.001111 -0.000264 -1.404206 78.660004
17.937805 2.354231 0.880249 0.001877 -0.000370 -1.404153 79.070007
17.972158 2.149616 0.880210 0.002564 -0.000465 -1.404091 79.484993
18.005751 1.949928 0.880260 0.003090 -0.000541 -1.404076 79.889992
18.038940 1.752699 0.880270 0.003550 -0.000601 -1.404075 80.290001
18.072126 1.555469 0.880225 0.004027 -0.000649 -1.404073 80.689972
18.105310 1.358240 0.880120 0.004411 -0.000667 -1.404073 81.089951
18.138498 1.161010 0.880000 0.004479 -0.000658 -1.404073 81.489952
18.177912 0.961000 0.879927 0.004460 -0.001105 -1.298738 81.909996
18.232624 0.763436 0.879839 0.004748 -0.001093 -1.302198 82.321472
18.285725 0.570604 0.879768 0.005082 -0.001173 -1.302256 82.721199
18.338825 0.377771 0.879677 0.005181 -0.001286 -1.302287 83.119995
18.391926 0.184937 0.879582 0.005246 -0.001441 -1.302325 83.520065
18.445026 -0.007899 0.879448 0.005404 -0.001550 -1.302369 83.920006
18.498127 -0.200738 0.879334 0.005617 -0.001641 -1.302420 84.320763
18.551205 -0.393580 0.879222 0.005550 -0.001600 -1.302478 84.720772
18.587994 -0.594147 0.879173 0.005530 -0.000859 -1.403778 85.140076
18.621122 -0.791385 0.879197 0.005324 -0.000596 -1.404492 85.540070
18.655062 -0.993555 0.879224 0.005018 -0.000264 -1.404503 85.950058
18.689001 -1.195725 0.879203 0.004685 0.000080 -1.404509 86.360008
18.722940 -1.397895 0.879191 0.004228 0.000399 -1.404516 86.769974
18.756880 -1.600065 0.879133 0.003837 0.000694 -1.404524 87.180000
18.790819 -1.802234 0.879093 0.003393 0.000974 -1.404535 87.589996
18.851540 -1.995146 0.879079 0.003180 0.000318 -1.106231 88.110046
18.962172 -2.163698 0.879036 0.003021 -0.000138 -0.897661 88.529968
19.088972 -2.324773 0.879036 0.003022 -0.000115 -0.905011 88.940002
19.212568 -2.482069 0.879036 0.003022 -0.000115 -0.905097 89.339996
19.338524 -2.642231 0.878625 0.002137 0.000642 -0.884672 89.750015
19.478176 -2.789159 0.878312 0.001617 0.001115 -0.804804 90.170082
19.620346 -2.936816 0.878014 0.001130 0.001516 -0.804153 90.579994
19.783098 -3.055878 0.877718 0.000895 0.001370 -0.393433 91.199997
19.976286 -3.113523 0.877581 0.000783 0.001166 -0.177104 91.619995
20.176313 -3.130931 0.877343 0.000869 0.000848 -0.043908 92.030037
20.381044 -3.140501 0.877169 0.001340 0.000182 -0.046736 92.439995
20.585775 -3.150081 0.877116 0.002181 -0.000532 -0.046753 92.850014
20.790506 -3.159660 0.877195 0.002935 -0.000968 -0.046752 93.259995
20.995237 -3.169240 0.877317 0.003531 -0.001078 -0.046751 93.670044
21.202465 -3.178936 0.877331 0.004030 -0.001042 -0.046749 94.085083
21.404699 -3.188399 0.877447 0.004630 -0.000915 -0.046748 94.489975
21.606001 -3.192404 0.877876 0.005027 -0.001138 0.057100 94.905106
21.808195 -3.180918 0.878485 0.006230 -0.000768 0.055130 95.311356
22.007933 -3.169905 0.878415 0.006846 -0.000552 0.055099 95.711357
22.207670 -3.158893 0.877905 0.007420 -0.000488 0.055101 96.110809
22.407408 -3.147875 0.877275 0.007848 -0.000643 0.055101 96.511223
22.611212 -3.143402 0.877013 0.008262 0.000179 -0.054805 96.929993
22.815943 -3.153268 0.877159 0.008514 0.000170 -0.046927 97.340096
23.020674 -3.162880 0.877341 0.008596 0.000176 -0.046893 97.750061
23.225405 -3.172488 0.877457 0.008543 0.000108 -0.046891 98.160118
23.430136 -3.182095 0.877588 0.008498 0.000031 -0.046891 98.569977
23.634867 -3.191700 0.877514 0.008238 -0.000023 -0.046891 98.980095
23.839598 -3.201305 0.877422 0.007932 -0.000104 -0.046890 99.390060
24.044329 -3.210911 0.877487 0.008139 -0.000143 -0.046890 99.800003
24.249060 -3.220515 0.877827 0.008508 -0.000197 -0.046890 100.209976
24.451923 -3.242221 0.878294 0.008688 0.000619 -0.152001 100.630051
24.654621 -3.272696 0.878772 0.008690 0.000571 -0.149172 101.040092
24.857319 -3.303156 0.879172 0.008591 0.000548 -0.149152 101.449997
25.060017 -3.333615 0.879472 0.008376 0.000572 -0.149152 101.860008
25.262714 -3.364075 0.879542 0.008185 0.000553 -0.149151 102.269997
25.467884 -3.394906 0.879431 0.008091 0.000572 -0.149151 102.684998
25.668110 -3.424994 0.879337 0.007900 0.000625 -0.149150 103.089996
25.870808 -3.455453 0.879396 0.007730 0.000763 -0.149149 103.500198
26.073505 -3.485912 0.879695 0.007173 0.000832 -0.149148 103.910820
26.276203 -3.516372 0.879860 0.006619 0.000769 -0.149147 104.320007
26.478901 -3.546831 0.879984 0.006110 0.000634 -0.149145 104.729958
26.681599 -3.577291 0.880048 0.005664 0.000513 -0.149144 105.140091
26.884296 -3.607750 0.880176 0.005179 0.000421 -0.149142 105.550003
27.086994 -3.638209 0.880244 0.004804 0.000379 -0.149140 105.960083
27.289692 -3.668669 0.880248 0.004263 0.000352 -0.149137 106.370010
27.492390 -3.699128 0.880163 0.003122 0.000239 -0.149134 106.780006
27.695087 -3.729588 0.880092 0.001494 0.000021 -0.149130 107.189964
27.897785 -3.760047 0.880085 0.000206 -0.000093 -0.149125 107.599991
28.100483 -3.790506 0.880109 -0.000507 -0.000065 -0.149120 108.010010
28.303181 -3.820966 0.880071 -0.000722 0.000057 -0.149113 108.419998
28.505878 -3.851425 0.879943 -0.000815 0.000161 -0.149105 108.830002
28.694160 -3.929961 0.879699 -0.000715 -0.000040 -0.634388 109.529968
28.860151 -4.050255 0.879510 -0.000716 0.000122 -0.625939 109.940002
29.026251 -4.170336 0.879152 -0.000665 0.000321 -0.625851 110.350037
29.190424 -4.289242 0.878737 -0.000563 0.000473 -0.650947 110.759995
29.337189 -4.431531 0.878380 -0.000422 0.000576 -0.834302 111.190048
29.475460 -4.582875 0.878077 -0.000402 0.000771 -0.830162 111.599998
29.613720 -4.734155 0.877743 -0.000317 0.000928 -0.830102 112.010010
29.752041 -4.885436 0.877485 -0.000223 0.001052 -0.830079 112.420006
29.890373 -5.036716 0.877380 -0.000145 0.001083 -0.830077 112.830032
30.028708 -5.187996 0.877316 0.000020 0.001060 -0.830079 113.240005
30.167032 -5.339277 0.877213 0.000169 0.000957 -0.830084 113.649956
30.305359 -5.490557 0.877166 0.000264 0.000780 -0.830083 114.060104
30.443689 -5.641838 0.877137 0.000220 0.000584 -0.830085 114.469971
30.585390 -5.796808 0.877046 0.000078 0.000380 -0.830087 114.890030
30.723722 -5.948088 0.877020 -0.000100 0.000196 -0.830087 115.300133
30.862051 -6.099369 0.877009 -0.000206 0.000122 -0.830087 115.709999
31.000376 -6.250649 0.876968 0.000198 -0.000093 -0.830087 116.119995
31.138706 -6.401929 0.877009 0.000676 -0.000300 -0.830086 116.529968
31.277040 -6.553210 0.877128 0.001052 -0.000444 -0.830086 116.940025
31.415371 -6.704490 0.877140 0.001349 -0.000470 -0.830086 117.349945
31.553699 -6.855771 0.877095 0.001634 -0.000361 -0.830085 117.759995
31.692024 -7.007051 0.877067 0.001820 -0.000166 -0.830084 118.169960
31.830353 -7.158331 0.877073 0.001910 0.000030 -0.830083 118.579994
31.968679 -7.309612 0.877113 0.001854 0.000187 -0.830082 118.989960
32.106956 -7.460892 0.877148 0.001731 0.000327 -0.830035 119.400101
32.245216 -7.612173 0.877116 0.001341 0.000317 -0.829976 119.810005
32.383476 -7.763453 0.877038 0.000957 0.000246 -0.829907 120.220001
32.521736 -7.914700 0.876925 0.000700 0.000209 -0.829841 120.629951
32.659996 -8.065942 0.876853 0.000223 -0.000443 -0.829769 121.040024
32.798256 -8.217183 0.876838 -0.000342 -0.001294 -0.829684 121.449997
32.936516 -8.368424 0.876804 -0.000812 -0.001927 -0.829582 121.859993
33.071529 -8.515977 0.876818 -0.001167 -0.002269 -0.829543 122.259995
33.206589 -8.663529 0.876856 -0.001251 -0.002253 -0.829542 122.659996
33.341656 -8.811082 0.876913 -0.001302 -0.002140 -0.829539 123.060097
33.476719 -8.958634 0.876913 -0.001302 -0.002140 -0.829540 123.460007
33.611778 -9.106187 0.876913 -0.001302 -0.002140 -0.829540 123.860001
33.785694 -9.212370 0.876913 -0.002166 -0.001257 -0.327231 124.550003
33.983921 -9.255838 0.876913 -0.002362 -0.000833 -0.144473 124.969955
34.186623 -9.286321 0.876913 -0.002358 -0.000846 -0.149636 125.380005
34.389320 -9.316897 0.876913 -0.002358 -0.000846 -0.149674 125.790016
34.592190 -9.336369 0.877085 -0.001755 -0.000036 -0.046549 126.209953
34.792034 -9.346447 0.877066 -0.001431 0.000640 -0.050506 126.610031
34.991924 -9.356541 0.877075 -0.001222 0.001126 -0.050565 127.009949
35.191814 -9.366652 0.877299 -0.001094 0.001551 -0.050570 127.409996
35.395851 -9.364897 0.877681 -0.000731 0.001739 0.051692 127.829987
35.595737 -9.355147 0.877757 -0.000470 0.001383 0.048712 128.230026
35.795628 -9.345382 0.877672 -0.000186 0.000931 0.048673 128.630005
35.995518 -9.335640 0.877442 0.000025 0.000368 0.048663 129.030014
36.195408 -9.325902 0.876892 -0.000072 -0.000688 0.048661 129.429962
36.396511 -9.322089 0.875908 0.001688 -0.002259 -0.771735 130.500275
36.497471 -9.497272 0.875598 0.002997 -0.001840 -1.157921 131.129990
36.556408 -9.690630 0.875531 0.003421 -0.001171 -1.356385 131.550049
36.601574 -9.890576 0.875515 0.003440 -0.001066 -1.347679 131.960007
36.646931 -10.090459 0.875604 0.003340 -0.000880 -1.347610 132.369965
36.691254 -10.289028 0.875775 0.003050 -0.000557 -1.399572 132.789948
36.716511 -10.489939 0.876027 0.002770 -0.000314 -1.447719 133.199997
36.740925 -10.688456 0.876404 0.002497 -0.000267 -1.448122 133.599991
36.776936 -10.885985 0.876828 0.002276 -0.000374 -1.341969 134.020065
36.821835 -11.080901 0.877188 0.001959 -0.000294 -1.344680 134.420090
36.879017 -11.273384 0.877446 0.001703 -0.000340 -1.241621 134.839996
36.944881 -11.467516 0.877611 0.001450 -0.000180 -1.243762 135.250000
37.009197 -11.656954 0.877822 0.001511 0.000196 -1.243806 135.650009
37.073467 -11.846392 0.877994 0.001493 0.000539 -1.243807 136.050049
37.150780 -12.032269 0.878322 0.001516 0.000646 -1.145333 136.470047
37.242313 -12.210157 0.878672 0.001458 0.000504 -0.896275 136.979996
37.375481 -12.364039 0.878720 0.001191 0.000531 -0.855241 137.390091
37.508755 -12.515453 0.878687 0.000876 0.000541 -0.790311 137.809967
37.657455 -12.655425 0.878611 0.000452 0.000458 -0.754807 138.220108
37.806725 -12.795860 0.878462 0.000037 0.000360 -0.754543 138.629990
37.961464 -12.923403 0.878375 -0.000449 0.000120 -0.652000 139.049988
38.124138 -13.048082 0.878278 -0.001139 -0.000357 -0.653613 139.460007
38.286797 -13.172735 0.878093 -0.001830 -0.000746 -0.653574 139.870010
38.451439 -13.298908 0.877893 -0.002281 -0.000974 -0.653512 140.285004
38.612114 -13.422041 0.877756 -0.002536 -0.001048 -0.653440 140.689972
38.774773 -13.546679 0.877696 -0.002503 -0.000976 -0.653356 141.100159
38.937431 -13.671253 0.877618 -0.002373 -0.000786 -0.653313 141.510880
39.100090 -13.795828 0.877571 -0.001963 -0.000592 -0.653260 141.920013
39.262749 -13.920403 0.877448 -0.001777 -0.000303 -0.653199 142.330048
39.425407 -14.044977 0.877374 -0.001608 -0.000029 -0.653127 142.739990
39.586880 -14.168744 0.877244 -0.001373 0.000215 -0.673686 143.149963
39.735291 -14.306450 0.877127 -0.001082 0.000299 -0.756022 143.569977
39.880859 -14.443730 0.877102 -0.000997 0.000551 -0.756609 143.970001
40.026428 -14.581059 0.877132 -0.000821 0.000671 -0.756672 144.369949
40.171936 -14.718389 0.877236 -0.000817 0.000856 -0.756738 144.769958
40.317394 -14.855718 0.877275 -0.000795 0.001009 -0.756742 145.169998
40.462841 -14.993047 0.877299 -0.000667 0.001017 -0.756744 145.570023
40.608288 -15.130376 0.877244 -0.000441 0.000851 -0.756745 145.969986
40.753738 -15.267705 0.877212 -0.000178 0.000555 -0.756746 146.369980
40.899185 -15.405034 0.877265 0.000423 -0.000130 -0.756744 146.769989
41.044632 -15.542363 0.877303 0.001042 -0.000830 -0.756746 147.169952
41.190071 -15.679692 0.877316 0.001593 -0.001306 -0.756748 147.569992
41.335506 -15.817021 0.877321 0.001905 -0.001475 -0.756744 147.969971
41.480961 -15.954350 0.877307 0.002239 -0.001457 -0.756744 148.369965
41.626411 -16.091679 0.877321 0.002128 -0.001214 -0.756745 148.769943
41.771866 -16.229008 0.877313 0.002089 -0.000931 -0.756743 149.169968
41.917328 -16.366337 0.877304 0.001937 -0.000668 -0.756744 149.569977
42.062790 -16.503666 0.877270 0.001915 -0.000397 -0.756747 149.970001
42.208233 -16.640995 0.877208 0.001804 -0.000120 -0.756746 150.370010
42.353683 -16.778324 0.877130 0.001566 0.000059 -0.756745 150.769958
42.499134 -16.915653 0.877027 0.001516 0.000290 -0.756745 151.169968
42.644585 -17.052982 0.876971 0.001366 0.000417 -0.756748 151.570023
42.790031 -17.190311 0.876951 0.001331 0.000635 -0.756749 151.969971
42.935478 -17.327641 0.876946 0.001257 0.000828 -0.756747 152.370010
43.080921 -17.464970 0.876935 0.001044 0.000844 -0.756746 152.769974
43.226368 -17.602299 0.876968 0.000774 0.000767 -0.756746 153.169952
43.371807 -17.739628 0.877014 0.000469 0.000586 -0.756745 153.570007
43.517254 -17.876957 0.877087 -0.000008 0.000172 -0.756744 153.969971
43.662701 -18.014286 0.877131 -0.000681 -0.000342 -0.756744 154.369980
43.808144 -18.151615 0.877139 -0.001314 -0.000733 -0.756743 154.769974
43.953594 -18.288944 0.877101 -0.001771 -0.000936 -0.756743 155.169968
44.099045 -18.426273 0.877061 -0.002071 -0.000973 -0.756745 155.569946
44.258221 -18.302050 0.877144 0.000004 -0.002469 -2.024588 157.149994
44.346657 -18.117107 0.877167 0.000054 -0.002152 -2.015790 157.560089
44.442581 -17.939384 0.877098 0.000254 -0.001329 -2.173115 157.989990
44.565582 -17.775410 0.877383 0.000137 -0.000932 -2.216472 158.399994
44.686092 -17.615698 0.877666 -0.000028 -0.000662 -2.216846 158.800003
44.806637 -17.455938 0.877675 -0.000162 -0.000393 -2.216786 159.200012
44.927086 -17.296179 0.877441 -0.000255 -0.000095 -2.216753 159.600082
45.047535 -17.136419 0.876922 -0.000309 0.000196 -2.216757 160.000000
45.167961 -16.976660 0.876530 -0.000326 0.000386 -2.216764 160.399994
45.288406 -16.816900 0.876511 -0.000335 0.000520 -2.216766 160.799988
45.408859 -16.657141 0.876618 -0.000348 0.000542 -2.216767 161.200073
45.529320 -16.497381 0.876783 -0.000373 0.000480 -2.216771 161.600006
45.649792 -16.337622 0.876677 -0.000381 0.000321 -2.216766 162.000061
45.770248 -16.177862 0.876482 -0.000390 0.000206 -2.216770 162.400146
45.890717 -16.018103 0.876657 -0.000335 0.000262 -2.216769 162.800003
46.011173 -15.858411 0.876980 0.000109 0.000794 -2.216748 163.199997
46.134560 -15.694736 0.877373 0.000701 0.001268 -2.216746 163.609970
46.257946 -15.531060 0.877670 0.001244 0.001693 -2.216745 164.019989
46.381329 -15.367385 0.877815 0.001717 0.001967 -2.216742 164.429977
46.504704 -15.203710 0.877908 0.002069 0.001920 -2.216738 164.840118
46.628090 -15.040034 0.877864 0.002222 0.001574 -2.216734 165.250107
46.751461 -14.876359 0.877729 0.002142 0.001074 -2.216731 165.660095
46.874844 -14.712684 0.877680 0.002216 0.000860 -2.216728 166.069992
46.999332 -14.555077 0.877680 0.002121 0.001073 -2.316980 166.490051
47.135567 -14.408648 0.877680 0.002118 0.001079 -2.317703 166.889984
47.274765 -14.258214 0.877680 0.002118 0.001079 -2.317767 167.300140
47.413963 -14.107833 0.877680 0.002118 0.001079 -2.317800 167.711136
47.572464 -13.985265 0.877680 0.000929 0.002188 -3.019225 168.620407
47.773861 -13.979661 0.877680 0.000596 0.002301 3.119400 169.050018
47.976105 -13.997812 0.877680 0.000369 0.002348 3.021658 169.480087
48.174927 -14.026754 0.877680 0.000129 0.002373 2.918467 169.899994
48.374737 -14.072512 0.877680 0.000125 0.002374 2.918175 170.309967
48.574619 -14.117947 0.877680 0.000125 0.002374 2.918252 170.720093
48.774502 -14.163382 0.877680 0.000125 0.002374 2.918285 171.130005
48.974384 -14.208798 0.877680 0.000125 0.002374 2.918298 171.539993
49.173069 -14.253820 0.877680 0.000154 0.002372 2.934623 171.950027
49.375477 -14.271034 0.877983 0.000525 0.001675 3.123637 172.380005
49.578129 -14.275004 0.878127 0.000391 0.000860 -3.111195 172.800003
49.781109 -14.260355 0.877817 0.000237 0.000574 -3.068318 173.210037
49.980694 -14.245638 0.877418 0.000081 0.000478 -3.067942 173.610016
50.180279 -14.230913 0.877214 -0.000040 0.000501 -3.067937 174.010025
50.383625 -14.213903 0.877258 -0.000046 0.000560 -2.994029 174.429977
50.584965 -14.181498 0.877198 -0.000039 0.000612 -3.052573 174.849960
50.786507 -14.185042 0.877258 -0.000126 0.000692 3.017083 175.269974
50.989548 -14.212758 0.877323 -0.000060 0.000759 3.007130 175.680008
51.195034 -14.240569 0.876999 0.000118 0.001353 3.007118 176.095001
51.395569 -14.267683 0.876553 0.000358 0.002065 3.007103 176.500000
51.598579 -14.295166 0.876448 0.000601 0.002519 3.007098 176.910080
51.801590 -14.322630 0.877231 0.000942 0.003013 3.007099 177.320007
52.004601 -14.350089 0.877949 0.001112 0.003134 3.007101 177.729980
52.206879 -14.377400 0.877949 0.001137 0.003125 3.019233 178.139999
52.407272 -14.377607 0.877949 0.001743 0.002832 -3.065809 178.559998
52.606853 -14.363511 0.877949 0.001725 0.002843 -3.071746 178.960007
52.810616 -14.358765 0.877949 0.001410 0.003012 3.104211 179.380096
53.014946 -14.366508 0.877949 0.001261 0.003077 3.051759 179.800003
53.212193 -14.403766 0.877949 0.000774 0.003234 2.901423 180.209991
53.411449 -14.451814 0.877949 0.000787 0.003231 2.905032 180.619995
53.598759 -14.531326 0.877949 -0.000098 0.003324 2.636602 181.229980
53.756760 -14.657921 0.877949 -0.001097 0.003139 2.330219 181.750046
53.889458 -14.808320 0.877949 -0.001284 0.003068 2.273976 182.180054
54.019650 -14.961219 0.877949 -0.001400 0.003017 2.232156 182.619995
54.146107 -15.122547 0.877949 -0.001388 0.003022 2.235743 183.030029
54.272480 -15.283876 0.877949 -0.001387 0.003022 2.235864 183.440002
54.398853 -15.445206 0.877949 -0.001387 0.003023 2.235979 183.850037
54.522263 -15.602600 0.877949 -0.001387 0.003023 2.236015 184.250046
54.645718 -15.759974 0.877949 -0.001387 0.003023 2.236013 184.650009
54.769173 -15.917345 0.878084 -0.000974 0.001515 2.236012 185.050003
54.895687 -16.078615 0.877890 -0.000674 0.000613 2.236002 185.460007
55.022163 -16.239866 0.877766 -0.000387 0.000151 2.235996 185.870026
55.148628 -16.401117 0.877742 -0.000084 -0.000026 2.236001 186.279999
55.276657 -16.564335 0.877595 0.000182 0.000001 2.236009 186.695053
55.383183 -16.738361 0.877353 0.000439 0.000237 2.023315 187.130005
55.474335 -16.921978 0.877283 0.000560 0.000334 2.033136 187.539993
55.564896 -17.104155 0.877202 0.000626 0.000467 2.012656 187.949966
55.637821 -17.293026 0.877069 0.000582 0.000532 1.933056 188.370010
55.709183 -17.483614 0.876949 0.000489 0.000460 1.880414 188.790024
55.761925 -17.679113 0.876985 0.000336 0.000305 1.832424 189.199997
55.814789 -17.877119 0.877145 0.000189 0.000141 1.832140 189.610001
55.907318 -18.054623 0.877553 0.000055 -0.000062 2.310330 190.300003
56.054317 -18.191568 0.877765 -0.000038 -0.000065 2.408724 190.709976
56.206654 -18.328627 0.877835 -0.000154 -0.000064 2.409311 191.120102
56.363602 -18.459311 0.877810 -0.000218 -0.000023 2.539802 191.549973
56.537514 -18.562965 0.877750 -0.000094 0.000286 2.610650 191.960114
56.714249 -18.666670 0.877596 0.000215 0.001135 2.611222 192.369980
56.890984 -18.770365 0.877434 0.000506 0.001926 2.611269 192.779999
57.067719 -18.874060 0.877335 0.000593 0.002411 2.611323 193.189972
57.244453 -18.977755 0.877308 0.000645 0.002670 2.611387 193.600082
57.421146 -19.079504 0.877314 0.000795 0.002639 2.680200 194.020081
57.610058 -19.149879 0.877314 0.001341 0.002408 2.895128 194.440002
57.805065 -19.194345 0.877314 0.001399 0.002375 2.916972 194.840103
58.000072 -19.238901 0.877314 0.001399 0.002375 2.917172 195.240067
58.195080 -19.283457 0.877314 0.001399 0.002375 2.917211 195.640121
58.386978 -19.345171 0.877314 0.000917 0.002599 2.722205 196.069946
58.563267 -19.447987 0.877314 0.000351 0.002734 2.510926 196.494995
58.724709 -19.566040 0.877314 0.000351 0.002734 2.512208 196.895050
58.886452 -19.683838 0.877314 0.000351 0.002734 2.512240 197.294998
59.048195 -19.801611 0.877314 0.000351 0.002734 2.512260 197.694977
59.209938 -19.919371 0.877314 0.000351 0.002734 2.512238 198.095001
59.371681 -20.037153 0.877314 0.000351 0.002734 2.512260 198.495010
59.535446 -20.156399 0.877314 0.000351 0.002734 2.512255 198.900085
59.697189 -20.274160 0.877314 0.000351 0.002734 2.512261 199.300110
59.858932 -20.391933 0.877472 0.000367 0.002059 2.512258 199.699997
60.020676 -20.509708 0.877565 0.000305 0.001113 2.512253 200.100113
60.182419 -20.627441 0.877526 0.000152 0.000645 2.512261 200.500122
60.344162 -20.745209 0.877522 0.000023 0.000296 2.512243 200.899994
60.505905 -20.862980 0.877520 -0.000113 0.000168 2.512248 201.300095
60.667648 -20.980740 0.877563 -0.000236 0.000076 2.512242 201.700119
60.819729 -21.111980 0.877532 -0.000344 -0.000010 2.412532 202.120071
60.968857 -21.245306 0.877473 -0.000787 0.000137 2.411964 202.520004
61.118038 -21.378668 0.877460 -0.001128 0.000292 2.411934 202.920074
61.267162 -21.512030 0.877466 -0.001732 0.000557 2.411944 203.320053
61.416332 -21.645391 0.877582 -0.002389 0.000684 2.411940 203.720047
61.565453 -21.778753 0.877617 -0.002519 0.000642 2.411941 204.120117
61.714573 -21.912115 0.877675 -0.002650 0.000471 2.411945 204.520081
61.870728 -22.041994 0.877694 -0.002573 0.000467 2.533727 204.940002
62.048550 -22.138174 0.877684 -0.002446 0.000689 2.725334 205.359985
62.232052 -22.220856 0.877630 -0.002468 0.000464 2.752662 205.769974
62.425747 -22.287197 0.877498 -0.002448 0.000375 2.815216 206.190048
62.615261 -22.351284 0.877404 -0.002433 0.000104 2.815615 206.589951
62.804775 -22.415371 0.877358 -0.002261 -0.000162 2.815639 206.990051
62.994289 -22.479458 0.877355 -0.001972 -0.000399 2.815664 207.389969
63.186253 -22.543209 0.877346 -0.001627 -0.000513 2.877937 207.809967
63.385323 -22.588831 0.877352 -0.001267 -0.000618 2.917990 208.220016
63.585205 -22.634199 0.877419 -0.000945 -0.000621 2.918200 208.629959
63.785088 -22.679556 0.877440 -0.000645 -0.000528 2.918152 209.039993
63.984970 -22.724936 0.877428 -0.000342 -0.000383 2.918110 209.449982
64.182022 -22.766214 0.877363 -0.000194 -0.000236 3.009688 209.869995
64.385406 -22.791153 0.877225 -0.000183 -0.000115 3.017356 210.279999
64.591209 -22.816799 0.877011 -0.000306 0.000045 3.017406 210.695007
64.792053 -22.841827 0.876797 -0.000515 0.000240 3.017365 211.100098
64.995377 -22.867165 0.876512 -0.000759 0.000419 3.017318 211.510101
65.198700 -22.892548 0.876385 -0.000999 0.000567 3.017313 211.919998
65.402023 -22.917933 0.876424 -0.001291 0.000727 3.017309 212.330048
65.605347 -22.943327 0.876616 -0.001443 0.000785 3.017308 212.740067
65.808670 -22.968731 0.876854 -0.001572 0.000803 3.017311 213.150024
66.011993 -22.994131 0.877109 -0.001664 0.000822 3.017310 213.559998
66.215317 -23.019520 0.877238 -0.001765 0.000841 3.017308 213.970047
66.418640 -23.044916 0.877293 -0.001840 0.000831 3.017310 214.380005
66.621964 -23.070301 0.877304 -0.001853 0.000791 3.017306 214.789978
66.825287 -23.095697 0.877413 -0.001869 0.000762 3.017305 215.199997
67.028610 -23.121090 0.877695 -0.001882 0.000756 3.017302 215.610031
67.231934 -23.146486 0.878065 -0.001903 0.000772 3.017303 216.020096
67.435257 -23.171873 0.878368 -0.001939 0.000789 3.017299 216.429993
67.531197 -22.993225 0.879025 -0.001503 -0.001456 1.872962 218.020096
67.477135 -22.795500 0.879251 -0.001377 -0.001340 1.836960 218.429947
67.424644 -22.602476 0.879520 -0.001254 -0.001169 1.836908 218.830017
67.372154 -22.409452 0.879914 -0.001579 -0.001610 1.837019 219.229980
67.319664 -22.216431 0.880219 -0.002074 -0.002195 1.837152 219.630051
67.265862 -22.018738 0.880526 -0.002425 -0.002576 1.837287 220.040024
67.212059 -21.821045 0.880536 -0.002575 -0.002699 1.837439 220.450012
67.162041 -21.623446 0.880331 -0.002302 -0.002795 1.746071 220.869965
67.128204 -21.421270 0.880104 -0.002114 -0.002408 1.739184 221.279999
67.093376 -21.216734 0.879919 -0.001891 -0.001925 1.739022 221.695068
67.059387 -21.017126 0.879919 -0.001891 -0.001925 1.738936 222.100098
67.024979 -20.815054 0.879919 -0.001891 -0.001925 1.738835 222.510300
66.990570 -20.612982 0.879919 -0.001890 -0.001925 1.738712 222.920105
66.956161 -20.410910 0.879919 -0.001890 -0.001926 1.738569 223.330063
66.929893 -20.208818 0.879919 -0.001656 -0.002130 1.623504 223.749969
66.917625 -20.004215 0.879919 -0.001676 -0.002115 1.632539 224.160141
66.905113 -19.799641 0.879919 -0.001676 -0.002115 1.632712 224.570038
66.892601 -19.595066 0.879919 -0.001676 -0.002114 1.632882 224.979996
66.880089 -19.390491 0.879097 -0.001667 -0.001063 1.633061 225.389969
66.867577 -19.185917 0.878518 -0.001831 -0.000271 1.633302 225.800125
66.854935 -18.981342 0.878247 -0.001972 0.000386 1.633388 226.209991
66.842117 -18.776768 0.878098 -0.002095 0.000868 1.633395 226.620010
66.844765 -18.572189 0.878127 -0.002165 0.000569 1.446417 227.050049
66.873108 -18.374199 0.878156 -0.001968 0.000411 1.429456 227.449997
66.901184 -18.176140 0.878306 -0.001664 0.000070 1.429219 227.850006
66.929260 -17.978081 0.878740 -0.001412 -0.000258 1.429075 228.250015
66.957336 -17.780022 0.879169 -0.001221 -0.000533 1.428905 228.649994
66.985413 -17.581963 0.879492 -0.001067 -0.000685 1.428704 229.049973
67.014191 -17.379084 0.879676 -0.000988 -0.000934 1.428472 229.460114
67.045776 -17.180466 0.879813 -0.001098 -0.001886 1.339584 229.879990
67.094299 -16.986439 0.879985 -0.001421 -0.002696 1.328083 230.279999
67.144325 -16.785069 0.880101 -0.001749 -0.003134 1.328152 230.695114
67.193146 -16.588551 0.880191 -0.001915 -0.003150 1.328318 231.099991
67.242569 -16.389606 0.880270 -0.001993 -0.003128 1.328522 231.510178
67.274986 -16.191372 0.880270 -0.002296 -0.002912 1.428753 231.930008
67.285133 -15.990459 0.880270 -0.002588 -0.002657 1.533408 232.350052
67.292458 -15.790569 0.880270 -0.002590 -0.002655 1.534265 232.750046
67.307594 -15.590325 0.880270 -0.002283 -0.002923 1.424626 233.169968
67.335770 -15.389787 0.880270 -0.002237 -0.002958 1.404545 233.580002
67.382645 -15.191792 0.880270 -0.002006 -0.003119 1.332761 234.000107
67.439468 -14.998962 0.880270 -0.001770 -0.003259 1.260908 234.419998
67.509224 -14.810689 0.880270 -0.001479 -0.003401 1.171839 234.839996
67.588310 -14.621583 0.880270 -0.001489 -0.003397 1.174500 235.250046
67.667397 -14.432492 0.880270 -0.001489 -0.003397 1.174479 235.660126
67.798569 -14.279050 0.880270 0.000531 -0.003671 0.613784 236.380005
67.977196 -14.180103 0.880270 0.001173 -0.003518 0.439749 236.800079
68.157860 -14.093966 0.880270 0.001151 -0.003526 0.445726 237.200058
68.338524 -14.007753 0.880270 0.001150 -0.003526 0.445874 237.599991
68.519188 -13.921470 0.880270 0.001150 -0.003526 0.445945 238.000107
68.699852 -13.835181 0.879770 0.001073 -0.002526 0.446013 238.399994
68.880516 -13.748893 0.878851 0.000909 -0.001252 0.446094 238.800064
69.061180 -13.662604 0.878261 0.000685 -0.000649 0.446196 239.200073
69.241844 -13.576310 0.877886 0.000483 -0.000386 0.446307 239.600052
69.422508 -13.489945 0.877615 0.000331 -0.000351 0.446391 240.000031
69.603172 -13.403581 0.877446 0.000304 -0.000338 0.446480 240.400070
69.783836 -13.317216 0.877259 0.000338 -0.000288 0.446577 240.800034
69.964500 -13.230851 0.877109 0.000370 -0.000309 0.446699 241.200089
70.145164 -13.144423 0.877140 0.000374 -0.000196 0.446806 241.599991
70.325684 -13.057981 0.877318 0.000362 -0.000016 0.446893 242.000000
70.506119 -12.971540 0.877580 0.000396 0.000136 0.446899 242.400009
70.686523 -12.885099 0.877846 0.000454 0.000351 0.446898 242.800003
70.866928 -12.798658 0.877940 0.000495 0.000480 0.446900 243.199997
71.047325 -12.712217 0.877910 0.000505 0.000517 0.446902 243.600113
71.227707 -12.625776 0.877849 0.000445 0.000452 0.446900 244.000000
71.408104 -12.539335 0.877794 0.000377 0.000378 0.446903 244.399994
71.588486 -12.452894 0.877683 0.000297 0.000301 0.446903 244.800003
71.768852 -12.366453 0.877497 0.000226 0.000237 0.446902 245.200119
71.949219 -12.280012 0.877344 0.000400 -0.000244 0.446902 245.600006
72.129601 -12.193571 0.877171 0.000793 -0.001010 0.446902 246.000092
72.309998 -12.107130 0.876992 0.001133 -0.001584 0.446904 246.399994
72.490372 -12.020689 0.876866 0.001378 -0.001850 0.446906 246.800125
72.670746 -11.934248 0.876751 0.001449 -0.001829 0.446901 247.199997
72.851151 -11.847807 0.876584 0.001607 -0.001730 0.446904 247.600006
73.031540 -11.761366 0.876450 0.001703 -0.001538 0.446904 248.000000
73.211906 -11.674925 0.876450 0.001703 -0.001538 0.446904 248.400146
73.393051 -11.586628 0.876450 0.001602 -0.001643 0.513251 248.819992
73.567581 -11.479610 0.876450 0.001533 -0.001707 0.551499 249.230011
73.742126 -11.372162 0.876450 0.001533 -0.001708 0.551736 249.640091
73.916672 -11.264713 0.876450 0.001533 -0.001708 0.551724 250.049988
74.091217 -11.157265 0.876450 0.001533 -0.001708 0.551708 250.460159
74.260651 -11.049310 0.876450 0.001379 -0.001834 0.640624 250.880005
74.425789 -10.923780 0.876450 0.001362 -0.001847 0.647993 251.295105
74.587082 -10.801575 0.876450 0.001362 -0.001847 0.647928 251.700058
74.750366 -10.677860 0.876530 0.001224 -0.001307 0.647838 252.110184
74.913651 -10.554146 0.876680 0.000965 -0.000598 0.647729 252.520004
75.032799 -10.391716 0.876696 0.000540 -0.000328 1.801922 253.790024
74.967354 -10.201284 0.876824 0.000485 -0.000469 2.015431 254.220001
74.873138 -10.019217 0.877011 0.000497 -0.000743 2.049716 254.630051
74.778671 -9.837321 0.877069 0.000510 -0.000937 2.049938 255.040070
74.684204 -9.655425 0.877151 0.000373 -0.001013 2.049966 255.450043
74.589737 -9.473529 0.877116 0.000228 -0.000948 2.049996 255.860016
74.495270 -9.291633 0.877166 0.000147 -0.000788 2.050035 256.270050
74.400803 -9.109736 0.877416 0.000130 -0.000520 2.050082 256.680084
74.305183 -8.925622 0.877916 0.000178 -0.000292 2.050138 257.095032
74.211868 -8.745944 0.878344 0.000229 -0.000174 2.050202 257.500061
74.117401 -8.564048 0.878223 0.000154 -0.000134 2.050281 257.910126
74.022934 -8.382152 0.877877 0.000076 -0.000089 2.050376 258.320129
73.928467 -8.200255 0.877627 0.000011 -0.000085 2.050489 258.730011
73.834000 -8.018400 0.877840 0.000045 0.000019 2.050610 259.140015
73.726036 -7.848962 0.878004 0.000100 0.000136 2.150273 259.559998
73.616211 -7.681693 0.877917 0.000079 0.000003 2.151030 259.960022
73.506348 -7.514419 0.877633 -0.000311 -0.000937 2.150868 260.360016
73.396484 -7.347122 0.877384 -0.000731 -0.001821 2.150681 260.759979
73.286736 -7.179810 0.877358 -0.001059 -0.002287 2.150475 261.160004
73.174431 -7.008314 0.877457 -0.001178 -0.002313 2.150480 261.570068
73.062134 -6.836819 0.877442 -0.001256 -0.002211 2.150488 261.980072
72.949860 -6.665323 0.877373 -0.001275 -0.002172 2.150486 262.390076
72.837578 -6.493828 0.877373 -0.001275 -0.002172 2.150494 262.799988
72.725296 -6.322332 0.877373 -0.001275 -0.002172 2.150501 263.209930
72.612999 -6.150837 0.877373 -0.001275 -0.002172 2.150503 263.619995
72.491302 -5.989699 0.877373 -0.001635 -0.001916 2.328461 264.049988
72.346947 -5.844149 0.877373 -0.001683 -0.001874 2.351328 264.459991
72.205956 -5.702065 0.877373 -0.001683 -0.001874 2.351435 264.859985
72.064964 -5.559968 0.877373 -0.001683 -0.001874 2.351276 265.260010
71.923973 -5.417834 0.877373 -0.001682 -0.001875 2.351104 265.660065
71.783211 -5.275687 0.877373 -0.001682 -0.001875 2.351042 266.059998
71.639000 -5.129983 0.877539 -0.001530 -0.001344 2.351041 266.470001
71.498306 -4.987832 0.877773 -0.001302 -0.000572 2.351038 266.870087
71.354103 -4.842127 0.877884 -0.001147 -0.000085 2.351043 267.280121
71.208145 -4.694644 0.877924 -0.000979 0.000193 2.351043 267.695007
71.065704 -4.550716 0.877902 -0.000693 0.000201 2.351048 268.100006
70.921501 -4.405011 0.877861 -0.000424 0.000118 2.351051 268.510284
70.777290 -4.259306 0.877888 -0.000211 0.000074 2.351050 268.920013
70.633080 -4.113602 0.878092 0.000044 0.000032 2.351049 269.329987
70.488876 -3.967892 0.878222 0.000198 0.000010 2.351049 269.740143
70.348183 -3.825738 0.878315 0.000314 -0.000015 2.351052 270.140106
70.207489 -3.683583 0.878308 0.000414 -0.000046 2.351047 270.540100
70.066795 -3.541428 0.878271 0.000496 -0.000104 2.351046 270.940094
69.922600 -3.395720 0.878258 0.000548 -0.000172 2.351041 271.349976
69.781914 -3.253565 0.878265 0.000571 -0.000175 2.351041 271.749969
69.641228 -3.111410 0.878285 0.000551 -0.000149 2.351044 272.150055
69.500542 -2.969256 0.878300 0.000479 -0.000108 2.351046 272.549988
69.359825 -2.827101 0.878299 0.000412 -0.000085 2.351041 272.950012
69.219131 -2.684946 0.878288 0.000364 -0.000038 2.351040 273.349976
69.078445 -2.542792 0.878269 0.000209 -0.000267 2.351041 273.749969
68.937759 -2.400637 0.878268 -0.000182 -0.001007 2.351041 274.150024
68.797073 -2.258482 0.878259 -0.000546 -0.001624 2.351040 274.550049
68.656387 -2.116328 0.878236 -0.000911 -0.002121 2.351040 274.950012
68.515686 -1.974175 0.878216 -0.001184 -0.002309 2.351040 275.350006
68.371475 -1.828469 0.878211 -0.001313 -0.002282 2.351043 275.760132
68.229507 -1.685520 0.878211 -0.001388 -0.002237 2.387673 276.170044
68.067039 -1.563503 0.878211 -0.001769 -0.001950 2.565140 276.589966
67.899780 -1.453591 0.878211 -0.001757 -0.001961 2.559286 276.990082
67.732544 -1.343585 0.878211 -0.001756 -0.001961 2.559147 277.390015
67.565308 -1.233562 0.878211 -0.001756 -0.001962 2.559043 277.790009
67.