0.204375 0.000000 0.750000 0.000000 -0.000000 0.000000 0.000000
0.408626 0.000000 0.750000 0.000000 -0.000000 0.000000 0.430012
0.607983 0.023131 0.750000 0.000000 -0.000000 0.617773 1.230109
0.739800 0.179686 0.750000 0.000000 -0.000000 0.909998 1.870070
0.865089 0.340996 0.750000 0.000000 -0.000000 0.910545 2.300003
0.990358 0.502321 0.750000 0.000000 -0.000000 0.910549 2.730031
1.115627 0.663646 0.750000 0.000000 -0.000000 0.910549 3.159980
1.237736 0.824807 0.750000 0.000000 -0.000000 0.989558 3.590013
1.333376 1.003891 0.750000 0.000000 -0.000000 1.122371 4.019974
1.422185 1.187823 0.754258 0.002476 -0.000914 1.121002 4.450025
1.510988 1.371754 0.759469 0.005679 -0.003356 1.121000 4.880002
1.599790 1.555686 0.764836 0.008035 -0.005946 1.121000 5.310009
1.688593 1.739617 0.767614 0.008653 -0.007154 1.121000 5.740000
1.777396 1.923548 0.769851 0.008800 -0.008299 1.121000 6.170037
1.866199 2.107485 0.771985 0.008714 -0.009297 1.121000 6.600054
1.955002 2.291426 0.774251 0.008510 -0.010045 1.120994 7.030037
2.043804 2.475368 0.776534 0.008224 -0.010621 1.120988 7.460008
2.132607 2.659309 0.779988 0.007795 -0.011414 1.120981 7.890056
2.221410 2.843250 0.782215 0.007595 -0.011963 1.120974 8.320002
2.310213 3.027192 0.784513 0.007482 -0.012479 1.120965 8.750044
2.399016 3.211118 0.786746 0.007423 -0.013007 1.120961 9.179994
2.487818 3.395039 0.788930 0.007394 -0.013523 1.120957 9.610035
2.576621 3.578960 0.791147 0.007378 -0.013944 1.120953 10.039965
2.665429 3.762881 0.793411 0.007381 -0.014303 1.120951 10.470142
2.754236 3.946801 0.797060 0.007386 -0.014765 1.120951 10.900006
2.843043 4.130723 0.799704 0.007432 -0.015021 1.120952 11.330017
2.931851 4.314643 0.802349 0.007501 -0.015220 1.120952 11.759984
3.020658 4.498564 0.804895 0.007593 -0.015340 1.120953 12.190079
3.109465 4.682485 0.807493 0.007683 -0.015407 1.120955 12.619973
3.197237 4.864267 0.810270 0.007760 -0.015457 1.120951 13.045033
3.285012 5.046050 0.813240 0.007829 -0.015516 1.120952 13.470297
3.373819 5.229970 0.817915 0.007888 -0.015585 1.120952 13.899992
3.462629 5.413891 0.821082 0.007905 -0.015577 1.120954 14.330037
3.551435 5.597812 0.824200 0.007904 -0.015555 1.120954 14.759987
3.640242 5.781733 0.827373 0.007858 -0.015519 1.120955 15.190032
3.729052 5.965654 0.830503 0.007811 -0.015424 1.120954 15.619976
3.816826 6.147436 0.833588 0.007732 -0.015302 1.120954 16.045053
3.906666 6.333496 0.836555 0.007639 -0.015155 1.120954 16.479998
3.995473 6.517416 0.840770 0.007521 -0.014941 1.120955 16.910002
4.084295 6.701337 0.843487 0.007407 -0.014789 1.120964 17.339987
4.173118 6.885258 0.846173 0.007288 -0.014621 1.120978 17.770039
4.262869 7.066452 0.848898 0.008155 -0.013806 1.046852 18.199966
4.369888 7.240416 0.851597 0.008388 -0.013264 1.018996 18.630131
4.475715 7.412309 0.854246 0.008200 -0.012946 1.018914 19.055035
4.581542 7.584201 0.858148 0.007818 -0.012364 1.018908 19.480770
4.688613 7.758116 0.860714 0.007516 -0.011891 1.018901 19.910040
4.795685 7.932031 0.863130 0.007170 -0.011354 1.018894 20.339972
4.902767 8.105971 0.865397 0.006802 -0.010725 1.018878 20.770012
5.009880 8.279927 0.867450 0.006406 -0.010027 1.018879 21.199951
5.116992 8.453883 0.869393 0.005965 -0.009298 1.018879 21.630045
5.222860 8.625816 0.871139 0.005480 -0.008507 1.018879 22.055035
5.328727 8.797750 0.873338 0.004696 -0.007218 1.018879 22.481302
5.435840 8.971705 0.874472 0.004144 -0.006285 1.018879 22.910044
5.542953 9.145661 0.875291 0.003613 -0.005365 1.018879 23.339979
5.650066 9.319617 0.875910 0.003102 -0.004487 1.018879 23.770006
5.757179 9.493573 0.876345 0.002607 -0.003613 1.018879 24.200006
5.864292 9.667529 0.876596 0.002148 -0.002799 1.018879 24.630043
6.015123 9.804855 0.876915 0.002013 -0.000770 0.555512 25.290070
6.198076 9.890166 0.877019 0.001705 -0.000215 0.351176 25.720005
6.389305 9.961918 0.877143 0.001332 -0.000183 0.359981 26.150003
6.580443 10.033846 0.877263 0.000963 -0.000226 0.360039 26.579975
6.773437 10.093630 0.877242 0.000627 -0.000206 0.258544 27.010044
6.970769 10.146323 0.877341 0.000337 -0.000298 0.260958 27.439964
7.165805 10.198435 0.877333 0.000186 -0.000344 0.260944 27.865326
7.360841 10.250518 0.877351 0.000211 -0.000186 0.260941 28.290024
7.558171 10.303209 0.877382 0.000287 -0.000030 0.260942 28.720007
7.755502 10.355902 0.877374 0.000412 0.000133 0.260941 29.150036
7.952832 10.408591 0.877466 0.000514 0.000253 0.260944 29.579990
8.150163 10.461286 0.877784 0.000558 0.000324 0.260946 30.010012
8.347493 10.513985 0.878120 0.000574 0.000396 0.260951 30.440002
8.544824 10.566681 0.878338 0.000567 0.000375 0.260952 30.870134
8.742154 10.619378 0.878324 0.000425 0.000130 0.260951 31.299976
8.939485 10.672074 0.878143 0.000256 -0.000015 0.260949 31.730034
9.136815 10.724771 0.877874 0.000078 -0.000137 0.260947 32.159985
9.334146 10.777464 0.877511 -0.000114 -0.000244 0.260944 32.590042
9.531476 10.830155 0.877221 -0.000279 -0.000266 0.260942 33.020008
9.726512 10.882234 0.876954 -0.000432 -0.000296 0.260939 33.445110
9.926137 10.935537 0.876976 -0.000576 -0.000328 0.260938 33.879993
10.123467 10.988225 0.877149 -0.000840 -0.000376 0.260938 34.310020
10.320798 11.040912 0.877184 -0.001223 -0.000584 0.260940 34.739967
10.515304 11.104130 0.877237 -0.001805 -0.000673 0.366022 35.190037
10.706219 11.176740 0.877254 -0.002376 -0.000857 0.363417 35.619995
10.897152 11.249324 0.877239 -0.002854 -0.000924 0.363438 36.050095
11.088085 11.321908 0.877244 -0.003151 -0.000870 0.363470 36.479977
11.279018 11.394492 0.877180 -0.003484 -0.000597 0.363506 36.910042
11.469952 11.467104 0.877212 -0.003605 -0.000321 0.363525 37.339989
11.660885 11.539724 0.877362 -0.003632 -0.000066 0.363523 37.770012
11.851818 11.612343 0.877447 -0.003449 0.000132 0.363529 38.199986
12.042751 11.684976 0.877528 -0.003314 0.000302 0.363521 38.630028
12.233685 11.757607 0.877460 -0.003110 0.000439 0.363527 39.059975
12.424618 11.830228 0.877275 -0.003050 0.000745 0.363523 39.490086
12.615551 11.902876 0.877211 -0.002910 0.000878 0.363529 39.919983
12.806484 11.975513 0.877170 -0.002564 0.000775 0.363529 40.350014
12.997417 12.048155 0.877113 -0.002227 0.000636 0.363528 40.779991
13.188351 12.120801 0.876990 -0.002015 0.000550 0.363527 41.210007
13.375937 12.196507 0.876804 -0.001796 0.000673 0.461429 41.655067
13.556346 12.287086 0.876565 -0.001609 0.000600 0.463189 42.080761
13.739078 12.378370 0.876483 -0.001501 0.000557 0.463125 42.510056
13.921809 12.469642 0.876374 -0.001427 0.000507 0.463096 42.939980
14.104541 12.560884 0.876323 -0.001334 0.000411 0.463097 43.370010
14.287272 12.652127 0.876304 -0.001255 0.000333 0.463099 43.799984
14.473616 12.727071 0.876301 -0.001213 0.000038 0.272068 44.230034
14.671006 12.779547 0.876274 -0.001182 -0.000010 0.261633 44.660007
14.868337 12.832365 0.876258 -0.001198 -0.000048 0.261627 45.090042
15.065667 12.885183 0.876292 -0.001211 -0.000043 0.261644 45.519985
15.262998 12.938002 0.876269 -0.001212 -0.000029 0.261665 45.950035
15.460328 12.990820 0.876231 -0.001225 -0.000044 0.261689 46.379982
15.657659 13.043638 0.876199 -0.001245 -0.000050 0.261720 46.810112
15.854989 13.096457 0.876190 -0.001265 -0.000060 0.261757 47.239967
16.052319 13.149303 0.876215 -0.001288 -0.000086 0.261771 47.670151
16.249649 13.202171 0.876286 -0.001348 -0.000160 0.261772 48.100010
16.446980 13.255041 0.876396 -0.001389 -0.000223 0.261773 48.530006
16.639448 13.316558 0.876506 -0.001468 -0.000104 0.366606 48.959976
16.830505 13.388789 0.876552 -0.001545 -0.000149 0.361154 49.390106
17.021603 13.460963 0.876533 -0.001608 -0.000164 0.361128 49.819992
17.212700 13.533137 0.876485 -0.001640 -0.000195 0.361130 50.250027
17.401545 13.611185 0.876516 -0.001662 -0.000064 0.475118 50.699959
17.572266 13.716215 0.876532 -0.001643 0.000066 0.560832 51.130024
17.745155 13.824950 0.876577 -0.001610 0.000034 0.561313 51.559978
17.915024 13.934621 0.876616 -0.001557 0.000132 0.640296 51.990028
18.066498 14.069839 0.876518 -0.001427 0.000304 0.766100 52.420002
18.212132 14.209602 0.876409 -0.001294 0.000269 0.764837 52.845043
18.357719 14.349354 0.876387 -0.001134 0.000256 0.764812 53.270264
18.505020 14.490749 0.876564 -0.000947 0.000244 0.764785 53.699989
18.652321 14.632145 0.876626 -0.000847 0.000243 0.764758 54.130032
18.799622 14.773540 0.876675 -0.000726 0.000210 0.764720 54.559967
18.969482 14.880194 0.876707 -0.000518 -0.000124 0.287965 55.250042
19.165388 14.921048 0.876771 -0.000445 -0.000174 0.184555 55.679996
19.366175 14.958336 0.876749 -0.000465 -0.000187 0.171596 56.110050
19.567495 14.977067 0.876683 -0.000457 -0.000238 0.082046 56.540066
19.771059 14.993728 0.876655 -0.000456 -0.000219 0.081707 56.970032
19.974623 15.010377 0.876611 -0.000436 -0.000163 0.081724 57.400017
20.173323 15.034718 0.876786 -0.000526 0.000078 0.361271 57.939972
20.346825 15.138431 0.876938 -0.000479 0.000280 0.552574 58.519981
20.520699 15.245702 0.877003 -0.000410 0.000306 0.553106 58.950027
20.693510 15.350763 0.877091 -0.000349 0.000285 0.489863 59.379951
20.877159 15.440139 0.877235 -0.000302 0.000247 0.451200 59.810036
21.061039 15.529208 0.877317 -0.000237 0.000228 0.451071 60.239979
21.244919 15.618278 0.877319 -0.000207 0.000198 0.451068 60.670368
21.428799 15.707347 0.877157 -0.000249 0.000090 0.451066 61.100018
21.612679 15.796416 0.877046 -0.000304 -0.000012 0.451063 61.530029
21.796558 15.885486 0.876879 -0.000370 -0.000090 0.451060 61.959965
21.980438 15.974555 0.876664 -0.000415 -0.000124 0.451056 62.390121
22.164318 16.063623 0.876459 -0.000438 -0.000098 0.451052 62.820023
22.354361 16.139366 0.876229 -0.000448 -0.000110 0.351443 63.270145
22.546118 16.209726 0.876002 -0.000466 -0.000100 0.347395 63.700020
22.743797 16.254173 0.875999 -0.000466 -0.000209 0.145005 64.140015
22.942419 16.283262 0.876102 -0.000502 -0.000199 0.087326 64.580009
23.145618 16.293966 0.876209 -0.000577 -0.000173 0.052080 65.010063
23.349670 16.304581 0.876262 -0.000719 -0.000186 0.051826 65.439972
23.553726 16.315176 0.876373 -0.000913 -0.000222 0.051810 65.870155
23.757782 16.325762 0.876552 -0.001160 -0.000247 0.051812 66.299973
23.959345 16.335997 0.876650 -0.001329 -0.000310 0.022656 66.730042
24.161406 16.316931 0.876746 -0.001384 -0.000619 -0.147071 67.179985
24.363493 16.287521 0.876880 -0.001506 -0.000738 -0.144346 67.610054
24.565580 16.258160 0.876937 -0.001535 -0.000882 -0.144350 68.039986
24.767668 16.228798 0.877047 -0.001511 -0.001036 -0.144364 68.470360
24.969488 16.199333 0.877299 -0.001417 -0.001207 -0.164730 68.900009
25.166090 16.151009 0.877471 -0.001246 -0.001342 -0.252323 69.330025
25.363913 16.099949 0.877766 -0.001144 -0.001317 -0.252828 69.759987
25.559435 16.049465 0.878092 -0.001030 -0.001283 -0.252849 70.185043
25.754957 15.998936 0.878504 -0.000892 -0.001215 -0.252862 70.610115
25.952780 15.947840 0.879056 -0.000738 -0.001085 -0.252884 71.039993
26.148302 15.897338 0.879547 -0.000555 -0.000961 -0.252907 71.465080
26.343824 15.846836 0.880052 -0.000253 -0.000777 -0.252935 71.890030
26.546452 15.822875 0.880338 -0.000234 -0.000618 -0.001520 72.350044
26.750515 15.831594 0.880565 -0.000092 -0.000501 0.045197 72.779968
26.954571 15.840861 0.880789 0.000100 -0.000416 0.045414 73.210014
27.158627 15.850129 0.880864 0.000292 -0.000339 0.045420 73.640007
27.362682 15.859397 0.880796 0.000481 -0.000201 0.045427 74.070175
27.566738 15.868665 0.880543 0.000696 -0.000002 0.045435 74.500023
27.770794 15.877933 0.880320 0.000779 0.000068 0.045443 74.930069
27.974850 15.887200 0.880231 0.000852 0.000116 0.045454 75.360039
28.176937 15.894703 0.880179 0.000880 0.000200 -0.023435 75.790024
28.376923 15.867522 0.880100 0.000846 0.000373 -0.244450 76.219971
28.572060 15.815854 0.879918 0.000885 0.000320 -0.257580 76.645088
28.767258 15.764423 0.879807 0.000968 0.000236 -0.257625 77.070206
28.964752 15.712390 0.879806 0.001123 0.000140 -0.257627 77.500015
29.162247 15.660357 0.879830 0.001201 0.000143 -0.257627 77.930038
29.359741 15.608317 0.879839 0.001258 0.000182 -0.257624 78.360039
29.557236 15.556284 0.879811 0.001288 0.000198 -0.257622 78.790039
29.754730 15.504253 0.879772 0.001326 0.000175 -0.257616 79.219971
29.952225 15.452223 0.879817 0.001366 0.000184 -0.257615 79.650063
30.149719 15.400192 0.879920 0.001418 0.000216 -0.257615 80.079987
30.347214 15.348157 0.879915 0.001444 0.000183 -0.257616 80.510063
30.540991 15.296740 0.879885 0.001430 0.000233 -0.294844 80.940002
30.732111 15.226184 0.879830 0.001394 0.000314 -0.357675 81.379974
30.923372 15.154655 0.879808 0.001399 0.000281 -0.357904 81.810020
31.114634 15.083137 0.879737 0.001429 0.000274 -0.357919 82.239998
31.305895 15.011619 0.879598 0.001457 0.000291 -0.357937 82.670135
31.505905 15.006270 0.879338 0.001496 -0.000466 0.175481 83.359978
31.702921 15.061942 0.879248 0.001443 -0.000652 0.325827 83.799980
31.896521 15.126964 0.879319 0.001437 -0.000598 0.323980 84.230110
32.087830 15.191246 0.879539 0.001407 -0.000544 0.323937 84.655037
32.279633 15.262032 0.879816 0.001265 -0.000577 0.432432 85.090080
32.454155 15.360081 0.879780 0.001103 -0.000591 0.523022 85.519997
32.639030 15.439813 0.879764 0.001103 -0.000188 0.234583 86.050011
32.841053 15.464631 0.879753 0.000908 0.000113 0.020669 86.490067
33.040913 15.452734 0.879816 0.000787 0.000227 -0.070840 86.919968
33.244640 15.438150 0.879905 0.000702 0.000258 -0.071609 87.350037
33.448368 15.423552 0.879997 0.000625 0.000286 -0.071627 87.779991
33.652096 15.408953 0.880069 0.000553 0.000277 -0.071645 88.210083
33.855824 15.394354 0.880021 0.000519 0.000201 -0.071667 88.639992
34.059551 15.379755 0.879965 0.000503 0.000074 -0.071693 89.070137
34.263279 15.365156 0.879930 0.000475 -0.000103 -0.071723 89.499992
34.467007 15.350544 0.879870 0.000465 -0.000172 -0.071736 89.930084
34.670734 15.335894 0.879742 0.000429 -0.000196 -0.071738 90.360001
34.874737 15.319106 0.879640 0.000395 -0.000166 -0.151712 90.810059
35.075920 15.284035 0.879609 0.000354 -0.000176 -0.171564 91.240028
35.277023 15.249178 0.879674 0.000327 -0.000201 -0.171590 91.670288
35.474838 15.208241 0.879791 0.000338 -0.000171 -0.281345 92.100075
35.671574 15.153235 0.879940 0.000317 -0.000149 -0.271475 92.530022
35.868412 15.098449 0.880164 0.000349 -0.000105 -0.271424 92.959976
36.065250 15.043662 0.880299 0.000403 -0.000056 -0.271416 93.390022
36.262089 14.988875 0.880338 0.000477 -0.000021 -0.271407 93.820007
36.456638 14.934726 0.880447 0.000582 0.000010 -0.271396 94.245033
36.655766 14.879302 0.880546 0.000683 0.000039 -0.271382 94.680031
36.852604 14.824515 0.880601 0.000850 0.000140 -0.271368 95.110085
37.049442 14.769729 0.880632 0.000956 0.000202 -0.271351 95.540031
37.246281 14.714986 0.880563 0.001035 0.000290 -0.271354 95.970032
37.443119 14.660221 0.880323 0.001114 0.000404 -0.271356 96.399986
37.639957 14.605459 0.879975 0.001225 0.000485 -0.271349 96.830055
37.836796 14.550697 0.879657 0.001355 0.000534 -0.271348 97.259964
38.033634 14.495927 0.879192 0.001569 0.000624 -0.271349 97.690010
38.230473 14.441163 0.878859 0.001701 0.000610 -0.271349 98.119980
38.427311 14.386390 0.878549 0.001814 0.000565 -0.271351 98.550018
38.624149 14.331628 0.878295 0.001903 0.000465 -0.271354 98.979973
38.820988 14.276856 0.878164 0.001983 0.000375 -0.271357 99.410027
39.019077 14.236361 0.878079 0.002046 0.000096 -0.168567 99.855042
39.218166 14.202387 0.878065 0.002037 -0.000017 -0.168894 100.280731
39.419598 14.168022 0.878076 0.002033 -0.000043 -0.168876 100.710030
39.621029 14.133657 0.878125 0.002059 -0.000065 -0.168858 101.139984
39.822460 14.099303 0.878176 0.002078 -0.000074 -0.168851 101.570007
40.023891 14.064964 0.878189 0.002081 -0.000079 -0.168851 101.999954
40.225323 14.030624 0.878121 0.002090 -0.000081 -0.168851 102.430000
40.426754 13.996282 0.878021 0.002114 -0.000058 -0.168846 102.859962
40.628185 13.961940 0.878053 0.002103 -0.000067 -0.168852 103.290047
40.829617 13.927614 0.878264 0.002078 -0.000144 -0.168847 103.719994
41.031048 13.893276 0.878358 0.002075 -0.000148 -0.168848 104.150009
41.232479 13.858926 0.878336 0.002053 -0.000128 -0.168854 104.580009
41.433910 13.824575 0.878225 0.002027 -0.000135 -0.168856 105.010010
41.635342 13.790226 0.878126 0.002028 -0.000117 -0.168859 105.439972
41.836773 13.755877 0.878133 0.002019 -0.000071 -0.168859 105.870041
42.038204 13.721523 0.878258 0.001998 -0.000043 -0.168854 106.300026
42.239635 13.687183 0.878338 0.002000 -0.000053 -0.168856 106.730064
42.441067 13.652837 0.878411 0.001991 -0.000099 -0.168857 107.159988
42.642498 13.618487 0.878464 0.001960 -0.000163 -0.168856 107.590065
42.843929 13.584137 0.878536 0.001942 -0.000226 -0.168852 108.019974
43.043018 13.550186 0.878634 0.001953 -0.000280 -0.168849 108.445030
43.246792 13.515443 0.878722 0.001954 -0.000305 -0.168847 108.879990
43.448223 13.481100 0.878843 0.001935 -0.000303 -0.168846 109.310043
43.649654 13.446754 0.878945 0.001932 -0.000299 -0.168846 109.739952
43.851086 13.412406 0.879138 0.001934 -0.000312 -0.168850 110.170006
44.052517 13.378060 0.879275 0.001939 -0.000309 -0.168854 110.599991
44.253948 13.343709 0.879330 0.001953 -0.000278 -0.168857 111.030029
44.453037 13.309762 0.879337 0.001957 -0.000223 -0.168858 111.455017
44.652126 13.275816 0.879358 0.001968 -0.000194 -0.168859 111.880005
44.853558 13.241469 0.879539 0.001986 -0.000137 -0.168859 112.310036
45.054989 13.207118 0.879731 0.001998 -0.000088 -0.168856 112.739998
45.256420 13.172772 0.879849 0.002006 -0.000020 -0.168856 113.170036
45.457851 13.138425 0.879764 0.002002 0.000041 -0.168856 113.600014
45.659283 13.104074 0.879532 0.001980 0.000092 -0.168851 114.030067
45.860714 13.069724 0.879365 0.001960 0.000129 -0.168849 114.459999
46.062145 13.035382 0.879382 0.001958 0.000142 -0.168847 114.890739
46.263577 13.001041 0.879382 0.001961 0.000153 -0.168845 115.319984
46.465008 12.966697 0.879313 0.001950 0.000146 -0.168849 115.750053
46.666439 12.932358 0.879196 0.001948 0.000073 -0.168852 116.180016
46.867870 12.898006 0.879156 0.001953 -0.000016 -0.168856 116.610023
47.069302 12.863662 0.879159 0.001966 -0.000050 -0.168858 117.039993
47.270733 12.829312 0.879184 0.001968 -0.000043 -0.168859 117.470055
47.472206 12.814041 0.879205 0.001815 -0.000808 0.251134 118.159988
47.667068 12.873614 0.879268 0.001769 -0.000890 0.299340 118.599983
47.853577 12.948159 0.879335 0.001524 -0.001171 0.490511 119.030022
48.032310 13.046921 0.879494 0.001400 -0.001123 0.503702 119.459969
48.211105 13.145504 0.879740 0.001105 -0.000919 0.503680 119.890808
48.389900 13.244087 0.879919 0.000914 -0.000735 0.503639 120.320007
48.566711 13.341080 0.880076 0.000758 -0.000464 0.448611 120.750053
48.373837 13.403888 0.880219 0.000416 0.000180 -0.240054 121.930061
48.175690 13.453780 0.880334 0.000365 0.000152 -0.247665 122.359993
47.977539 13.503891 0.880440 0.000346 0.000116 -0.247714 122.790047
47.780766 13.550780 0.880471 0.000328 0.000045 -0.164157 123.219978
47.581314 13.565949 0.880463 0.000291 0.000006 -0.040211 123.650055
47.379631 13.574322 0.880488 0.000272 0.000036 -0.041277 124.075279
47.177948 13.582671 0.880562 0.000292 0.000147 -0.041260 124.501282
46.973892 13.591119 0.880529 0.000327 0.000138 -0.041239 124.930031
46.769836 13.599566 0.880393 0.000396 0.000096 -0.041212 125.359962
46.565781 13.608014 0.880320 0.000490 0.000082 -0.041181 125.790047
46.361725 13.616433 0.880408 0.000564 0.000034 -0.041166 126.219955
46.157669 13.624830 0.880646 0.000615 -0.000076 -0.041167 126.650032
45.955986 13.633139 0.880659 0.000645 -0.000229 -0.041164 127.075134
45.754303 13.641444 0.880343 0.000650 -0.000235 -0.041164 127.499977
45.550247 13.649849 0.880061 0.000617 -0.000176 -0.041164 127.930016
45.346191 13.658251 0.879874 0.000548 -0.000132 -0.041166 128.359970
45.142136 13.666654 0.879765 0.000484 -0.000100 -0.041168 128.790024
44.938080 13.675058 0.879695 0.000390 -0.000024 -0.041172 129.219986
44.734024 13.683466 0.879538 0.000307 0.000043 -0.041175 129.650024
44.529968 13.691876 0.879360 0.000235 0.000081 -0.041177 130.079987
44.325912 13.700284 0.879257 0.000095 0.000097 -0.041177 130.510040
44.121857 13.708691 0.879334 0.000024 0.000142 -0.041175 130.939972
43.917801 13.717098 0.879485 -0.000010 0.000187 -0.041173 131.370026
43.713745 13.725502 0.879592 -0.000036 0.000210 -0.041169 131.799957
43.509689 13.733903 0.879680 -0.000029 0.000287 -0.041166 132.230042
43.305634 13.742303 0.879875 -0.000020 0.000393 -0.041163 132.660019
43.102375 13.765764 0.880350 -0.000064 0.000541 -0.136098 133.110031
42.899960 13.793554 0.880709 -0.000111 0.000556 -0.136688 133.539978
42.697544 13.821358 0.881005 -0.000195 0.000543 -0.136726 133.970032
42.495129 13.849193 0.881121 -0.000297 0.000503 -0.136755 134.400009
42.292713 13.877049 0.881133 -0.000382 0.000443 -0.136754 134.830032
42.090298 13.904913 0.881224 -0.000458 0.000357 -0.136750 135.259979
41.887882 13.932765 0.881349 -0.000526 0.000184 -0.136746 135.690033
41.685467 13.960620 0.881319 -0.000572 0.000068 -0.136746 136.119965
41.483051 13.988474 0.881154 -0.000612 -0.000012 -0.136748 136.550034
41.280636 14.016330 0.881017 -0.000648 -0.000025 -0.136752 136.979996
41.078220 14.044187 0.881021 -0.000686 -0.000021 -0.136755 137.410034
40.875805 14.072048 0.881099 -0.000726 -0.000041 -0.136759 137.839981
40.675743 14.099587 0.881077 -0.000753 -0.000110 -0.136760 138.265030
40.475681 14.127126 0.880923 -0.000807 -0.000155 -0.136760 138.690704
40.273266 14.154988 0.880920 -0.000856 -0.000109 -0.136759 139.119980
40.070850 14.182850 0.880968 -0.000901 -0.000080 -0.136758 139.550049
39.868435 14.210711 0.880988 -0.000966 -0.000097 -0.136757 139.979980
39.666019 14.238573 0.880888 -0.001028 -0.000097 -0.136755 140.410019
39.463604 14.266438 0.880747 -0.001058 -0.000050 -0.136751 140.839996
39.263542 14.293970 0.880666 -0.001072 -0.000004 -0.136748 141.265060
39.063480 14.321503 0.880631 -0.001081 0.000001 -0.136747 141.690018
38.861065 14.349356 0.880571 -0.001132 0.000006 -0.136747 142.119980
38.658649 14.377210 0.880433 -0.001165 0.000001 -0.136749 142.550034
38.456234 14.405066 0.880334 -0.001188 -0.000036 -0.136752 142.980057
38.253819 14.432923 0.880268 -0.001222 -0.000043 -0.136755 143.410019
38.051403 14.460785 0.880337 -0.001276 -0.000010 -0.136760 143.839981
37.848988 14.488652 0.880414 -0.001327 -0.000012 -0.136759 144.270035
37.646572 14.516512 0.880426 -0.001373 -0.000006 -0.136760 144.699951
37.444157 14.544372 0.880336 -0.001406 0.000020 -0.136759 145.130051
37.241741 14.572238 0.880315 -0.001452 0.000049 -0.136758 145.560013
37.039326 14.600103 0.880395 -0.001483 0.000051 -0.136755 145.990036
36.836910 14.627967 0.880471 -0.001487 0.000023 -0.136753 146.419952
36.634495 14.655827 0.880483 -0.001487 -0.000009 -0.136749 146.850021
36.432079 14.683683 0.880457 -0.001503 -0.000030 -0.136748 147.279999
36.228573 14.704884 0.880414 -0.001500 0.000113 -0.034177 147.730026
36.024517 14.713098 0.880500 -0.001476 0.000071 -0.040913 148.160248
35.820461 14.721463 0.880605 -0.001457 0.000047 -0.040927 148.590302
35.616405 14.729829 0.880636 -0.001469 0.000058 -0.040918 149.020142
35.412350 14.738194 0.880608 -0.001445 0.000075 -0.040908 149.450027
35.210667 14.746463 0.880591 -0.001390 0.000061 -0.040894 149.875046
35.008984 14.754731 0.880738 -0.001316 0.000061 -0.040879 150.299988
34.804928 14.763097 0.880812 -0.001287 0.000055 -0.040862 150.730026
34.600872 14.771462 0.880764 -0.001249 0.000042 -0.040841 151.160004
34.396816 14.779828 0.880657 -0.001186 0.000030 -0.040815 151.590057
34.192760 14.788194 0.880588 -0.001140 0.000040 -0.040784 152.019958
33.991077 14.796427 0.880655 -0.001085 0.000049 -0.040774 152.445099
33.789394 14.804656 0.880780 -0.001035 0.000024 -0.040775 152.870041
33.585339 14.812984 0.880826 -0.000930 0.000033 -0.040775 153.299988
33.381283 14.821310 0.880803 -0.000882 0.000105 -0.040774 153.730057
33.177227 14.829636 0.880813 -0.000851 0.000167 -0.040772 154.159988
32.973171 14.837961 0.880870 -0.000801 0.000171 -0.040770 154.590057
32.769115 14.846285 0.880880 -0.000730 0.000162 -0.040765 155.020004
32.565060 14.854605 0.880860 -0.000650 0.000142 -0.040762 155.450043
32.363377 14.862825 0.880830 -0.000595 0.000138 -0.040761 155.875031
32.161694 14.871046 0.881000 -0.000581 0.000140 -0.040761 156.300003
31.957638 14.879365 0.881134 -0.000573 0.000131 -0.040762 156.730042
31.753582 14.887686 0.881227 -0.000555 0.000097 -0.040763 157.160004
31.549526 14.896005 0.881193 -0.000516 0.000071 -0.040767 157.590088
31.345470 14.904328 0.881164 -0.000488 0.000052 -0.040770 158.019989
31.141415 14.912654 0.881139 -0.000473 0.000015 -0.040774 158.450058
30.937359 14.920979 0.881182 -0.000459 0.000003 -0.040775 158.880356
30.733303 14.929305 0.881181 -0.000437 -0.000065 -0.040775 159.310059
30.529247 14.937629 0.881094 -0.000427 -0.000092 -0.040773 159.739975
30.325191 14.945953 0.881026 -0.000408 -0.000090 -0.040771 160.170029
30.121136 14.954275 0.881042 -0.000396 -0.000084 -0.040767 160.600037
29.917080 14.962594 0.881119 -0.000409 -0.000077 -0.040764 161.030029
29.713024 14.970914 0.881128 -0.000412 -0.000092 -0.040762 161.460052
29.508968 14.979232 0.881045 -0.000421 -0.000063 -0.040761 161.890762
29.304913 14.987551 0.881021 -0.000410 -0.000020 -0.040762 162.319977
29.100857 14.995872 0.881076 -0.000406 -0.000018 -0.040764 162.750031
28.896801 15.004194 0.881142 -0.000405 -0.000050 -0.040766 163.179977
28.692745 15.012519 0.881150 -0.000403 -0.000072 -0.040770 163.610077
28.494699 15.056108 0.881014 -0.000388 -0.000166 -0.372764 164.130051
28.309607 15.141768 0.880946 -0.000419 -0.000199 -0.440497 164.559982
28.124907 15.228890 0.880963 -0.000508 -0.000244 -0.440759 164.990036
27.940207 15.315999 0.880980 -0.000633 -0.000327 -0.440781 165.420029
27.755507 15.403142 0.880928 -0.000781 -0.000377 -0.440771 165.850021
27.572954 15.489255 0.880841 -0.000914 -0.000391 -0.440770 166.275024
27.390402 15.575360 0.880534 -0.001102 -0.000419 -0.440771 166.699966
27.205702 15.662480 0.880341 -0.001190 -0.000478 -0.440770 167.130005
27.021002 15.749597 0.880093 -0.001260 -0.000519 -0.440773 167.559998
26.836302 15.836719 0.879794 -0.001326 -0.000579 -0.440772 167.990021
26.651602 15.923838 0.879510 -0.001360 -0.000636 -0.440775 168.419968
26.466902 16.010958 0.879210 -0.001393 -0.000705 -0.440776 168.850006
26.282202 16.098059 0.878927 -0.001417 -0.000751 -0.440800 169.280182
26.097502 16.185160 0.878553 -0.001422 -0.000812 -0.440828 169.710037
25.912802 16.272261 0.878404 -0.001418 -0.000865 -0.440858 170.139969
25.728102 16.359362 0.878377 -0.001371 -0.000902 -0.440896 170.570053
25.543402 16.446463 0.878397 -0.001327 -0.000874 -0.440942 170.999985
25.358702 16.533564 0.878401 -0.001302 -0.000841 -0.440998 171.430023
25.176149 16.619720 0.878462 -0.001271 -0.000807 -0.441010 171.854996
24.993597 16.705887 0.878420 -0.001237 -0.000762 -0.441013 172.280472
24.808897 16.793066 0.878147 -0.001163 -0.000679 -0.441012 172.710068
24.624197 16.880249 0.877969 -0.001100 -0.000622 -0.441011 173.139984
24.439497 16.967436 0.877841 -0.001056 -0.000563 -0.441007 173.570038
24.254797 17.054623 0.877725 -0.001038 -0.000497 -0.441000 173.999954
24.070097 17.141792 0.877688 -0.000999 -0.000407 -0.440992 174.430023
23.883249 17.229980 0.877638 -0.000954 -0.000310 -0.440989 174.865005
23.700697 17.316137 0.877595 -0.000913 -0.000240 -0.440988 175.291367
23.516281 17.403334 0.877554 -0.000897 -0.000228 -0.461340 175.719955
23.348024 17.513554 0.877522 -0.000820 -0.000356 -0.655622 176.150055
23.185366 17.637058 0.877519 -0.000742 -0.000347 -0.648781 176.579987
23.022646 17.760410 0.877488 -0.000651 -0.000314 -0.648779 177.010056
22.859926 17.883762 0.877492 -0.000571 -0.000276 -0.648807 177.440002
22.699099 18.005680 0.877455 -0.000495 -0.000259 -0.648838 177.865021
22.538271 18.127598 0.877483 -0.000414 -0.000196 -0.648877 178.290070
22.375551 18.250950 0.877617 -0.000303 -0.000119 -0.648920 178.719986
22.212831 18.374386 0.877681 -0.000242 -0.000084 -0.648924 179.150024
22.050112 18.497816 0.877737 -0.000191 -0.000021 -0.648921 179.580017
21.887392 18.621233 0.877801 -0.000165 0.000035 -0.648918 180.010040
21.724672 18.744658 0.877894 -0.000132 0.000059 -0.648915 180.440002
21.561953 18.868069 0.877975 -0.000096 0.000087 -0.648910 180.870041
21.391153 18.976128 0.878006 -0.000039 0.000151 -0.540863 181.301285
21.215998 19.081272 0.877988 -0.000011 0.000178 -0.540464 181.730026
21.040812 19.186417 0.877983 -0.000014 0.000197 -0.540442 182.159958
20.865625 19.291561 0.877966 -0.000025 0.000219 -0.540420 182.590042
20.690439 19.396706 0.877973 -0.000024 0.000228 -0.540394 183.019989
20.515253 19.501850 0.877961 -0.000018 0.000210 -0.540360 183.450058
20.342104 19.605772 0.877934 -0.000005 0.000187 -0.540321 183.875046
20.168955 19.709665 0.877900 0.000040 0.000142 -0.540279 184.300018
19.993769 19.814739 0.877858 0.000111 0.000073 -0.540280 184.730072
19.818583 19.919825 0.877849 0.000160 0.000038 -0.540286 185.160065
19.643396 20.024912 0.877881 0.000222 0.000024 -0.540288 185.590057
19.468210 20.130009 0.877943 0.000270 0.000006 -0.540297 186.019974
19.293024 20.235104 0.878002 0.000319 -0.000006 -0.540302 186.450119
19.119875 20.338976 0.878048 0.000359 -0.000019 -0.540302 186.875031
18.946726 20.442852 0.878172 0.000396 -0.000063 -0.540300 187.299988
18.771540 20.547934 0.878265 0.000386 -0.000077 -0.540300 187.730057
18.596354 20.653030 0.878345 0.000355 -0.000087 -0.540300 188.159988
18.421167 20.758129 0.878424 0.000316 -0.000106 -0.540296 188.590012
18.234951 20.832481 0.878485 0.000190 -0.000187 -0.225954 189.110062
18.036213 20.879461 0.878444 0.000115 -0.000178 -0.233351 189.540024
17.837570 20.926702 0.878450 0.000034 -0.000131 -0.233379 189.970032
17.640438 20.971495 0.878428 -0.000079 -0.000074 -0.159222 190.399963
17.437845 20.985062 0.878371 -0.000203 0.000016 -0.028083 190.830032
17.236000 20.990932 0.878207 -0.000320 0.000059 -0.029089 191.255020
17.029406 20.996906 0.877970 -0.000534 0.000165 -0.029128 191.690063
16.825186 21.002811 0.877609 -0.000860 0.000320 -0.029168 192.119980
16.620966 21.008717 0.877430 -0.001014 0.000386 -0.029218 192.550064
16.416746 21.014622 0.877265 -0.001186 0.000478 -0.029276 192.979980
16.212526 21.020590 0.877224 -0.001317 0.000585 -0.029315 193.410034
16.008307 21.026577 0.877300 -0.001429 0.000674 -0.029310 193.840012
15.804166 21.032557 0.877335 -0.001542 0.000768 -0.029305 194.270050
15.600028 21.038534 0.877463 -0.001669 0.000935 -0.029303 194.701447
15.402108 21.069492 0.877670 -0.001880 0.000622 -0.237167 195.150040
15.203262 21.116209 0.877985 -0.001878 0.000642 -0.230208 195.580002
15.004374 21.162794 0.878268 -0.001852 0.000618 -0.230200 196.010056
14.805485 21.209379 0.878449 -0.001813 0.000592 -0.230223 196.440018
14.608909 21.255423 0.878564 -0.001769 0.000557 -0.230251 196.865036
14.412333 21.301466 0.878645 -0.001738 0.000511 -0.230285 197.290070
14.213692 21.348011 0.878776 -0.001701 0.000450 -0.238180 197.719986
14.046853 21.461016 0.878962 -0.001693 -0.000401 -0.704356 198.419983
13.894739 21.594357 0.879036 -0.001501 -0.000411 -0.796180 198.865051
13.753974 21.739065 0.879010 -0.001060 -0.000105 -0.797424 199.290100
13.611447 21.885044 0.878715 -0.000402 0.000137 -0.801508 199.719971
13.485017 22.040270 0.878525 -0.000045 0.000108 -0.896675 200.159973
13.357630 22.199873 0.878312 0.000258 -0.000027 -0.897274 200.590027
13.221778 22.349394 0.878212 0.000479 -0.000269 -0.789011 201.019974
13.078240 22.494703 0.878171 0.000629 -0.000491 -0.791398 201.450043
12.936381 22.638346 0.878113 0.000715 -0.000708 -0.791358 201.875031
12.794504 22.781988 0.878044 0.000899 -0.000933 -0.791305 202.299973
12.650894 22.927320 0.877964 0.001070 -0.001034 -0.791297 202.730042
12.507284 23.072653 0.877902 0.001262 -0.001074 -0.791286 203.159973
12.363674 23.217985 0.877816 0.001393 -0.001038 -0.791272 203.590027
12.220064 23.363317 0.877769 0.001425 -0.000949 -0.791255 204.020035
12.076454 23.508650 0.877793 0.001170 -0.000763 -0.791234 204.450073
11.932844 23.653982 0.877830 0.000919 -0.000626 -0.791209 204.880005
11.785818 23.792650 0.877862 0.000459 -0.000391 -0.677178 205.310715
11.627214 23.921354 0.877916 0.000293 -0.000198 -0.682921 205.739975
11.468760 24.050283 0.877920 0.000186 -0.000054 -0.682934 206.170013
11.310305 24.179213 0.877880 0.000083 0.000051 -0.682917 206.599960
11.163151 24.319523 0.877816 0.000014 0.000120 -0.874285 207.050079
11.035556 24.475956 0.877802 -0.000037 0.000137 -0.885000 207.475052
10.907721 24.632244 0.877896 -0.000074 0.000153 -0.884983 207.900879
10.778381 24.790371 0.877956 -0.000115 0.000135 -0.884938 208.330078
10.650143 24.947771 0.878070 -0.000177 0.000087 -0.921484 208.759995
10.536701 25.116686 0.878165 -0.000264 0.000033 -0.984359 209.190079
10.423749 25.286787 0.878226 -0.000292 0.000011 -0.984683 209.620026
10.370894 25.482235 0.878332 -0.000193 -0.000170 -1.640053 210.490051
10.384868 25.685963 0.878401 -0.000076 -0.000101 -1.637521 210.920013
10.398482 25.889690 0.878257 -0.000030 -0.000121 -1.637459 211.350052
10.412787 26.090607 0.878042 -0.000063 -0.000296 -1.695823 211.790024
10.446103 26.290588 0.878086 -0.000154 -0.000492 -1.737088 212.220016
10.479971 26.492020 0.878350 -0.000248 -0.000650 -1.737345 212.650055
10.513450 26.691109 0.878412 -0.000292 -0.000684 -1.737334 213.075012
10.546928 26.890198 0.878169 -0.000244 -0.000500 -1.737321 213.500015
10.580801 27.091629 0.877684 -0.000135 -0.000248 -1.737307 213.930054
10.614674 27.293060 0.877025 0.000043 0.000054 -1.737291 214.359955
10.648546 27.494492 0.876620 0.000219 0.000352 -1.737270 214.790100
10.682419 27.695923 0.876625 0.000331 0.000580 -1.737247 215.219986
10.716291 27.897354 0.876884 0.000399 0.000771 -1.737217 215.650040
10.749741 28.096443 0.877160 0.000429 0.000913 -1.737208 216.075027
10.783185 28.295532 0.877533 0.000493 0.001099 -1.737208 216.500031
10.817019 28.496964 0.877531 0.000549 0.001166 -1.737206 216.930038
10.858931 28.694613 0.877500 0.000394 0.001211 -1.843791 217.359985
10.912753 28.891617 0.877926 0.000360 0.001190 -1.837029 217.790054
10.966474 29.088619 0.878661 0.000309 0.001191 -1.837001 218.220062
11.020194 29.285622 0.879477 0.000227 0.001126 -1.836997 218.650040
11.073915 29.482624 0.880116 0.000144 0.001044 -1.836992 219.080109
11.127635 29.679626 0.880555 0.000098 0.001047 -1.836987 219.510117
11.181355 29.876629 0.880609 0.000035 0.000915 -1.836981 219.939972
11.235076 30.073631 0.880563 -0.000170 0.000587 -1.836974 220.370056
11.288796 30.270634 0.880360 -0.000431 0.000184 -1.836967 220.800003
11.342517 30.467636 0.880098 -0.000693 -0.000217 -1.836958 221.230026
11.396237 30.664639 0.879782 -0.000925 -0.000531 -1.836947 221.660049
11.449958 30.861641 0.879519 -0.001170 -0.000712 -1.836933 222.090027
11.503678 31.058643 0.879246 -0.001466 -0.000786 -1.836917 222.519974
11.557399 31.255646 0.878986 -0.001594 -0.000736 -1.836900 222.950058
11.611119 31.452648 0.878743 -0.001686 -0.000602 -1.836879 223.379990
11.664840 31.649651 0.878570 -0.001728 -0.000459 -1.836853 223.810013
11.718560 31.846653 0.878496 -0.001761 -0.000336 -1.836822 224.239975
11.772281 32.043694 0.878458 -0.001812 -0.000238 -1.836787 224.670120
11.826001 32.240860 0.878543 -0.001831 -0.000149 -1.836782 225.100845
11.879722 32.438026 0.878507 -0.001749 -0.000109 -1.836777 225.530045
11.933442 32.635193 0.878472 -0.001735 -0.000076 -1.836771 225.959976
11.987163 32.832359 0.878449 -0.001792 -0.000053 -1.836764 226.390030
12.040883 33.029526 0.878404 -0.001889 -0.000016 -1.836756 226.819977
12.094604 33.226692 0.878351 -0.001950 0.000008 -1.836747 227.250061
12.148324 33.423859 0.878309 -0.002002 -0.000005 -1.836736 227.679962
12.157106 33.624664 0.878347 -0.001838 0.000919 -1.369107 228.250015
12.096404 33.815643 0.878580 -0.001687 0.001123 -1.235267 228.730011
12.015385 33.999279 0.878815 -0.001519 0.001218 -1.147617 229.170044
11.931411 34.185619 0.878993 -0.001475 0.001092 -1.146999 229.599960
11.835821 34.366489 0.879083 -0.001295 0.001077 -1.045932 230.050003
11.733730 34.543316 0.879362 -0.001150 0.000894 -1.047364 230.479980
11.637794 34.723106 0.879730 -0.000933 0.000501 -1.169054 230.930008
11.580281 34.919254 0.879922 -0.000796 0.000177 -1.355875 231.370102
11.535596 35.118465 0.880259 -0.000600 0.000062 -1.349714 231.799957
11.490815 35.317600 0.880532 -0.000438 0.000003 -1.349709 232.230011
11.446034 35.516735 0.880586 -0.000315 -0.000062 -1.349730 232.660004
11.401774 35.713554 0.880464 -0.000187 -0.000167 -1.349756 233.085220
11.357514 35.910374 0.880313 0.000065 -0.000322 -1.349786 233.510040
11.312734 36.109509 0.880329 0.000248 -0.000451 -1.349820 233.939972
11.267953 36.308643 0.880338 0.000450 -0.000591 -1.349860 234.370041
11.223172 36.507778 0.880311 0.000647 -0.000723 -1.349910 234.799973
11.178405 36.706913 0.880178 0.000831 -0.000768 -1.349969 235.230026
11.133706 36.906048 0.879997 0.000978 -0.000751 -1.349967 235.659988
11.089001 37.105183 0.879726 0.001123 -0.000749 -1.349961 236.090118
11.044298 37.304317 0.879234 0.001383 -0.000711 -1.349965 236.520004
10.999589 37.503452 0.878886 0.001539 -0.000692 -1.349965 236.950027
10.954867 37.702587 0.878572 0.001674 -0.000666 -1.349968 237.379974
10.910169 37.901722 0.878293 0.001792 -0.000613 -1.349972 237.810013
10.865470 38.100857 0.878091 0.001898 -0.000583 -1.349967 238.239990
10.820761 38.299992 0.877991 0.001965 -0.000566 -1.349962 238.670074
10.776052 38.499126 0.877791 0.002061 -0.000487 -1.349975 239.100937
10.731353 38.698261 0.877691 0.002102 -0.000409 -1.349970 239.530060
10.686654 38.897396 0.877660 0.002125 -0.000300 -1.349964 239.959946
10.641945 39.096531 0.877617 0.002160 -0.000167 -1.349974 240.390045
10.597246 39.295666 0.877520 0.002176 -0.000013 -1.349969 240.819977
10.552547 39.494801 0.877527 0.002165 0.000092 -1.349963 241.250046
10.508358 39.691620 0.877522 0.002153 0.000154 -1.349964 241.675034
10.464169 39.888439 0.877623 0.002171 0.000224 -1.349969 242.101303
10.419470 40.087574 0.877729 0.002177 0.000258 -1.349962 242.530045
10.347395 40.277084 0.877815 0.002095 -0.000715 -0.892596 243.230011
10.205998 40.418968 0.877737 0.001903 -0.001126 -0.678850 243.670029
10.046339 40.546329 0.877584 0.001894 -0.001118 -0.675231 244.099976
9.886900 40.673946 0.877491 0.001887 -0.001145 -0.675303 244.530029
9.727461 40.801563 0.877358 0.001812 -0.001096 -0.675360 244.959961
9.568022 40.929180 0.877261 0.001686 -0.001027 -0.675430 245.390015
9.408617 41.056797 0.877160 0.001469 -0.000900 -0.675505 245.819977
9.249260 41.184414 0.877015 0.001241 -0.000805 -0.675556 246.250015
9.089903 41.312031 0.876806 0.000951 -0.000645 -0.675620 246.679977
8.930546 41.439648 0.876701 0.000511 -0.000404 -0.675695 247.110031
8.771189 41.567265 0.876778 0.000169 -0.000185 -0.675779 247.539978
8.611832 41.694881 0.876869 -0.000148 0.000013 -0.675877 247.970047
8.452475 41.822578 0.876997 -0.000399 0.000132 -0.675916 248.399979
8.294647 41.952938 0.877182 -0.000570 0.000156 -0.764499 248.850006
8.163484 42.110859 0.877355 -0.000731 0.000064 -0.982549 249.300018
8.049848 42.280605 0.877565 -0.000770 0.000124 -0.979422 249.730057
7.935976 42.450214 0.877679 -0.000758 0.000150 -0.979348 250.159988
7.822096 42.619823 0.877746 -0.000739 0.000245 -0.979316 250.590042
7.708217 42.789433 0.877819 -0.000716 0.000328 -0.979278 251.019989
7.594323 42.959042 0.877822 -0.000699 0.000390 -0.979240 251.450043
7.480403 43.128651 0.877757 -0.000690 0.000408 -0.979219 251.879990
7.366483 43.298260 0.877789 -0.000682 0.000353 -0.979194 252.310043
7.267906 43.477619 0.877934 -0.000662 0.000191 -1.081268 252.760010
7.171925 43.658039 0.878146 -0.000616 0.000106 -1.081597 253.190002
7.075925 43.838474 0.878266 -0.000559 0.000031 -1.081552 253.619980
6.979926 44.018909 0.878249 -0.000519 -0.000035 -1.081493 254.050034
6.885042 44.197247 0.878134 -0.000488 -0.000084 -1.081424 254.475021
6.790140 44.375538 0.877980 -0.000486 -0.000133 -1.081357 254.901245
6.694105 44.555836 0.877866 -0.000560 -0.000174 -1.081356 255.330017
6.598071 44.736118 0.877729 -0.000661 -0.000212 -1.081360 255.760040
6.502036 44.916401 0.877649 -0.000741 -0.000222 -1.081364 256.190033
6.405995 45.096722 0.877674 -0.000819 -0.000226 -1.081374 256.619995
6.309959 45.277031 0.877728 -0.000878 -0.000248 -1.081379 257.050018
6.213927 45.457336 0.877878 -0.000927 -0.000266 -1.081381 257.479980
6.117892 45.637646 0.877938 -0.001356 0.000078 -1.081378 257.911530
6.021857 45.817974 0.877919 -0.001701 0.000370 -1.081378 258.339966
5.925822 45.998283 0.877867 -0.001844 0.000440 -1.081374 258.770020
5.829783 46.178593 0.877807 -0.001980 0.000442 -1.081372 259.200012
5.733749 46.358913 0.877733 -0.001975 0.000336 -1.081363 259.630035
5.637713 46.539196 0.877624 -0.002062 0.000252 -1.081357 260.059967
5.541675 46.719501 0.877530 -0.002104 0.000158 -1.081356 260.490112
5.452722 46.902050 0.877387 -0.002148 -0.000302 -1.210688 260.939972
5.393912 47.095024 0.877352 -0.002101 -0.000597 -1.281308 261.369995
5.335707 47.290878 0.877281 -0.001988 -0.000702 -1.281800 261.800079
5.277484 47.486732 0.877163 -0.001911 -0.000804 -1.281791 262.230011
5.219253 47.682587 0.877036 -0.001886 -0.000972 -1.281789 262.660034
5.161021 47.878441 0.876870 -0.001763 -0.001061 -1.281788 263.090302
5.102790 48.074295 0.876700 -0.001288 -0.000915 -1.281786 263.519989
5.037469 48.265541 0.876648 -0.000997 -0.000607 -1.173347 263.950012
4.959723 48.451473 0.876636 -0.000657 -0.000351 -1.121302 264.390045
4.864398 48.630383 0.876647 -0.000382 -0.000154 -1.080066 264.820007
4.768105 48.810490 0.876641 -0.000170 -0.000033 -1.079838 265.250061
4.671818 48.990597 0.876638 -0.000022 0.000046 -1.079835 265.679962
4.575531 49.170704 0.876622 0.000119 0.000149 -1.079832 266.111267
4.479239 49.350525 0.876653 0.000207 0.000183 -1.059477 266.539978
4.399588 49.534157 0.876688 0.000188 0.000294 -1.446781 267.270020
4.391372 49.734138 0.876696 0.000320 0.000424 -1.552729 267.700745
4.387738 49.938194 0.876702 0.000475 0.000504 -1.553136 268.130035
4.384129 50.142250 0.876735 0.000658 0.000570 -1.553143 268.559967
4.380520 50.346306 0.876817 0.000817 0.000621 -1.553149 268.990051
4.392012 50.549267 0.876913 0.000834 0.000809 -1.740622 269.440033
4.430161 50.752327 0.877068 0.000959 0.000855 -1.754972 269.875061
4.467127 50.950768 0.877404 0.001173 0.000885 -1.755007 270.301239
4.504527 51.151543 0.877556 0.001314 0.000928 -1.755016 270.730011
4.541926 51.352318 0.877568 0.001432 0.000956 -1.755025 271.160004
4.579325 51.553093 0.877566 0.001498 0.000966 -1.755036 271.590027
4.616739 51.753868 0.877816 0.001524 0.000953 -1.755041 272.019989
4.654156 51.954643 0.878177 0.001546 0.000917 -1.755046 272.450043
4.691574 52.155418 0.878514 0.001527 0.000928 -1.755046 272.880005
4.728992 52.356194 0.878947 0.001438 0.000982 -1.755045 273.310059
4.766408 52.556969 0.879133 0.001364 0.000987 -1.755045 273.739990
4.803827 52.757744 0.879319 0.001269 0.000949 -1.755044 274.170044
4.841242 52.958519 0.879586 0.001166 0.000926 -1.755042 274.599976
4.878656 53.159294 0.879927 0.001026 0.000877 -1.755040 275.029999
4.916070 53.360069 0.880284 0.000674 0.001085 -1.755039 275.459961
4.959223 53.560051 0.880583 -0.000119 0.001420 -1.863720 275.910034
5.032108 53.746487 0.880740 -0.000714 0.001378 -1.954741 276.339996
5.108693 53.933903 0.880809 -0.001151 0.001169 -2.007344 276.780029
5.202533 54.112461 0.880739 -0.001547 0.000776 -2.057905 277.210052
5.310539 54.281158 0.880498 -0.001961 -0.000016 -2.251583 277.660004
5.413422 54.457275 0.879930 -0.002451 0.000203 -1.882598 278.230042
5.472496 54.652802 0.879550 -0.002792 -0.000034 -1.864433 278.660004
5.492753 54.855579 0.879029 -0.003093 0.000451 -1.568599 279.179993
5.493168 55.059963 0.878805 -0.003134 0.000212 -1.573097 279.610046
5.493659 55.264347 0.878655 -0.003037 0.000066 -1.573110 280.039978
5.494133 55.466354 0.878625 -0.002979 -0.000020 -1.573108 280.465027
5.494594 55.668362 0.878668 -0.002933 -0.000081 -1.573105 280.890137
5.478039 55.872353 0.878767 -0.002834 0.000073 -1.474025 281.339966
5.458158 56.075752 0.878868 -0.002810 -0.000068 -1.473187 281.770081
5.438253 56.279152 0.878989 -0.002773 -0.000179 -1.473163 282.200012
5.418330 56.482552 0.879086 -0.002733 -0.000310 -1.473162 282.630035
5.398408 56.685951 0.879165 -0.002599 -0.000395 -1.473161 283.059998
5.378483 56.889351 0.879216 -0.002311 -0.000349 -1.473167 283.490295
5.358557 57.092751 0.879377 -0.001836 -0.000120 -1.473166 283.919983
5.338645 57.296150 0.879454 -0.001501 0.000045 -1.473165 284.350006
5.318720 57.499550 0.879520 -0.001192 0.000191 -1.473162 284.780029
5.298798 57.702950 0.879640 -0.000947 0.000296 -1.473166 285.210052
5.278883 57.906349 0.879817 -0.000762 0.000347 -1.473162 285.639984
5.259189 58.107384 0.880011 -0.000611 0.000318 -1.473167 286.065033
5.239501 58.308418 0.880245 -0.000473 0.000288 -1.473161 286.490143
5.219594 58.511566 0.880306 -0.000248 0.000284 -1.469085 286.919983
5.182287 58.708263 0.880416 -0.000108 0.000243 -1.373910 287.359955
5.142210 58.908447 0.880664 0.000019 0.000140 -1.373260 287.790039
5.102146 59.108566 0.880901 0.000158 0.000063 -1.373266 288.220001
5.062081 59.308685 0.881052 0.000311 -0.000012 -1.373279 288.650024
5.022016 59.508804 0.881045 0.000465 -0.00