175.000000 0.000000 0.000000 0.039980
192.875000 0.000000 0.000000 0.239988
204.125000 0.204251 0.000000 0.440006
216.000000 0.204251 0.000000 0.639958
222.000000 0.204251 0.230000 0.840036
222.750000 0.204251 0.230000 1.039991
226.375000 0.404946 0.230000 1.239976
228.250000 0.404946 0.230000 1.439999
236.375000 0.404946 0.147000 1.639963
247.750000 0.404946 0.147000 1.839987
255.250000 0.609604 0.147000 2.039984
264.750000 0.609604 0.147000 2.239988
275.750000 0.813854 0.147000 2.440015
287.125000 0.813854 0.157000 2.639981
291.750000 1.018104 0.157000 2.839984
301.125000 1.018104 0.157000 3.039980
316.375000 1.222355 0.157000 3.239983
321.875000 1.222355 0.157000 3.439981
331.625000 1.424551 0.158000 3.639965
339.500000 1.424551 0.158000 3.840009
346.875000 1.627574 0.158000 4.039981
355.500000 1.627574 0.158000 4.239990
369.625000 1.627574 0.158000 4.439993
384.000000 1.831868 0.175000 4.639984
399.500000 1.831868 0.175000 4.839985
415.500000 2.036181 0.175000 5.039982
428.250000 2.036181 0.175000 5.239983
436.250000 2.240498 0.175000 5.439981
446.875000 2.240498 0.201000 5.639999
457.375000 2.444763 0.201000 5.839990
468.625000 2.444763 0.201000 6.039992
478.000000 2.649022 0.201000 6.239951
488.500000 2.649022 0.201000 6.439960
497.875000 2.853285 0.179000 6.640008
506.625000 2.853285 0.179000 6.839968
513.875000 3.057553 0.179000 7.039988
520.375000 3.057553 0.179000 7.239964
526.500000 3.057553 0.179000 7.440011
536.250000 3.261821 0.184000 7.639958
544.750000 3.261821 0.184000 7.840013
551.375000 3.466106 0.184000 8.039995
558.875000 3.466106 0.184000 8.239983
566.500000 3.670374 0.184000 8.439965
573.750000 3.670374 0.184000 8.645271
583.250000 3.874642 0.228000 8.845053
589.500000 3.874642 0.228000 9.045074
595.750000 4.078897 0.228000 9.239985
604.250000 4.078897 0.228000 9.439993
611.375000 4.283145 0.196000 9.639991
618.500000 4.283145 0.196000 9.839979
625.750000 4.487395 0.196000 10.039965
629.000000 4.487395 0.196000 10.245049
636.500000 4.487395 0.196000 10.439993
643.625000 4.691647 0.186000 10.645039
649.375000 4.691647 0.186000 10.845057
661.000000 4.895918 0.186000 11.039979
667.625000 4.895918 0.186000 11.245045
673.000000 5.100175 0.186000 11.439978
681.375000 5.100175 0.204000 11.645054
684.625000 5.304431 0.204000 11.845048
688.375000 5.304431 0.204000 12.039966
699.000000 5.508686 0.204000 12.245044
709.250000 5.508686 0.204000 12.445047
715.750000 5.712942 0.182000 12.639982
725.125000 5.712942 0.182000 12.839994
729.625000 5.914824 0.182000 13.045033
732.000000 5.914824 0.182000 13.245027
738.500000 5.914824 0.182000 13.445041
748.875000 6.116711 0.228000 13.645048
757.375000 6.116711 0.228000 13.845034
763.250000 6.321003 0.228000 14.045056
770.875000 6.321003 0.228000 14.239992
776.250000 6.525268 0.228000 14.445753
778.875000 6.525268 0.216000 14.645036
783.500000 6.729530 0.216000 14.845046
791.375000 6.729530 0.216000 15.045037
800.625000 6.933794 0.216000 15.245060
806.500000 6.933794 0.216000 15.440000
810.500000 7.138058 0.212000 15.639971
814.625000 7.138058 0.212000 15.839963
821.000000 7.339946 0.212000 16.045053
829.750000 7.339946 0.212000 16.245045
835.625000 7.339946 0.212000 16.445093
844.875000 7.546581 0.211000 16.639963
848.250000 7.546581 0.211000 16.839975
852.375000 7.750863 0.211000 17.039965
857.500000 7.750863 0.211000 17.239965
866.250000 7.955127 0.211000 17.439964
872.125000 7.955127 0.216000 17.645035
879.000000 8.159390 0.216000 17.839983
884.500000 8.159390 0.216000 18.045071
889.500000 8.361612 0.216000 18.239960
894.500000 8.361612 0.216000 18.445053
901.375000 8.565876 0.223000 18.645031
904.875000 8.565876 0.223000 18.845047
909.250000 8.565876 0.223000 19.045052
914.625000 8.767751 0.223000 19.245058
919.875000 8.767751 0.223000 19.439978
928.125000 8.969646 0.223000 19.645050
934.875000 8.969646 0.240000 19.845041
941.500000 9.173894 0.240000 20.040070
949.875000 9.173894 0.240000 20.239983
955.500000 9.378140 0.240000 20.440052
963.125000 9.378140 0.240000 20.645048
970.250000 9.582412 0.252000 20.839998
978.250000 9.582412 0.252000 21.039957
988.375000 9.786711 0.252000 21.239958
992.750000 9.786711 0.252000 21.440067
1001.750000 9.991009 0.252000 21.639994
1012.250000 9.991009 0.266000 21.845064
1019.875000 9.991009 0.266000 22.039982
1028.250000 10.192929 0.266000 22.239979
1035.375000 10.192929 0.266000 22.445063
1045.750000 10.394855 0.266000 22.645100
1055.625000 10.394855 0.248000 22.840004
1064.875000 10.599146 0.248000 23.039995
1075.250000 10.599146 0.248000 23.245043
1086.125000 10.803436 0.248000 23.439978
1098.000000 10.803436 0.248000 23.645052
1109.750000 11.007726 0.263000 23.845055
1121.125000 11.007726 0.263000 24.045015
1136.625000 11.212015 0.263000 24.245049
1146.375000 11.212015 0.263000 24.440033
1155.875000 11.416304 0.263000 24.645052
1164.375000 11.416304 0.266000 24.839964
1171.750000 11.416304 0.266000 25.045053
1179.625000 11.416304 0.266000 25.239979
1185.250000 11.620286 0.266000 25.445053
1188.750000 11.620286 0.266000 25.639971
1196.000000 11.822151 0.238000 25.839985
1205.625000 11.822151 0.238000 26.039980
1214.000000 12.026399 0.238000 26.244999
1219.375000 12.026399 0.238000 26.440092
1224.250000 12.230623 0.238000 26.645041
1227.875000 12.230623 0.248000 26.839981
1235.500000 12.432664 0.248000 27.045052
1242.500000 12.432664 0.248000 27.239986
1247.750000 12.636910 0.248000 27.445026
1252.000000 12.636910 0.248000 27.645048
1256.500000 12.636910 0.275000 27.840038
1263.250000 12.838788 0.275000 28.039989
1269.375000 12.838788 0.275000 28.239960
1275.875000 13.040658 0.275000 28.445057
1280.500000 13.040658 0.275000 28.639992
1283.000000 13.244903 0.245000 28.839960
1285.500000 13.244903 0.245000 29.040007
1295.875000 13.449147 0.245000 29.245041
1301.625000 13.449147 0.245000 29.445034
1304.625000 13.653391 0.245000 29.645100
1306.875000 13.653391 0.245000 29.845036
1310.625000 13.857636 0.245000 30.045055
1318.000000 13.857636 0.245000 30.245047
1327.250000 14.061883 0.245000 30.440002
1335.000000 14.061883 0.245000 30.645046
1339.375000 14.061883 0.273000 30.840052
1344.375000 14.266129 0.273000 31.040005
1350.250000 14.266129 0.273000 31.245089
1361.625000 14.470374 0.273000 31.439964
1366.625000 14.470374 0.273000 31.639971
1371.625000 14.674620 0.256000 31.845030
1375.250000 14.674620 0.256000 32.045052
1379.125000 14.878865 0.256000 32.245056
1387.500000 14.878865 0.256000 32.445049
1393.625000 15.083110 0.256000 32.645046
1400.250000 15.083110 0.312000 32.839966
1406.250000 15.287354 0.312000 33.045044
1410.250000 15.287354 0.312000 33.239960
1416.000000 15.489223 0.312000 33.445110
1421.000000 15.489223 0.312000 33.640015
1427.250000 15.489223 0.306000 33.839989
1434.875000 15.695843 0.306000 34.045044
1439.250000 15.695843 0.306000 34.240040
1445.000000 15.900086 0.306000 34.445038
1451.875000 15.900086 0.306000 34.639980
1457.875000 16.104330 0.259000 34.845051
1465.250000 16.104330 0.259000 35.045071
1474.125000 16.308851 0.259000 35.239971
1484.875000 16.308851 0.259000 35.439960
1492.250000 16.513107 0.259000 35.645050
1499.625000 16.513107 0.327000 35.845058
1508.000000 16.513107 0.327000 36.039982
1515.625000 16.717371 0.327000 36.245056
1522.125000 16.717371 0.327000 36.439980
1528.250000 16.921635 0.327000 36.645035
1533.750000 16.921635 0.269000 36.845039
1537.750000 17.125898 0.269000 37.045017
1544.625000 17.125898 0.269000 37.240067
1548.625000 17.330173 0.269000 37.445053
1554.750000 17.330173 0.269000 37.640007
1559.250000 17.534451 0.318000 37.845051
1564.375000 17.534451 0.318000 38.045040
1572.375000 17.738728 0.318000 38.239971
1577.250000 17.738728 0.318000 38.445053
1582.875000 17.943008 0.318000 38.645008
1588.125000 17.943008 0.325000 38.845039
1593.125000 17.943008 0.325000 39.045052
1599.500000 18.147289 0.325000 39.245049
1604.125000 18.147289 0.325000 39.445087
1609.000000 18.351566 0.325000 39.645050
1614.125000 18.351566 0.273000 39.845058
1618.750000 18.555853 0.273000 40.045013
1623.500000 18.555853 0.273000 40.239967
1631.500000 18.760136 0.273000 40.439991
1636.750000 18.760136 0.273000 40.640068
1641.125000 18.964420 0.263000 40.839989
1644.250000 18.964420 0.263000 41.039955
1649.500000 19.168707 0.263000 41.239979
1656.750000 19.168707 0.263000 41.439980
1663.125000 19.168707 0.263000 41.639996
1669.500000 19.370993 0.367000 41.839970
1675.000000 19.370993 0.367000 42.039963
1680.000000 19.572865 0.367000 42.239956
1686.000000 19.572865 0.367000 42.445061
1692.750000 19.777128 0.367000 42.645020
1699.375000 19.777128 0.348000 42.839993
1705.875000 19.981386 0.348000 43.039978
1711.875000 19.981386 0.348000 43.239964
1718.500000 20.185631 0.348000 43.445084
1723.000000 20.185631 0.348000 43.645035
1733.750000 20.389877 0.270000 43.845039
1741.500000 20.389877 0.270000 44.039986
1748.750000 20.590727 0.270000 44.239964
1753.125000 20.590727 0.270000 44.445034
1756.750000 20.590727 0.270000 44.639980
1764.000000 20.794973 0.353000 44.839958
1770.750000 20.794973 0.353000 45.045029
1778.875000 20.999250 0.353000 45.239960
1784.125000 20.999250 0.353000 45.445034
1788.125000 21.203527 0.353000 45.645065
1794.250000 21.203527 0.250000 45.845028
1802.625000 21.407804 0.250000 46.039982
1808.625000 21.407804 0.250000 46.245033
1812.750000 21.612082 0.250000 46.445045
1818.000000 21.612082 0.250000 46.645039
1821.875000 21.816359 0.336000 46.839996
1825.875000 21.816359 0.336000 47.039970
1835.375000 22.020636 0.336000 47.245022
1840.625000 22.020636 0.336000 47.439964
1846.125000 22.020636 0.336000 47.639988
1850.250000 22.224918 0.331000 47.840034
1855.875000 22.224918 0.331000 48.045006
1863.750000 22.429209 0.331000 48.239975
1871.000000 22.429209 0.331000 48.439960
1877.750000 22.633499 0.331000 48.639961
1884.125000 22.633499 0.263000 48.839981
1890.250000 22.835560 0.263000 49.045074
1896.250000 22.835560 0.263000 49.245029
1902.375000 23.039816 0.263000 49.445061
1909.375000 23.039816 0.263000 49.645058
1917.500000 23.244089 0.365000 49.845074
1922.875000 23.244089 0.365000 50.045029
1928.125000 23.244089 0.365000 50.239979
1932.000000 23.448362 0.365000 50.439949
1936.625000 23.448362 0.365000 50.645042
1942.625000 23.652700 0.263000 50.845047
1950.500000 23.652700 0.263000 51.045029
1955.750000 23.853142 0.263000 51.245029
1961.750000 23.853142 0.263000 51.445057
1966.500000 24.057383 0.263000 51.645050
1972.500000 24.057383 0.363000 51.845032
1979.500000 24.259579 0.363000 52.045040
1984.500000 24.259579 0.363000 52.239948
1991.250000 24.462626 0.363000 52.445049
1998.125000 24.462626 0.363000 52.645058
2001.750000 24.664474 0.421000 52.845043
2006.500000 24.664474 0.421000 53.045029
2013.375000 24.664474 0.421000 53.245026
2020.625000 24.866282 0.421000 53.445026
2026.375000 24.866282 0.421000 53.645061
2033.125000 25.070463 0.261000 53.845036
2038.250000 25.070463 0.261000 54.039997
2041.500000 25.274645 0.261000 54.239971
2045.875000 25.274645 0.261000 54.445065
2052.250000 25.478827 0.261000 54.645035
2054.875000 25.478827 0.273000 54.845024
2058.000000 25.478827 0.273000 55.045067
2062.375000 25.478827 0.273000 55.239994
2067.375000 25.679396 0.273000 55.445065
2072.125000 25.679396 0.273000 55.645111
2077.000000 25.879517 0.343000 55.839973
2084.000000 25.879517 0.343000 56.040009
2087.375000 26.083736 0.343000 56.239948
2090.500000 26.083736 0.343000 56.440010
2094.375000 26.285927 0.343000 56.645039
2100.125000 26.285927 0.291000 56.839985
2107.000000 26.490171 0.291000 57.039982
2110.875000 26.490171 0.291000 57.239975
2114.000000 26.694414 0.291000 57.439983
2115.375000 26.694414 0.291000 57.640007
2117.125000 26.694414 0.269000 57.845032
2117.875000 26.894600 0.269000 58.045040
2121.125000 26.894600 0.269000 58.245033
2129.250000 26.894600 0.269000 58.445026
2133.125000 27.096737 0.269000 58.645035
2135.750000 27.096737 0.244000 58.845028
2138.750000 27.301039 0.244000 59.045036
2141.375000 27.301039 0.244000 59.245029
2144.625000 27.503281 0.244000 59.450047
2152.750000 27.503281 0.244000 59.640026
2156.875000 27.707523 0.253000 59.845039
2158.500000 27.707523 0.253000 60.045036
2161.000000 27.911840 0.253000 60.239979
2163.875000 27.911840 0.253000 60.439976
2168.500000 27.911840 0.253000 60.645016
2175.375000 28.116158 0.260000 60.839985
2177.875000 28.116158 0.260000 61.045055
2181.750000 28.320475 0.260000 61.239952
2183.375000 28.320475 0.260000 61.445045
2184.750000 28.524792 0.260000 61.645069
2191.125000 28.524792 0.264000 61.839970
2195.250000 28.729109 0.264000 62.039974
2197.125000 28.729109 0.264000 62.239979
2199.250000 28.933426 0.264000 62.439976
2201.000000 28.933426 0.264000 62.645058
2203.000000 29.137741 0.373000 62.840111
2207.750000 29.137741 0.373000 63.039986
2211.875000 29.137741 0.373000 63.239986
2213.125000 29.342321 0.373000 63.445038
2215.500000 29.342321 0.373000 63.639980
2217.375000 29.546579 0.260000 63.845039
2219.000000 29.546579 0.260000 64.040016
2223.500000 29.749193 0.260000 64.245064
2225.375000 29.749193 0.260000 64.445007
2226.875000 29.949934 0.260000 64.639999
2228.125000 29.949934 0.353000 64.839966
2229.125000 30.153416 0.353000 65.055038
2231.875000 30.153416 0.353000 65.245018
2236.625000 30.357744 0.353000 65.439972
2238.125000 30.357744 0.353000 65.645050
2239.625000 30.357744 0.341000 65.839973
2241.625000 30.562075 0.341000 66.045029
2243.000000 30.562075 0.341000 66.239967
2247.750000 30.766405 0.341000 66.440041
2249.875000 30.766405 0.341000 66.645050
2251.000000 30.968227 0.257000 66.845070
2252.250000 30.968227 0.257000 67.039963
2253.750000 31.171186 0.257000 67.239990
2254.500000 31.171186 0.257000 67.440010
2257.750000 31.375402 0.257000 67.645073
2259.750000 31.375402 0.260000 67.839989
2262.750000 31.579611 0.260000 68.045029
2263.500000 31.579611 0.260000 68.245056
2264.000000 31.579611 0.260000 68.445045
2265.125000 31.783819 0.260000 68.645088
2268.375000 31.783819 0.322000 68.845070
2270.500000 31.987780 0.322000 69.045105
2271.625000 31.987780 0.322000 69.245018
2273.250000 32.190235 0.322000 69.445068
2274.125000 32.190235 0.322000 69.645058
2276.125000 32.394543 0.335000 69.845055
2279.250000 32.394543 0.335000 70.045044
2280.875000 32.596478 0.335000 70.245033
2282.750000 32.596478 0.335000 70.445076
2283.625000 32.798424 0.335000 70.639969
2284.875000 32.798424 0.240000 70.845047
2288.125000 33.002739 0.240000 71.045044
2291.250000 33.002739 0.240000 71.245033
2292.375000 33.002739 0.240000 71.445030
2293.250000 33.204678 0.240000 71.639984
2295.375000 33.204678 0.332000 71.840004
2298.000000 33.406616 0.332000 72.039993
2299.250000 33.406616 0.332000 72.245064
2300.750000 33.610657 0.332000 72.440010
2301.250000 33.610657 0.332000 72.645065
2303.250000 33.814907 0.250000 72.839996
2307.375000 33.814907 0.250000 73.040024
2308.500000 34.019173 0.250000 73.239990
2310.250000 34.019173 0.250000 73.439995
2311.500000 34.223438 0.250000 73.640007
2313.500000 34.223438 0.309000 73.845062
2317.125000 34.223438 0.309000 74.040009
2317.625000 34.427704 0.309000 74.239960
2319.500000 34.427704 0.309000 74.445061
2319.625000 34.631969 0.309000 74.640007
2321.250000 34.631969 0.327000 74.840004
2324.500000 34.836235 0.327000 75.039978
2325.125000 34.836235 0.327000 75.245064
2326.875000 35.040501 0.327000 75.439987
2327.625000 35.040501 0.327000 75.645073
2329.250000 35.242729 0.246000 75.839989
2331.750000 35.242729 0.246000 76.040031
2332.250000 35.444553 0.246000 76.239990
2333.500000 35.444553 0.246000 76.445068
2334.250000 35.646416 0.246000 76.645088
2334.875000 35.646416 0.250000 76.840012
2336.250000 35.646416 0.250000 77.039963
2338.250000 35.848274 0.250000 77.239983
2338.500000 35.848274 0.250000 77.445053
2341.250000 36.052509 0.250000 77.645103
2342.000000 36.052509 0.334000 77.839973
2342.625000 36.256744 0.334000 78.039986
2345.750000 36.256744 0.334000 78.240059
2347.750000 36.460979 0.334000 78.440018
2349.125000 36.460979 0.334000 78.640038
2350.000000 36.665215 0.246000 78.839958
2350.875000 36.665215 0.246000 79.039986
2352.250000 36.869450 0.246000 79.250061
2355.250000 36.869450 0.246000 79.439987
2355.750000 36.869450 0.246000 79.640030
2356.875000 37.073685 0.249000 79.840065
2357.375000 37.073685 0.249000 80.039978
2357.625000 37.277920 0.249000 80.245041
2360.750000 37.277920 0.249000 80.439964
2361.500000 37.482155 0.249000 80.645050
2362.125000 37.482155 0.247000 80.845039
2362.750000 37.682636 0.247000 81.040001
2363.125000 37.682636 0.247000 81.245041
2363.875000 37.886364 0.247000 81.445038
2365.000000 37.886364 0.247000 81.639969
2365.750000 38.090565 0.248000 81.839966
2366.375000 38.090565 0.248000 82.045044
2367.250000 38.294762 0.248000 82.245056
2367.625000 38.294762 0.248000 82.439995
2368.875000 38.294762 0.248000 82.639999
2369.625000 38.498959 0.245000 82.845032
2369.750000 38.498959 0.245000 83.045052
2370.250000 38.498959 0.245000 83.245094
2371.375000 38.699039 0.245000 83.439995
2372.000000 38.699039 0.245000 83.640007
2372.875000 38.903770 0.242000 83.840012
2374.500000 38.903770 0.242000 84.045067
2375.375000 39.107998 0.242000 84.240036
2376.125000 39.107998 0.242000 84.445061
2377.125000 39.107998 0.242000 84.645065
2377.875000 39.309818 0.343000 84.839996
2380.000000 39.309818 0.343000 85.045044
2380.625000 39.514267 0.343000 85.245026
2381.250000 39.514267 0.343000 85.450020
2382.000000 39.714447 0.343000 85.645065
2382.375000 39.714447 0.247000 85.839951
2382.750000 39.915783 0.247000 86.050011
2384.250000 39.915783 0.247000 86.245033
2385.125000 39.915783 0.247000 86.445045
2385.500000 40.119324 0.247000 86.645058
2385.875000 40.119324 0.237000 86.845039
2386.625000 40.319538 0.237000 87.039986
2388.500000 40.319538 0.237000 87.239990
2389.000000 40.523788 0.237000 87.445076
2389.875000 40.523788 0.237000 87.640060
2390.250000 40.728039 0.256000 87.845055
2391.250000 40.728039 0.256000 88.040047
2392.250000 40.932289 0.256000 88.239983
2392.750000 40.932289 0.256000 88.445030
2392.875000 41.136539 0.256000 88.645050
2393.125000 41.136539 0.240000 88.845047
2393.875000 41.136539 0.240000 89.039993
2394.250000 41.340790 0.240000 89.239975
2395.125000 41.340790 0.240000 89.439957
2395.500000 41.545040 0.240000 89.645058
2395.750000 41.545040 0.246000 89.845032
2396.625000 41.749290 0.246000 90.039955
2397.125000 41.749290 0.246000 90.239952
2398.250000 41.953545 0.246000 90.445038
2399.250000 41.953545 0.230000 90.645103
2399.375000 42.158237 0.230000 90.845116
2399.750000 42.158237 0.230000 91.045029
2401.000000 42.362453 0.230000 91.245033
2401.875000 42.362453 0.230000 91.445030
2403.125000 42.362453 0.228000 91.645065
2403.750000 42.566555 0.228000 91.845047
2403.875000 42.566555 0.228000 92.039986
2404.250000 42.768562 0.228000 92.245041
2404.750000 42.768562 0.228000 92.450043
2405.125000 42.972843 0.202000 92.639977
2406.375000 42.972843 0.202000 92.845108
2406.625000 43.177162 0.202000 93.045029
2407.000000 43.177162 0.202000 93.240013
2407.875000 43.381481 0.202000 93.445023
2408.125000 43.381481 0.202000 93.645073
2409.625000 43.585800 0.258000 93.845055
2409.750000 43.585800 0.258000 94.045074
2410.125000 43.787746 0.258000 94.245033
2410.375000 43.787746 0.258000 94.445068
2410.750000 43.787746 0.209000 94.645096
2411.250000 43.994442 0.209000 94.845078
2412.375000 43.994442 0.209000 95.039993
2412.500000 44.198761 0.209000 95.245049
2412.750000 44.198761 0.209000 95.445045
2413.250000 44.403080 0.209000 95.640076
2413.625000 44.403080 0.209000 95.840012
2414.750000 44.607388 0.209000 96.045029
2414.750000 44.607388 0.209000 96.240005
2415.500000 44.811703 0.209000 96.439995
2415.875000 44.811703 0.209000 96.650085
2416.250000 45.016018 0.253000 96.845055
2416.750000 45.016018 0.253000 97.045044
2416.875000 45.016018 0.253000 97.239952
2417.250000 45.220333 0.253000 97.439995
2417.500000 45.220333 0.211000 97.645027
2418.000000 45.424648 0.211000 97.845093
2418.375000 45.424648 0.211000 98.045029
2418.750000 45.628963 0.211000 98.240074
2418.875000 45.628963 0.211000 98.445030
2419.250000 45.833282 0.211000 98.639992
2419.625000 45.833282 0.225000 98.845055
2419.750000 46.037598 0.225000 99.050034
2420.250000 46.037598 0.225000 99.250046
2420.625000 46.241913 0.225000 99.445015
2421.000000 46.241913 0.199000 99.650055
2421.000000 46.241913 0.199000 99.839973
2421.250000 46.444099 0.199000 100.050041
2421.375000 46.444099 0.199000 100.239975
2421.750000 46.646065 0.199000 100.450058
2422.750000 46.646065 0.213000 100.645035
2422.875000 46.850407 0.213000 100.845055
2422.875000 46.850407 0.213000 101.050034
2423.000000 47.054749 0.213000 101.239967
2423.375000 47.054749 0.213000 101.439980
2423.875000 47.259087 0.210000 101.650040
2424.250000 47.259087 0.210000 101.845032
2424.250000 47.463425 0.210000 102.050011
2424.375000 47.463425 0.210000 102.250000
2424.750000 47.667763 0.210000 102.445038
2425.375000 47.667763 0.196000 102.650017
2425.750000 47.667763 0.196000 102.850021
2426.000000 47.872101 0.196000 103.050056
2426.250000 47.872101 0.196000 103.250023
2426.250000 48.076439 0.196000 103.450035
2426.500000 48.076439 0.194000 103.650047
2427.125000 48.280773 0.194000 103.850052
2427.375000 48.280773 0.194000 104.050011
2428.000000 48.485111 0.194000 104.250023
2428.625000 48.485111 0.194000 104.439987
2428.875000 48.689449 0.195000 104.650055
2429.625000 48.689449 0.195000 104.845047
2429.875000 48.893787 0.195000 105.050041
2430.000000 48.893787 0.195000 105.245049
2430.000000 49.098125 0.195000 105.450020
2430.500000 49.098125 0.202000 105.650063
2431.250000 49.098125 0.202000 105.850037
2431.375000 49.302464 0.202000 106.045006
2432.000000 49.302464 0.202000 106.239952
2432.125000 49.506802 0.202000 106.450043
2432.375000 49.506802 0.193000 106.645035
2432.875000 49.711140 0.193000 106.845047
2433.500000 49.711140 0.193000 107.045074
2433.500000 49.915478 0.193000 107.250038
2433.625000 49.915478 0.193000 107.450027
2433.750000 50.119816 0.193000 107.650040
2433.875000 50.119816 0.193000 107.850044
2434.375000 50.324154 0.193000 108.039963
2434.500000 50.324154 0.193000 108.239960
2434.750000 50.526115 0.193000 108.445030
2434.750000 50.526115 0.189000 108.650017
2435.250000 50.526115 0.189000 108.850029
2435.500000 50.732830 0.189000 109.050079
2435.875000 50.732830 0.189000 109.245056
2436.375000 50.937168 0.189000 109.450035
2436.375000 50.937168 0.195000 109.650009
2436.500000 51.141506 0.195000 109.850021
2436.750000 51.141506 0.195000 110.050003
2437.125000 51.345844 0.195000 110.250008
2437.375000 51.345844 0.195000 110.450012
2437.500000 51.550182 0.191000 110.650047
2438.000000 51.550182 0.191000 110.850037
2438.000000 51.754520 0.191000 111.050041
2438.500000 51.754520 0.191000 111.250084
2439.000000 51.754520 0.191000 111.439964
2439.125000 51.956482 0.185000 111.650017
2439.375000 51.956482 0.185000 111.850021
2440.000000 52.158443 0.185000 112.050026
2440.625000 52.158443 0.185000 112.250053
2440.875000 52.362782 0.185000 112.450050
2441.125000 52.362782 0.182000 112.650040
2441.250000 52.567120 0.182000 112.850037
2441.375000 52.567120 0.182000 113.050011
2441.875000 52.771458 0.182000 113.250053
2442.125000 52.771458 0.182000 113.450050
2442.125000 52.975796 0.184000 113.650085
2442.250000 52.975796 0.184000 113.850044
2442.375000 53.180134 0.184000 114.050041
2442.625000 53.180134 0.184000 114.250038
2443.125000 53.180134 0.184000 114.450050
2443.250000 53.384472 0.178000 114.650055
2443.500000 53.384472 0.178000 114.850052
2444.250000 53.588810 0.178000 115.050034
2444.625000 53.588810 0.178000 115.250061
2445.125000 53.793148 0.178000 115.450134
2445.250000 53.793148 0.184000 115.650017
2445.375000 53.997486 0.184000 115.850067
2445.625000 53.997486 0.184000 116.050049
2445.875000 54.201824 0.184000 116.250053
2446.125000 54.201824 0.184000 116.450050
2446.750000 54.406162 0.180000 116.650032
2446.750000 54.406162 0.180000 116.850052
2446.875000 54.610500 0.180000 117.050041
2446.875000 54.610500 0.180000 117.250015
2447.375000 54.610500 0.180000 117.450035
2447.750000 54.814838 0.191000 117.650063
2447.750000 54.814838 0.191000 117.850021
2447.750000 54.814838 0.191000 118.050026
2447.750000 55.016891 0.191000 118.250053
2448.000000 55.016891 0.191000 118.450027
2448.500000 55.220657 0.182000 118.650040
2449.000000 55.220657 0.182000 118.850029
2449.250000 55.421513 0.182000 119.050003
2450.000000 55.421513 0.182000 119.250008
2450.000000 55.421513 0.182000 119.450058
2450.125000 55.625717 0.180000 119.650047
2450.500000 55.625717 0.180000 119.850014
2451.125000 55.829891 0.180000 120.050034
2451.250000 55.829891 0.180000 120.250023
2451.250000 56.034065 0.180000 120.450020
2451.250000 56.034065 0.183000 120.650055
2451.375000 56.235733 0.183000 120.850029
2451.375000 56.235733 0.183000 121.050011
2451.375000 56.235733 0.183000 121.250023
2451.375000 56.235733 0.183000 121.450050
2451.500000 56.235733 0.172000 121.650009
2451.500000 56.235733 0.172000 121.850052
2451.500000 56.438576 0.172000 122.050026
2451.500000 56.438576 0.172000 122.250031
2451.500000 56.642906 0.172000 122.450043
2451.500000 56.642906 0.177000 122.650070
2451.500000 56.847294 0.177000 122.850037
2451.625000 56.847294 0.177000 123.050034
2451.750000 57.049576 0.177000 123.250046
2451.750000 57.049576 0.177000 123.450020
2451.750000 57.249603 0.175000 123.650055
2451.750000 57.249603 0.175000 123.850037
2451.750000 57.249603 0.175000 124.050034
2451.750000 57.451462 0.175000 124.250015
2451.750000 57.451462 0.175000 124.450012
2451.750000 57.653316 0.180000 124.650032
2451.750000 57.653316 0.180000 124.849998
2451.750000 57.857548 0.180000 125.050003
2451.750000 57.857548 0.180000 125.250092
2451.750000 58.061779 0.180000 125.450005
2451.750000 58.061779 0.184000 125.650040
2451.750000 58.266010 0.184000 125.850044
2451.750000 58.266010 0.184000 126.049995
2451.750000 58.470242 0.184000 126.250023
2451.750000 58.470242 0.184000 126.450012
2451.750000 58.674469 0.186000 126.650032
2451.750000 58.674469 0.186000 126.850037
2451.750000 58.674469 0.186000 127.050034
2451.750000 58.876324 0.186000 127.250038
2451.750000 58.876324 0.186000 127.450035
2451.750000 59.078178 0.182000 127.650040
2451.750000 59.078178 0.182000 127.850014
2451.750000 59.282406 0.182000 128.050049
2451.750000 59.282406 0.182000 128.250015
2451.750000 59.486633 0.182000 128.450012
2451.750000 59.486633 0.181000 128.650009
2451.875000 59.690861 0.181000 128.850021
2451.875000 59.690861 0.181000 129.050049
2451.875000 59.895088 0.181000 129.250000
2451.875000 59.895088 0.181000 129.450027
2451.875000 60.099316 0.181000 129.650024
2452.000000 60.099316 0.181000 129.850037
2452.000000 60.099316 0.181000 130.050034
2452.000000 60.303543 0.181000 130.250031
2452.000000 60.303543 0.181000 130.450027
2452.000000 60.507771 0.177000 130.650040
2452.125000 60.507771 0.177000 130.850037
2452.125000 60.711998 0.177000 131.050003
2452.125000 60.711998 0.177000 131.250015
2452.125000 60.916225 0.177000 131.450043
2452.125000 60.916225 0.192000 131.650024
2452.250000 61.120453 0.192000 131.850006
2452.250000 61.120453 0.192000 132.050064
2452.375000 61.324680 0.192000 132.250015
2452.375000 61.324680 0.192000 132.450043
2452.375000 61.324680 0.210000 132.650085
2452.375000 61.528908 0.210000 132.850037
2452.750000 61.528908 0.210000 133.050034
2452.875000 61.733517 0.210000 133.250046
2453.000000 61.733517 0.210000 133.450027
2453.000000 61.937832 0.194000 133.650024
2453.125000 61.937832 0.194000 133.850037
2453.250000 62.142147 0.194000 134.050034
2453.250000 62.142147 0.194000 134.250015
2453.500000 62.346466 0.194000 134.450058
2453.500000 62.346466 0.193000 134.650055
2453.500000 62.550789 0.193000 134.850052
2453.500000 62.550789 0.193000 135.050003
2453.500000 62.550789 0.193000 135.250031
2453.625000 62.755112 0.193000 135.450058
2453.750000 62.755112 0.197000 135.650146
2453.750000 62.959435 0.197000 135.850037
2453.750000 62.959435 0.197000 136.050034
2453.750000 63.163757 0.197000 136.250015
2453.750000 63.163757 0.197000 136.450043
2453.875000 63.368080 0.195000 136.650009
2453.875000 63.368080 0.195000 136.850052
2454.000000 63.572403 0.195000 137.050034
2454.000000 63.572403 0.195000 137.250061
2454.000000 63.776726 0.195000 137.450012
2454.000000 63.776726 0.196000 137.650085
2454.000000 63.981049 0.196000 137.850037
2454.000000 63.981049 0.196000 138.050049
2454.000000 63.981049 0.196000 138.250046
2454.000000 64.182999 0.196000 138.450058
2454.000000 64.182999 0.196000 138.650040
2454.000000 64.384949 0.196000 138.850052
2454.000000 64.384949 0.196000 139.050034
2454.000000 64.589272 0.196000 139.250000
2454.000000 64.589272 0.196000 139.450058
2454.000000 64.793594 0.195000 139.650024
2454.000000 64.793594 0.195000 139.850006
2454.125000 64.997917 0.195000 140.050018
2454.250000 64.997917 0.195000 140.250092
2454.250000 65.202240 0.195000 140.450104
2454.625000 65.202240 0.195000 140.650116
2454.750000 65.406563 0.242000 140.850067
2454.875000 65.406563 0.242000 141.050064
2454.875000 65.406563 0.242000 141.250046
2454.875000 65.608513 0.242000 141.450058
2454.875000 65.608513 0.201000 141.650040
2454.875000 65.810463 0.201000 141.850052
2454.875000 65.810463 0.201000 142.050049
2454.875000 66.014786 0.201000 142.250031
2454.875000 66.014786 0.201000 142.450027
2454.875000 66.219109 0.193000 142.650040
2454.875000 66.219109 0.193000 142.850067
2455.000000 66.423431 0.193000 143.050034
2455.000000 66.423431 0.193000 143.250031
2455.000000 66.627754 0.193000 143.450012
2455.000000 66.627754 0.175000 143.650055
2455.000000 66.832077 0.175000 143.850006
2455.250000 66.832077 0.175000 144.050034
2455.250000 66.832077 0.175000 144.250031
2455.250000 67.036400 0.175000 144.450043
2455.250000 67.036400 0.181000 144.650024
2455.250000 67.240723 0.181000 144.850006
2455.375000 67.240723 0.181000 145.050064
2455.375000 67.445045 0.181000 145.250000
2455.375000 67.445045 0.181000 145.450012
2455.375000 67.649368 0.188000 145.650024
2455.375000 67.649368 0.188000 145.850052
2455.375000 67.853691 0.188000 146.050034
2455.375000 67.853691 0.188000 146.250031
2455.375000 68.058014 0.188000 146.449997
2455.375000 68.058014 0.174000 146.650024
2455.500000 68.262337 0.174000 146.850021
2455.500000 68.262337 0.174000 147.050034
2455.625000 68.262337 0.174000 147.250015
2455.625000 68.466660 0.174000 147.450043
2455.625000 68.466660 0.176000 147.650040
2455.625000 68.671265 0.176000 147.850052
2455.750000 68.671265 0.176000 148.050034
2455.875000 68.875488 0.176000 148.255356
2455.875000 68.875488 0.176000 148.455307
2455.875000 69.079712 0.176000 148.665253
2455.875000 69.079712 0.176000 148.855362
2456.000000 69.283936 0.176000 149.065186
2456.125000 69.283936 0.768000 149.250046
2456.250000 69.488159 0.768000 149.455048
2456.250000 69.488159 0.181000 149.650024
2456.375000 69.488159 0.181000 149.855042
2456.500000 69.690010 0.181000 150.050003
2456.625000 69.690010 0.181000 150.250092
2456.750000 69.891861 0.181000 150.455032
2456.750000 69.891861 0.184000 150.655029
2456.750000 70.096085 0.184000 150.850067
2456.875000 70.096085 0.184000 151.055054
2456.875000 70.300308 0.184000 151.255035
2457.000000 70.300308 0.184000 151.455017
2457.000000 70.504532 0.192000 151.655060
2457.000000 70.504532 0.192000 151.855072
2457.125000 70.708755 0.192000 152.055084
2457.250000 70.708755 0.192000 152.255066
2457.500000 70.910606 0.192000 152.455109
2457.625000 70.910606 0.194000 152.655029
2457.625000 70.910606 0.194000 152.850067
2457.750000 71.112457 0.194000 153.050018
2458.000000 71.112457 0.194000 153.255035
2458.125000 71.316681 0.194000 153.450043
2458.250000 71.316681 0.206000 153.655060
2458.375000 71.520905 0.206000 153.855072
2458.375000 71.520905 0.206000 154.055054
2458.500000 71.725128 0.206000 154.255066
2458.500000 71.725128 0.206000 154.455063
2458.625000 71.929352 0.205000 154.650024
2458.625000 71.929352 0.205000 154.855072
2458.750000 72.133575 0.205000 155.055054
2458.750000 72.133575 0.205000 155.250031
2458.750000 72.337799 0.205000 155.455048
2458.875000 72.337799 0.216000 155.655060
2459.000000 72.337799 0.216000 155.855026
2459.125000 72.539650 0.216000 156.050049
2459.125000 72.539650 0.216000 156.255035
2459.125000 72.741501 0.216000 156.450012
2459.125000 72.741501 0.210000 156.650055
2459.125000 72.945724 0.210000 156.850052
2459.250000 72.945724 0.210000 157.055069
2459.250000 73.149948 0.210000 157.255051
2459.250000 73.149948 0.210000 157.455048
2459.250000 73.354172 0.215000 157.655045
2459.250000 73.354172 0.215000 157.855072
2459.250000 73.558395 0.215000 158.050034
2459.250000 73.558395 0.215000 158.250046
2459.250000 73.762619 0.215000 158.455063
2459.250000 73.762619 0.204000 158.655029
2459.250000 73.762619 0.204000 158.855057
2459.250000 73.966843 0.204000 159.055054
2459.250000 73.966843 0.204000 159.255035
2459.250000 74.171066 0.204000 159.455048
2459.500000 74.171066 0.212000 159.650024
2459.500000 74.375290 0.212000 159.850037
2459.500000 74.375290 0.212000 160.050064
2459.500000 74.579514 0.212000 160.255066
2459.625000 74.579514 0.212000 160.455048
2459.625000 74.783737 0.209000 160.650024
2459.625000 74.783737 0.209000 160.850037
2459.750000 74.987961 0.209000 161.050034
2459.750000 74.987961 0.209000 161.250076
2459.875000 74.987961 0.209000 161.450058
2459.875000 75.192184 0.208000 161.650070
2459.875000 75.192184 0.208000 161.850021
2459.875000 75.396408 0.208000 162.055038
2459.875000 75.396408 0.208000 162.250046
2459.875000 75.600632 0.208000 162.455032
2459.875000 75.600632 0.220000 162.655060
2459.875000 75.804855 0.220000 162.855042
2459.875000 75.804855 0.220000 163.050095
2459.875000 76.009079 0.220000 163.255035
2459.875000 76.009079 0.220000 163.450027
2460.000000 76.213303 0.213000 163.655060
2460.000000 76.213303 0.213000 163.855011
2460.000000 76.213303 0.213000 164.055054
2460.000000 76.416092 0.213000 164.250061
2460.000000 76.416092 0.213000 164.455032
2460.000000 76.620049 0.207000 164.650055
2460.000000 76.620049 0.207000 164.850021
2460.125000 76.824265 0.207000 165.060013
2460.125000 76.824265 0.207000 165.250031
2460.250000 77.028473 0.207000 165.450043
2460.250000 77.028473 0.210000 165.650024
2460.250000 77.232697 0.210000 165.850021
2460.500000 77.232697 0.210000 166.055038
2460.500000 77.232697 0.210000 166.250031
2460.500000 77.434540 0.210000 166.450089
2460.500000 77.434540 0.213000 166.650009
2460.500000 77.636383 0.213000 166.850037
2460.625000 77.636383 0.213000 167.050110
2460.750000 77.840599 0.213000 167.255051
2460.750000 77.840599 0.213000 167.455048
2460.750000 78.044815 0.222000 167.655075
2460.750000 78.044815 0.222000 167.855042
2460.750000 78.249031 0.222000 168.050034
2460.750000 78.249031 0.222000 168.250092
2461.000000 78.453247 0.222000 168.459991
2461.000000 78.453247 0.229000 168.655045
2461.125000 78.657463 0.229000 168.850006
2461.125000 78.657463 0.229000 169.055023
2461.250000 78.657463 0.229000 169.250000
2461.625000 78.861671 0.229000 169.450027
2461.625000 78.861671 0.214000 169.650024
2461.875000 79.065880 0.214000 169.855042
2462.250000 79.065880 0.214000 170.055038
2462.250000 79.270088 0.214000 170.250061
2462.375000 79.270088 0.214000 170.450089
2462.625000 79.474297 0.214000 170.650024
2462.625000 79.474297 0.242000 170.855087
2462.875000 79.678505 0.242000 171.055099
2463.000000 79.678505 0.242000 171.250015
2463.625000 79.882713 0.242000 171.450027
2463.750000 79.882713 0.225000 171.655029
2463.875000 80.084572 0.225000 171.854996
2464.375000 80.084572 0.225000 172.055038
2464.500000 80.084572 0.225000 172.255035
2464.750000 80.286438 0.225000 172.455048
2464.875000 80.286438 0.233000 172.655045
2465.250000 80.490677 0.233000 172.850006
2465.500000 80.490677 0.233000 173.055099
2465.500000 80.694916 0.233000 173.255035
2465.500000 80.694916 0.233000 173.455032
2465.750000 80.899162 0.233000 173.655045
2466.125000 80.899162 0.238000 173.855042
2466.375000 81.103409 0.238000 174.050003
2466.625000 81.103409 0.238000 174.250015
2467.000000 81.307648 0.238000 174.455063
2467.250000 81.307648 0.208000 174.655045
2467.375000 81.307648 0.208000 174.850067
2467.625000 81.514259 0.208000 175.050003
2468.000000 81.514259 0.208000 175.255051
2468.250000 81.716118 0.208000 175.455048
2468.375000 81.716118 0.207000 175.655029
2468.625000 81.920113 0.207000 175.850006
2469.125000 81.920113 0.207000 176.055054
2469.250000 82.121254 0.207000 176.250092
2469.625000 82.121254 0.207000 176.455048
2469.750000 82.325485 0.215000 176.650055
2469.750000 82.325485 0.215000 176.850037
2470.000000 82.529678 0.215000 177.050110
2470.250000 82.529678 0.215000 177.255051
2470.750000 82.733871 0.215000 177.455032
2471.875000 82.733871 0.216000 177.654999
2472.500000 82.733871 0.216000 177.850021
2473.000000 82.935684 0.216000 178.055054
2473.125000 82.935684 0.216000 178.255035
2473.250000 83.137497 0.216000 178.459991
2473.500000 83.137497 0.217000 178.655029
2473.625000 83.341690 0.217000 178.850021
2474.000000 83.341690 0.217000 179.055038
2474.750000 83.545929 0.217000 179.250000
2474.750000 83.545929 0.217000 179.455048
2475.125000 83.750168 0.218000 179.659958
2475.375000 83.750168 0.218000 179.860001
2475.625000 83.954399 0.218000 180.050049
2476.000000 83.954399 0.218000 180.260010
2476.375000 84.158630 0.218000 180.455063
2477.000000 84.158630 0.211000 180.655075
2477.375000 84.158630 0.211000 180.855042
2477.375000 84.362854 0.211000 181.059998
2477.625000 84.362854 0.211000 181.255035
2478.000000 84.564964 0.211000 181.455078
2478.625000 84.564964 0.221000 181.655045
2479.250000 84.769257 0.221000 181.850037
2479.750000 84.769257 0.221000 182.059998
2480.250000 84.973572 0.221000 182.259995
2480.625000 84.973572 0.221000 182.459991
2480.875000 85.177887 0.240000 182.655090
2481.375000 85.177887 0.240000 182.855042
2482.000000 85.382202 0.240000 183.059982
2482.500000 85.382202 0.240000 183.250031
2482.875000 85.586517 0.240000 183.455063
2483.125000 85.586517 0.240000 183.650040
2483.375000 85.586517 0.246000 183.859985
2483.500000 85.788460 0.246000 184.055038
2483.875000 85.788460 0.246000 184.259995
2484.250000 85.990387 0.246000 184.459991
2484.625000 85.990387 0.246000 184.655014
2484.875000 86.194672 0.250000 184.859985
2485.375000 86.194672 0.250000 185.055038
2485.625000 86.398956 0.250000 185.250061
2486.250000 86.398956 0.250000 185.450119
2486.625000 86.603241 0.250000 185.660019
2486.875000 86.603241 0.241000 185.850021
2487.250000 86.807533 0.241000 186.050018
2487.500000 86.807533 0.241000 186.250092
2487.625000 87.011826 0.241000 186.455109
2488.375000 87.011826 0.241000 186.650040
2488.750000 87.011826 0.233000 186.860016
2488.875000 87.213745 0.233000 187.050064
2489.125000 87.213745 0.233000 187.255051
2489.750000 87.415665 0.233000 187.459991
2489.875000 87.415665 0.233000 187.660004
2490.625000 87.619949 0.257000 187.860001
2490.875000 87.619949 0.257000 188.059998
2491.750000 87.824242 0.257000 188.250031
2492.250000 87.824242 0.257000 188.450027
2492.250000 88.028534 0.226000 188.650070
2492.375000 88.028534 0.226000 188.859970
2493.250000 88.028534 0.226000 189.050034
2494.125000 88.229042 0.226000 189.250000
2494.750000 88.229042 0.226000 189.460022
2494.875000 88.433258 0.230000 189.655045
2495.125000 88.433258 0.230000 189.850037
2495.250000 88.637444 0.230000 190.050064
2495.875000 88.637444 0.230000 190.250031
2496.000000 88.839600 0.230000 190.450012
2496.500000 88.839600 0.223000 190.650024
2496.875000 89.042648 0.223000 190.850021
2497.000000 89.042648 0.223000 191.050034
2497.875000 89.244576 0.223000 191.255020
2498.125000 89.244576 0.223000 191.459991
2498.500000 89.244576 0.230000 191.655045
2499.125000 89.451256 0.230000 191.855057
2499.750000 89.451256 0.230000 192.050018
2500.125000 89.655563 0.230000 192.255051
2501.000000 89.655563 0.230000 192.460022
2502.625000 89.859871 0.226000 192.659988
2503.750000 89.859871 0.226000 192.855026
2504.500000 90.064178 0.226000 193.055038
2505.500000 90.064178 0.226000 193.250015
2506.500000 90.268486 0.226000 193.455048
2508.625000 90.268486 0.227000 193.660004
2509.875000 90.472794 0.227000 193.860016
2510.875000 90.472794 0.227000 194.059998
2512.625000 90.472794 0.227000 194.260010
2514.125000 90.677025 0.227000 194.459991
2516.750000 90.677025 0.227000 194.660034
2518.625000 90.881248 0.246000 194.855042
2521.000000 90.881248 0.246000 195.050034
2523.000000 91.081573 0.246000 195.255051
2525.125000 91.081573 0.246000 195.459991
2526.375000 91.285835 0.237000 195.659988
2527.625000 91.285835 0.237000 195.855011
2531.250000 91.490105 0.237000 196.059998
2534.000000 91.490105 0.237000 196.260010
2536.500000 91.694374 0.237000 196.459991
2539.375000 91.694374 0.237000 196.650040
2541.875000 91.694374 0.236000 196.850037
2545.000000 91.896271 0.236000 197.060028
2546.875000 91.896271 0.236000 197.255112
2549.375000 92.098167 0.236000 197.459976
2551.250000 92.098167 0.235000 197.659973
2553.500000 92.302185 0.235000 197.850037
2554.375000 92.302185 0.235000 198.059998
2556.250000 92.302185 0.235000 198.259995
2559.750000 92.503693 0.235000 198.459976
2564.750000 92.503693 0.216000 198.659988
2568.250000 92.503693 0.216000 198.855042
2575.750000 92.705978 0.216000 199.055023
2580.125000 92.705978 0.216000 199.255005
2584.875000 92.907860 0.216000 199.450012
2592.375000 92.907860 0.228000 199.659988
2594.125000 93.111877 0.228000 199.850021
2600.000000 93.111877 0.228000 200.059967
2602.750000 93.312080 0.228000 200.255035
2606.875000 93.312080 0.228000 200.460007
2608.500000 93.516289 0.230000 200.650009
2615.250000 93.516289 0.230000 200.850006
2619.375000 93.718307 0.230000 201.059952
2621.875000 93.718307 0.230000 201.259964
2624.875000 93.922554 0.230000 201.459976
2625.875000 93.922554 0.230000 201.660004
2630.375000 93.922554 0.252000 201.859970
2633.625000 94.124435 0.252000 202.059967
2638.875000 94.124435 0.252000 202.250046
2643.250000 94.326332 0.252000 202.450012
2646.000000 94.326332 0.232000 202.659958
2651.875000 94.530647 0.232000 202.859985
2655.000000 94.530647 0.232000 203.059982
2656.750000 94.734962 0.232000 203.259979
2659.500000 94.734962 0.232000 203.459991
2664.250000 94.939278 0.239000 203.655090
2670.375000 94.939278 0.239000 203.850006
2673.875000 95.143593 0.239000 204.055038
2678.500000 95.143593 0.239000 204.255051
2681.125000 95.347908 0.239000 204.460007
2683.250000 95.347908 0.239000 204.659973
2686.375000 95.347908 0.265000 204.859985
2688.500000 95.552223 0.265000 205.050034
2695.375000 95.552223 0.265000 205.259995
2700.875000 95.754326 0.265000 205.459991
2705.750000 95.754326 0.265000 205.650101
2708.500000 95.958580 0.239000 205.859970
2711.000000 95.958580 0.239000 206.059998
2713.375000 96.162865 0.239000 206.259964
2714.000000 96.162865 0.239000 206.460022
2714.750000 96.367149 0.239000 206.650055
2720.750000 96.367149 0.276000 206.860016
2727.500000 96.570473 0.276000 207.055054
2733.250000 96.570473 0.276000 207.255020
2735.250000 96.570473 0.276000 207.460007
2738.250000 96.772346 0.276000 207.659988
2739.750000 96.772346 0.242000 207.860001
2740.875000 96.974258 0.242000 208.055099
2747.375000 96.974258 0.242000 208.259995
2752.125000 97.178543 0.242000 208.460068
2757.000000 97.178543 0.242000 208.660019
2759.750000 97.381569 0.240000 208.855042
2763.875000 97.381569 0.240000 209.050049
2766.250000 97.585045 0.240000 209.259979
2768.125000 97.585045 0.240000 209.450058
2773.000000 97.789230 0.236000 209.659973
2774.875000 97.789230 0.236000 209.860016
2775.375000 97.789230 0.236000 210.055038
2775.750000 97.789230 0.236000 210.259979
2778.375000 97.789230 0.236000 210.459991
2780.125000 97.991699 0.236000 210.660019
2784.625000 97.991699 0.259000 210.859985
2786.375000 98.195908 0.259000 211.059998
2790.625000 98.195908 0.259000 211.259995
2795.250000 98.400093 0.259000 211.459976
2797.125000 98.400093 0.233000 211.650070
2799.000000 98.601517 0.233000 211.850052
2801.125000 98.601517 0.233000 212.060013
2805.625000 98.804253 0.233000 212.259964
2810.000000 98.804253 0.233000 212.459976
2814.000000 99.008514 0.233000 212.650055
2816.375000 99.008514 0.272000 212.855072
2822.875000 99.008514 0.272000 213.059982
2827.125000 99.210396 0.272000 213.255066
2831.750000 99.210396 0.272000 213.455048
2838.000000 99.412277 0.229000 213.660004
2843.625000 99.412277 0.229000 213.859985
2848.500000 99.616539 0.229000 214.059952
2853.875000 99.616539 0.229000 214.255051
2857.375000 99.820801 0.229000 214.455048
2862.875000 99.820801 0.229000 214.659973
2866.625000 100.025063 0.269000 214.859955
2872.875000 100.025063 0.269000 215.055023
2876.125000 100.229324 0.269000 215.259979
2880.625000 100.229324 0.269000 215.455032
2885.375000 100.433586 0.269000 215.650040
2891.750000 100.433586 0.244000 215.860001
2898.250000 100.433586 0.244000 216.055038
2902.750000 100.635468 0.244000 216.255066
2905.125000 100.635468 0.244000 216.455032
2906.875000 100.837349 0.237000 216.659988
2909.375000 100.837349 0.237000 216.855087
2917.625000 101.041603 0.237000 217.059998
2921.500000 101.041603 0.237000 217.260010
2923.625000 101.243645 0.237000 217.450058
2927.375000 101.243645 0.239000 217.659958
2929.125000 101.447868 0.239000 217.859955
2931.875000 101.447868 0.239000 218.059998
2938.625000 101.652061 0.239000 218.250031
2943.375000 101.652061 0.239000 218.450027
2946.500000 101.856262 0.233000 218.655045
2949.250000 101.856262 0.233000 218.850037
2953.750000 101.856262 0.233000 219.050018
2959.625000 102.060455 0.233000 219.255035
2964.000000 102.060455 0.233000 219.455032
2967.875000 102.264648 0.233000 219.655045
2970.000000 102.264648 0.277000 219.860001
2975.875000 102.468842 0.277000 220.055054
2980.375000 102.468842 0.277000 220.259979
2985.625000 102.673035 0.277000 220.455048
2987.875000 102.673035 0.236000 220.659988
2990.000000 102.877228 0.236000 220.860001
2993.375000 102.877228 0.236000 221.059998
2995.000000 103.081421 0.236000 221.260025
2996.125000 103.081421 0.236000 221.460007
2999.000000 103.285614 0.236000 221.660049
3003.625000 103.285614 0.244000 221.860001
3006.500000 103.285614 0.244000 222.059982
3008.125000 103.489807 0.244000 222.259979
3010.250000 103.489807 0.244000 222.460007
3014.250000 103.694000 0.244000 222.660049
3017.750000 103.694000 0.243000 222.859955
3021.625000 103.898193 0.243000 223.059998
3024.375000 103.898193 0.243000 223.259979
3026.875000 104.102386 0.243000 223.459991
3029.750000 104.102386 0.236000 223.659958
3034.000000 104.306580 0.236000 223.859955
3039.000000 104.306580 0.236000 224.059952
3045.250000 104.510773 0.236000 224.259979
3050.125000 104.510773 0.236000 224.460007
3053.625000 104.510773 0.236000 224.660080
3057.125000 104.715004 0.352000 224.859970
3059.750000 104.715004 0.352000 225.060013
3061.250000 104.919357 0.352000 225.259995
3065.250000 104.919357 0.352000 225.459991
3070.000000 105.123711 0.352000 225.660049
3073.125000 105.123711 0.257000 225.860062
3076.625000 105.328064 0.257000 226.059982
3079.125000 105.328064 0.257000 226.259995
3083.125000 105.532417 0.257000 226.459991
3086.625000 105.532417 0.239000 226.659988
3091.000000 105.736771 0.239000 226.860016
3094.375000 105.736771 0.239000 227.059967
3097.000000 105.941124 0.239000 227.259995
3098.750000 105.941124 0.239000 227.459991
3102.500000 105.941124 0.236000 227.660080
3104.125000 106.145477 0.236000 227.859985
3107.625000 106.145477 0.236000 228.059952
3109.625000 106.346474 0.236000 228.260071
3111.000000 106.346474 0.236000 228.460007
3113.000000 106.346474 0.236000 228.659988
3115.375000 106.546867 0.259000 228.859970
3117.375000 106.546867 0.259000 229.059967
3121.000000 106.747581 0.259000 229.260025
3126.125000 106.747581 0.259000 229.459961
3130.000000 106.951973 0.220000 229.659988
3131.625000 106.951973 0.220000 229.859970
3133.750000 107.156548 0.220000 230.059982
3136.500000 107.156548 0.220000 230.259979
3141.250000 107.156548 0.220000 230.459991
3144.750000 107.360733 0.224000 230.659988
3146.000000 107.360733 0.224000 230.859970
3147.125000 107.564522 0.224000 231.059998
3150.000000 107.564522 0.224000 231.259995
3152.750000 107.768929 0.224000 231.459991
3155.250000 107.768929 0.220000 231.659988
3157.000000 107.973091 0.220000 231.860016
3161.500000 107.973091 0.220000 232.059967
3164.125000 108.177200 0.220000 232.259979
3168.625000 108.177200 0.220000 232.459976
3173.000000 108.381310 0.217000 232.660004
3174.750000 108.381310 0.217000 232.859985
3175.625000 108.381310 0.217000 233.059998
3178.875000 108.583046 0.217000 233.259979
3184.125000 108.583046 0.217000 233.460022
3187.875000 108.784782 0.217000 233.659958
3191.375000 108.784782 0.268000 233.859985
3192.750000 108.988892 0.268000 234.059952
3194.500000 108.988892 0.268000 234.259979
3197.875000 109.193001 0.268000 234.459961
3201.250000 109.193001 0.230000 234.660034
3202.625000 109.397110 0.230000 234.860016
3204.375000 109.397110 0.230000 235.059967
3206.625000 109.601212 0.230000 235.260010
3209.625000 109.601212 0.230000 235.459991
3213.875000 109.805298 0.231000 235.659988
3217.250000 109.805298 0.231000 235.859985
3220.000000 109.805298 0.231000 236.059967
3221.625000 110.009392 0.231000 236.259964
3224.000000 110.009392 0.231000 236.460007
3227.125000 110.213486 0.231000 236.659988
3231.375000 110.213486 0.277000 236.860046
3234.625000 110.417580 0.277000 237.059967
3237.375000 110.417580 0.277000 237.259979
3240.125000 110.621674 0.277000 237.460022
3241.875000 110.621674 0.277000 237.659988
3243.375000 110.825760 0.286000 237.859985
3247.000000 110.825760 0.286000 238.059998
3251.500000 111.029846 0.286000 238.259979
3255.375000 111.029846 0.286000 238.459991
3258.125000 111.029846 0.237000 238.660080
3259.750000 111.233940 0.237000 238.859985
3262.000000 111.233940 0.237000 239.059982
3265.375000 111.438034 0.237000 239.260025
3267.625000 111.438034 0.237000 239.459976
3271.125000 111.642120 0.237000 239.660004
3274.625000 111.642120 0.287000 239.859985
3276.500000 111.846207 0.287000 240.059967
3280.000000 111.846207 0.287000 240.260056
3282.625000 112.050301 0.287000 240.459991
3284.125000 112.050301 0.225000 240.659988
3286.375000 112.254387 0.225000 240.859985
3289.375000 112.254387 0.225000 241.059998
3291.500000 112.458473 0.225000 241.259979
3292.875000 112.458473 0.225000 241.459976
3295.125000 112.458473 0.227000 241.659988
3297.250000 112.660194 0.227000 241.860001
3299.625000 112.660194 0.227000 242.059982
3303.000000 112.861916 0.227000 242.259964
3305.750000 112.861916 0.227000 242.459976
3308.125000 113.066002 0.230000 242.659958
3309.250000 113.066002 0.230000 242.859955
3310.000000 113.066002 0.230000 243.059952
3312.375000 113.268753 0.230000 243.259995
3315.500000 113.268753 0.230000 243.459961
3320.375000 113.268753 0.225000 243.660004
3323.250000 113.469063 0.225000 243.859985
3325.000000 113.469063 0.225000 244.059952
3326.125000 113.673302 0.225000 244.260040
3327.750000 113.673302 0.225000 244.459976
3330.125000 113.877525 0.231000 244.659988
3334.625000 113.877525 0.231000 244.859955
3340.500000 114.081749 0.231000 245.059967
3345.000000 114.081749 0.231000 245.259979
3348.000000 114.285973 0.231000 245.459976
3350.250000 114.285973 0.240000 245.660004
3354.375000 114.490166 0.240000 245.859985
3358.250000 114.490166 0.240000 246.059982
3361.125000 114.694321 0.240000 246.259964
3362.750000 114.694321 0.240000 246.459991
3366.375000 114.694321 0.236000 246.660004
3371.625000 114.898476 0.236000 246.860001
3379.000000 114.898476 0.236000 247.060013
3380.750000 115.102631 0.236000 247.259979
3382.250000 115.102631 0.236000 247.459991
3385.125000 115.306786 0.241000 247.660004
3393.125000 115.306786 0.241000 247.859955
3396.375000 115.510941 0.241000 248.059982
3403.000000 115.510941 0.241000 248.259964
3407.750000 115.715149 0.241000 248.459991
3410.250000 115.715149 0.234000 248.659988
3414.375000 115.919853 0.234000 248.859955
3416.875000 115.919853 0.234000 249.059998
3417.625000 115.919853 0.234000 249.259979
3420.500000 116.125137 0.234000 249.460022
3425.375000 116.125137 0.234000 249.660034
3430.375000 116.329407 0.249000 249.859985
3434.000000 116.329407 0.249000 250.059982
3436.250000 116.533699 0.249000 250.259964
3437.875000 116.533699 0.249000 250.460022
3441.125000 116.737991 0.243000 250.660019
3444.250000 116.737991 0.243000 250.859970
3447.875000 116.942284 0.243000 251.059982
3451.500000 116.942284 0.243000 251.259979
3454.375000 117.146584 0.243000 251.460007
3460.125000 117.146584 0.243000 251.660004
3462.500000 117.146584 0.244000 251.860016
3463.875000 117.350899 0.244000 252.059967
3466.625000 117.350899 0.244000 252.259995
3469.625000 117.555214 0.244000 252.460022
3474.500000 117.555214 0.244000 252.659973
3477.000000 117.759880 0.257000 252.860001
3478.125000 117.759880 0.257000 253.060013
3480.125000 117.964241 0.257000 253.259995
3482.125000 117.964241 0.257000 253.459976
3484.750000 118.168625 0.220000 253.660019
3487.375000 118.168625 0.220000 253.859970
3489.625000 118.373009 0.220000 254.059952
3492.125000 118.373009 0.220000 254.259964
3493.250000 118.373009 0.220000 254.459961
3495.375000 118.575020 0.219000 254.660065
3498.125000 118.575020 0.219000 254.859985
3501.500000 118.776993 0.219000 255.059982
3504.000000 118.776993 0.219000 255.259964
3505.125000 118.981270 0.219000 255.460037
3507.875000 118.981270 0.222000 255.659958
3511.250000 119.185532 0.222000 255.859985
3513.750000 119.185532 0.222000 256.059998
3517.250000 119.389801 0.222000 256.260010
3521.875000 119.389801 0.222000 256.459991
3524.125000 119.594101 0.221000 256.659973
3526.125000 119.594101 0.221000 256.859985
3530.125000 119.798393 0.221000 257.059998
3532.875000 119.798393 0.221000 257.259979
3536.625000 119.798393 0.221000 257.465057
3540.375000 120.002678 0.223000 257.660004
3542.500000 120.002678 0.223000 257.859985
3544.375000 120.206970 0.223000 258.059967
3548.375000 120.206970 0.223000 258.260010
3552.000000 120.411278 0.223000 258.459961
3555.625000 120.411278 0.235000 258.659973
3560.250000 120.615570 0.235000 258.859985
3562.125000 120.615570 0.235000 259.059967
3563.875000 120.819862 0.235000 259.259979
3565.000000 120.819862 0.235000 259.459991
3568.750000 121.024162 0.235000 259.659943
3574.000000 121.024162 0.280000 259.859955
3577.750000 121.228432 0.280000 260.059967
3581.250000 121.228432 0.280000 260.265045
3583.375000 121.228432 0.280000 260.459991
3585.375000 121.432716 0.219000 260.660004
3589.250000 121.432716 0.219000 260.865051
3592.625000 121.635788 0.219000 261.059967
3597.250000 121.635788 0.219000 261.259979
3600.625000 121.837524 0.219000 261.459991
3602.375000 121.837524 0.219000 261.665100
3605.750000 122.041847 0.219000 261.859955
3609.250000 122.041847 0.219000 262.059967
3612.625000 122.246170 0.219000 262.259979
3615.000000 122.246170 0.219000 262.465057
3616.750000 122.450500 0.229000 262.660034
3619.250000 122.450500 0.229000 262.859985
3621.625000 122.450500 0.229000 263.065063
3625.625000 122.654831 0.229000 263.265045
3631.250000 122.654831 0.229000 263.465027
3636.000000 122.859161 0.221000 263.665039
3641.875000 122.859161 0.221000 263.859955
3645.375000 123.061256 0.221000 264.059967
3651.625000 123.061256 0.221000 264.259949
3657.125000 123.262787 0.221000 264.459991
3661.875000 123.262787 0.218000 264.665039
3665.875000 123.465508 0.218000 264.865051
3668.625000 123.465508 0.218000 265.059967
3673.750000 123.669739 0.218000 265.259979
3676.625000 123.669739 0.218000 265.460022
3680.500000 123.669739 0.218000 265.659973
3685.000000 123.873970 0.258000 265.865051
3688.875000 123.873970 0.258000 266.065033
3694.250000 124.078201 0.258000 266.259979
3700.750000 124.078201 0.258000 266.459991
3704.125000 124.282181 0.212000 266.665070
3705.625000 124.282181 0.212000 266.865051
3706.125000 124.282181 0.212000 267.065063
3709.375000 124.282181 0.212000 267.259979
3711.875000 124.482346 0.212000 267.465057
3715.500000 124.482346 0.208000 267.659973
3722.125000 124.682495 0.208000 267.865051
3729.750000 124.682495 0.208000 268.065033
3735.125000 124.886581 0.208000 268.265015
3740.750000 124.886581 0.208000 268.465057
3743.625000 125.090668 0.203000 268.660034
3744.625000 125.090668 0.203000 268.859985
3749.250000 125.294754 0.203000 269.059967
3754.125000 125.294754 0.203000 269.265015
3759.375000 125.498039 0.203000 269.459991
3763.000000 125.498039 0.225000 269.665039
3766.250000 125.498039 0.225000 269.859985
3769.125000 125.704651 0.225000 270.059998
3773.000000 125.704651 0.225000 270.265045
3777.875000 125.906502 0.225000 270.465057
3781.875000 125.906502 0.211000 270.665039
3784.875000 126.110733 0.211000 270.859985
3787.375000 126.110733 0.211000 271.065002
3791.125000 126.314964 0.211000 271.259979
3795.750000 126.314964 0.211000 271.465057
3799.000000 126.519196 0.204000 271.660065
3801.750000 126.519196 0.204000 271.859985
3804.375000 126.723427 0.204000 272.059967
3807.500000 126.723427 0.204000 272.259949
3809.750000 126.927658 0.204000 272.465057
3814.250000 126.927658 0.205000 272.665039
3820.000000 126.927658 0.205000 272.865051
3824.000000 127.131889 0.205000 273.065033
3826.625000 127.131889 0.205000 273.259979
3828.750000 127.336121 0.205000 273.459991
3832.750000 127.336121 0.215000 273.665039
3836.125000 127.540352 0.215000 273.859955
3838.125000 127.540352 0.215000 274.065063
3840.500000 127.744583 0.215000 274.260040
3842.125000 127.744583 0.215000 274.465057
3845.000000 127.948814 0.220000 274.665039
3849.875000 127.948814 0.220000 274.859985
3852.625000 128.153046 0.220000 275.065033
3856.375000 128.153046 0.220000 275.265045
3858.375000 128.357285 0.220000 275.465027
3863.375000 128.357285 0.208000 275.659943
3866.125000 128.357285 0.208000 275.859985
3870.625000 128.561874 0.208000 276.059998
3874.250000 128.561874 0.208000 276.259979
3877.375000 128.762054 0.208000 276.465057
3883.875000 128.762054 0.205000 276.660004
3886.125000 128.964508 0.205000 276.859985
3890.375000 128.964508 0.205000 277.065063
3898.750000 129.166229 0.205000 277.259979
3902.750000 129.166229 0.205000 277.459961
3905.500000 129.366547 0.222000 277.665039
3908.125000 129.366547 0.222000 277.859985
3912.375000 129.366547 0.222000 278.065094
3916.250000 129.570511 0.222000 278.260010
3919.500000 129.570511 0.222000 278.459930
3925.000000 129.774765 0.205000 278.665039
3927.125000 129.774765 0.205000 278.865051
3930.250000 129.774765 0.205000 279.059998
3936.000000 129.978546 0.205000 279.259979
3940.125000 129.978546 0.205000 279.459991
3944.750000 130.182938 0.207000 279.660034
3947.125000 130.182938 0.207000 279.865051
3949.000000 130.387329 0.207000 280.065033
3952.375000 130.387329 0.207000 280.265045
3956.250000 130.589340 0.207000 280.465027
3961.000000 130.589340 0.203000 280.665039
3963.875000 130.589340 0.203000 280.859985
3967.000000 130.791351 0.203000 281.059967
3970.375000 130.791351 0.203000 281.265076
3973.375000 130.996017 0.203000 281.459961
3979.375000 130.996017 0.212000 281.659973
3983.750000 131.200394 0.212000 281.865051
3988.875000 131.200394 0.212000 282.065002
3993.875000 131.404770 0.212000 282.259949
3996.125000 131.404770 0.212000 282.465057
4000.125000 131.609146 0.208000 282.665039
4005.125000 131.609146 0.208000 282.859985
4008.750000 131.813522 0.208000 283.065033
4013.750000 131.813522 0.208000 283.265015
4017.625000 131.813522 0.208000 283.465027
4020.375000 132.017899 0.213000 283.665039
4027.500000 132.017899 0.213000 283.865051
4030.875000 132.222275 0.213000 284.059967
4034.125000 132.222275 0.213000 284.265015
4039.125000 132.426651 0.213000 284.465027
4042.750000 132.426651 0.213000 284.659973
4047.875000 132.631027 0.255000 284.859985
4051.000000 132.631027 0.255000 285.059998
4055.750000 132.835403 0.255000 285.259979
4060.375000 132.835403 0.255000 285.459961
4064.625000 133.039780 0.255000 285.665039
4068.125000 133.039780 0.259000 285.865021
4072.875000 133.241776 0.259000 286.065033
4079.750000 133.241776 0.259000 286.259979
4085.000000 133.241776 0.259000 286.459991
4091.125000 133.443771 0.259000 286.659973
4094.250000 133.443771 0.296000 286.860016
4098.500000 133.647888 0.296000 287.059967
4102.000000 133.647888 0.296000 287.265045
4109.625000 133.848099 0.296000 287.459991
4117.750000 133.848099 0.231000 287.665039
4121.000000 134.052261 0.231000 287.865051
4124.500000 134.052261 0.231000 288.059998
4127.125000 134.256348 0.231000 288.265015
4133.250000 134.256348 0.231000 288.465027
4142.625000 134.460434 0.245000 288.665039
4147.250000 134.460434 0.245000 288.859955
4150.375000 134.460434 0.245000 289.065033
4153.500000 134.664520 0.245000 289.259949
4159.500000 134.664520 0.245000 289.459991
4166.375000 134.868607 0.245000 289.665039
4173.875000 134.868607 0.295000 289.865051
4177.750000 135.072693 0.295000 290.059967
4182.125000 135.072693 0.295000 290.265045
4186.500000 135.276779 0.295000 290.459991
4193.500000 135.276779 0.239000 290.659973
4199.125000 135.476868 0.239000 290.859985
4203.875000 135.476868 0.239000 291.059998
4208.000000 135.680817 0.239000 291.265045
4213.250000 135.680817 0.239000 291.465027
4218.875000 135.882599 0.239000 291.665039
4221.875000 135.882599 0.298000 291.859955
4226.125000 135.882599 0.298000 292.059967
4231.375000 136.084381 0.298000 292.259979
4240.625000 136.084381 0.298000 292.459991
4245.125000 136.288300 0.228000 292.665039
4250.375000 136.288300 0.228000 292.859985
4254.125000 136.491913 0.228000 293.065033
4259.250000 136.491913 0.228000 293.259979
4265.750000 136.696228 0.228000 293.460022
4270.375000 136.696228 0.232000 293.659973
4275.625000 136.900604 0.232000 293.859985
4280.125000 136.900604 0.232000 294.065033
4286.125000 137.104980 0.23200