0.202500 0.000000 0.750000 0.000000 -0.000000 0.000000 0.000000
0.407500 0.000000 0.750000 0.000000 -0.000000 0.000000 0.409982
0.607890 0.008249 0.750000 0.000000 -0.000000 0.425998 1.060032
0.781181 0.115125 0.750000 0.000000 -0.000000 0.656859 1.529935
0.927482 0.256105 0.750000 0.000000 -0.000000 0.837318 1.949948
1.065670 0.407528 0.750000 0.000000 -0.000000 0.830515 2.360015
1.203949 0.558868 0.750000 0.000000 -0.000000 0.830461 2.769985
1.342228 0.710207 0.750000 0.000000 -0.000000 0.830461 3.180001
1.480508 0.861546 0.750000 0.000000 -0.000000 0.830461 3.589951
1.615415 1.009194 0.756465 0.004712 -0.000361 0.830461 3.989970
1.750321 1.156842 0.758679 0.007529 -0.002527 0.830461 4.389975
1.885228 1.304490 0.760856 0.009509 -0.003991 0.830461 4.789948
2.020135 1.452138 0.762606 0.010753 -0.005247 0.830461 5.189953
2.155042 1.599786 0.764190 0.011518 -0.006378 0.830461 5.589943
2.289948 1.747433 0.765884 0.011955 -0.007346 0.830461 5.989916
2.424855 1.895081 0.767607 0.012141 -0.008222 0.830461 6.389936
2.559762 2.042729 0.769323 0.012156 -0.009042 0.830461 6.789960
2.694669 2.190377 0.770971 0.012101 -0.009822 0.830461 7.190054
2.829576 2.338025 0.772653 0.012006 -0.010521 0.830461 7.589935
2.964482 2.485673 0.774505 0.011870 -0.011039 0.830461 7.989964
3.100582 2.637575 0.776688 0.010889 -0.012176 0.904201 8.409990
3.220134 2.797905 0.778998 0.010394 -0.012709 0.929238 8.809968
3.339781 2.958168 0.781381 0.010233 -0.012846 0.929502 9.209972
3.459429 3.118430 0.783745 0.010098 -0.012963 0.929507 9.609979
3.579077 3.278700 0.786067 0.010007 -0.013079 0.929507 10.009970
3.698725 3.438970 0.788515 0.009956 -0.013172 0.929507 10.409970
3.818373 3.599240 0.791002 0.009919 -0.013245 0.929507 10.809965
3.938021 3.759510 0.793407 0.009894 -0.013288 0.929507 11.210043
4.057660 3.919777 0.795889 0.009918 -0.013318 0.929504 11.609994
4.180280 4.084039 0.798469 0.009965 -0.013379 0.929496 12.019984
4.299917 4.244295 0.801143 0.010010 -0.013440 0.929493 12.420013
4.419567 4.404550 0.803910 0.010091 -0.013515 0.929492 12.820036
4.539214 4.564806 0.806735 0.010185 -0.013598 0.929494 13.220020
4.658855 4.725061 0.809551 0.010285 -0.013673 0.929494 13.620451
4.778497 4.885316 0.812447 0.010395 -0.013747 0.929494 14.020214
4.898139 5.045572 0.815265 0.010499 -0.013817 0.929494 14.420075
5.017783 5.205827 0.817980 0.010595 -0.013851 0.929493 14.819988
5.137435 5.366083 0.820760 0.010649 -0.013868 0.929495 15.220024
5.257077 5.526338 0.823541 0.010678 -0.013861 0.929495 15.620049
5.388423 5.679309 0.826312 0.012963 -0.011710 0.749789 16.049999
5.538014 5.812059 0.828970 0.013201 -0.011309 0.726758 16.449976
5.687510 5.944925 0.831511 0.013106 -0.011229 0.726564 16.849949
5.837008 6.077791 0.833995 0.012977 -0.011177 0.726563 17.249969
5.986506 6.210657 0.836400 0.012820 -0.011148 0.726563 17.649998
6.136004 6.343523 0.838691 0.012666 -0.011149 0.726563 18.050034
6.285502 6.476389 0.840928 0.012480 -0.011146 0.726563 18.450176
6.435000 6.609255 0.843234 0.012253 -0.011128 0.726563 18.850187
6.584498 6.742121 0.845416 0.012052 -0.011077 0.726563 19.250265
6.733996 6.874987 0.847563 0.011872 -0.010979 0.726563 19.650030
6.883494 7.007853 0.849570 0.011694 -0.010823 0.726563 20.049982
7.032992 7.140718 0.851634 0.011533 -0.010613 0.726563 20.450035
7.182490 7.273584 0.853692 0.011357 -0.010383 0.726563 20.849987
7.331988 7.406450 0.855834 0.011142 -0.010107 0.726563 21.249996
7.481486 7.539316 0.857993 0.010887 -0.009799 0.726563 21.649994
7.598353 7.701883 0.860977 0.005132 -0.013066 1.196889 22.330002
7.671690 7.887952 0.862773 0.005028 -0.012604 1.194026 22.729959
7.745275 8.073934 0.864841 0.004834 -0.011999 1.194028 23.130026
7.818861 8.259938 0.866922 0.004570 -0.011269 1.194019 23.530342
7.892447 8.445943 0.869039 0.004266 -0.010436 1.194008 23.930450
7.952296 8.637668 0.871008 0.003025 -0.009886 1.292235 24.350254
8.007394 8.829928 0.873437 0.002677 -0.008329 1.291822 24.749971
8.063855 9.026996 0.874551 0.002348 -0.007120 1.291842 25.160013
8.120317 9.224063 0.875344 0.001904 -0.005765 1.291858 25.569969
8.176778 9.421130 0.875959 0.001409 -0.004477 1.291876 25.980024
8.233239 9.618197 0.876612 0.000971 -0.003343 1.291896 26.389967
8.289701 9.815265 0.877303 0.000597 -0.002357 1.291921 26.800060
8.346162 10.012332 0.877863 0.000319 -0.001573 1.291954 27.209988
8.402596 10.209399 0.878139 0.000156 -0.000992 1.291965 27.620031
8.459038 10.406466 0.878306 0.000071 -0.000605 1.291968 28.029968
8.515453 10.603534 0.878365 0.000078 -0.000396 1.291971 28.440554
8.571852 10.800601 0.878212 0.000120 -0.000296 1.291969 28.850243
8.628268 10.997668 0.877938 0.000175 -0.000222 1.291969 29.260340
8.681399 11.191451 0.877588 0.000267 -0.000210 1.372211 29.680016
8.716650 11.388321 0.877270 0.000395 -0.000256 1.392335 30.080009
8.752127 11.585159 0.877092 0.000572 -0.000326 1.392544 30.480024
8.787603 11.781998 0.877022 0.000774 -0.000445 1.392558 30.880022
8.823080 11.978836 0.877160 0.000957 -0.000616 1.392573 31.280041
8.858557 12.175674 0.877357 0.001107 -0.000733 1.392590 31.680023
8.894033 12.372513 0.877531 0.001253 -0.000804 1.392611 32.080021
8.929510 12.569351 0.877585 0.001400 -0.000841 1.392636 32.480011
8.969748 12.769243 0.877656 0.001633 -0.000694 1.297435 32.899990
9.028161 12.968351 0.877721 0.001758 -0.000581 1.287050 33.315033
9.084161 13.160383 0.877887 0.001839 -0.000463 1.287032 33.715042
9.145947 13.354152 0.878120 0.001962 -0.000063 1.183451 34.140915
9.222313 13.544395 0.878146 0.002001 0.000086 1.190641 34.549992
9.298403 13.734737 0.878147 0.002034 0.000237 1.190718 34.960018
9.374466 13.925079 0.878167 0.002054 0.000335 1.190729 35.369987
9.450497 14.115421 0.878178 0.002073 0.000423 1.190730 35.790539
9.526532 14.305763 0.878062 0.002094 0.000522 1.190729 36.200722
9.601516 14.492482 0.877899 0.002082 0.000686 1.153443 36.610176
9.703956 14.665841 0.877729 0.001844 0.001184 0.924621 37.040283
9.833595 14.824631 0.877597 0.001777 0.001262 0.883571 37.450180
9.960536 14.979202 0.877441 0.001750 0.001195 0.883301 37.850174
10.087489 15.133774 0.877360 0.001718 0.001080 0.883321 38.250141
10.214418 15.288345 0.877289 0.001618 0.000912 0.883337 38.650139
10.355259 15.436793 0.877152 0.001333 0.000996 0.700550 39.080223
10.514584 15.565785 0.876971 0.001245 0.000855 0.681715 39.490143
10.669918 15.691792 0.876740 0.001142 0.000684 0.681557 39.890217
10.825253 15.817803 0.876628 0.000963 0.000513 0.681546 40.290165
10.980587 15.943814 0.876647 0.000729 0.000338 0.681549 40.695240
11.135921 16.069836 0.876720 0.000441 0.000142 0.681538 41.102303
11.291256 16.195873 0.876839 0.000146 -0.000048 0.681517 41.502037
11.446590 16.321911 0.877002 -0.000073 -0.000147 0.681492 41.902027
11.601925 16.447948 0.877129 -0.000219 -0.000175 0.681462 42.302025
11.757259 16.573986 0.877147 -0.000305 -0.000202 0.681425 42.702034
11.912594 16.700024 0.877081 -0.000361 -0.000193 0.681384 43.102024
12.067928 16.826061 0.876995 -0.000391 -0.000159 0.681332 43.502037
12.227146 16.955172 0.876935 -0.000413 -0.000105 0.681300 43.912033
12.386364 17.084263 0.876867 -0.000371 -0.000014 0.681301 44.321999
12.546024 17.206640 0.877042 -0.000291 0.000027 0.471051 44.812031
12.742604 17.253767 0.877231 -0.000292 0.000007 0.207693 45.402069
12.942708 17.295887 0.877187 -0.000277 0.000077 0.199232 45.812023
13.145750 17.319761 0.877170 -0.000234 0.000068 0.105934 46.231998
13.344648 17.340822 0.877234 -0.000095 0.000114 0.105467 46.632011
13.543547 17.361879 0.877465 0.000029 0.000151 0.105462 47.032021
13.742445 17.382936 0.877609 0.000071 0.000184 0.105460 47.432411
13.941343 17.403994 0.877584 0.000096 0.000192 0.105457 47.835537
14.140242 17.425051 0.877457 0.000059 0.000185 0.105453 48.237190
14.339140 17.446108 0.877291 -0.000058 0.000113 0.105449 48.642963
14.538038 17.467165 0.877135 -0.000205 0.000012 0.105444 49.042976
14.736937 17.488222 0.877025 -0.000391 -0.000116 0.105438 49.443012
14.935835 17.509279 0.876821 -0.000591 -0.000299 0.105431 49.842976
15.137695 17.530832 0.876571 -0.000775 -0.000438 0.130336 50.252945
15.336617 17.571119 0.876444 -0.000948 -0.000486 0.205361 50.672966
15.537282 17.613028 0.876403 -0.001075 -0.000544 0.205990 51.082958
15.737947 17.654943 0.876617 -0.001179 -0.000562 0.206006 51.492985
15.938611 17.696859 0.876897 -0.001227 -0.000526 0.206023 51.902939
16.139275 17.738775 0.877171 -0.001249 -0.000499 0.206041 52.312973
16.338459 17.782625 0.877358 -0.001312 -0.000383 0.282397 52.732975
16.525555 17.855524 0.877504 -0.001400 -0.000199 0.408434 53.142982
16.709261 17.934610 0.877565 -0.001405 -0.000169 0.406676 53.542950
16.892977 18.013678 0.877654 -0.001392 -0.000112 0.406698 53.943016
17.076693 18.092777 0.877672 -0.001372 -0.000082 0.406699 54.342964
17.260408 18.171881 0.877604 -0.001357 -0.000093 0.406698 54.743336
17.446699 18.254917 0.877526 -0.001341 0.000051 0.487896 55.163387
17.623718 18.353271 0.877445 -0.001331 0.000129 0.505675 55.567924
17.798737 18.450165 0.877439 -0.001369 0.000189 0.505824 55.967915
17.973755 18.547058 0.877431 -0.001432 0.000275 0.505863 56.367893
18.148773 18.643951 0.877342 -0.001501 0.000346 0.505910 56.767902
18.316656 18.760773 0.877161 -0.001434 0.000650 0.709302 57.197975
18.472303 18.894184 0.876918 -0.001455 0.000647 0.706898 57.607918
18.622843 19.031603 0.876700 -0.001320 0.000762 0.816633 58.027885
18.764179 19.180079 0.876627 -0.001284 0.000705 0.809004 58.437962
18.898687 19.333176 0.876514 -0.001120 0.000784 0.916355 58.857937
19.024670 19.494879 0.876458 -0.000983 0.000662 0.908147 59.267971
19.150730 19.656443 0.876423 -0.000752 0.000490 0.908060 59.677937
19.300755 19.789389 0.876470 -0.000432 -0.000034 0.443450 60.357983
19.490732 19.856861 0.876532 -0.000223 -0.000156 0.235218 60.778221
19.689322 19.886545 0.876589 -0.000144 -0.000226 0.108985 61.188320
19.889330 19.905413 0.876658 -0.000140 -0.000326 0.019076 61.607941
20.089373 19.908180 0.876725 -0.000164 -0.000387 0.015658 62.007923
20.289415 19.911287 0.876696 -0.000173 -0.000380 0.015626 62.407928
20.489458 19.914404 0.876733 -0.000154 -0.000306 0.015627 62.807941
20.689501 19.917536 0.876781 -0.000193 -0.000207 0.015630 63.207928
20.892044 19.920708 0.876830 -0.000315 -0.000141 0.015630 63.612976
21.092087 19.923834 0.876962 -0.000459 -0.000120 0.015628 64.012978
21.292130 19.926962 0.877068 -0.000644 -0.000141 0.015629 64.412933
21.495529 19.925068 0.877053 -0.000697 -0.000336 -0.087936 64.838715
21.699806 19.908211 0.876697 -0.000728 -0.000470 -0.080753 65.248886
21.904068 19.891632 0.876297 -0.000750 -0.000709 -0.080678 65.657990
22.108330 19.875053 0.876138 -0.000757 -0.000891 -0.080619 66.067924
22.310072 19.850389 0.876316 -0.000659 -0.001062 -0.218473 66.497971
22.505812 19.794796 0.876547 -0.000791 -0.001189 -0.282587 66.907898
22.697920 19.738949 0.876853 -0.000845 -0.001182 -0.283058 67.307930
22.890028 19.683102 0.877217 -0.000799 -0.001094 -0.283088 67.707893
23.082136 19.627254 0.877447 -0.000694 -0.000926 -0.283121 68.107895
23.274244 19.571407 0.877866 -0.000545 -0.000757 -0.283164 68.508163
23.466352 19.515560 0.878511 -0.000356 -0.000626 -0.283211 68.908089
23.663145 19.458317 0.879202 -0.000156 -0.000526 -0.283247 69.318382
23.859900 19.401073 0.879829 0.000027 -0.000391 -0.283269 69.727936
24.056654 19.343830 0.880302 0.000151 -0.000348 -0.283299 70.137985
24.253408 19.286587 0.880602 0.000198 -0.000337 -0.283332 70.547905
24.448362 19.226940 0.880656 0.000315 -0.000116 -0.366670 70.967911
24.633661 19.151661 0.880412 0.000467 0.000266 -0.385125 71.367935
24.819056 19.076447 0.880005 0.000655 0.000620 -0.385227 71.767929
25.004450 19.001265 0.879581 0.000865 0.000909 -0.385217 72.167946
25.189844 18.926081 0.879216 0.001071 0.001148 -0.385218 72.567955
25.375238 18.850903 0.878770 0.001260 0.001260 -0.385215 72.967918
25.558176 18.761038 0.878338 0.001282 0.001385 -0.492354 73.387878
25.738974 18.664415 0.877958 0.001439 0.001284 -0.490831 73.797951
25.915365 18.570116 0.877615 0.001519 0.001143 -0.490802 74.197975
26.091757 18.475817 0.877275 0.001551 0.000982 -0.490775 74.597961
26.268148 18.381517 0.876958 0.001535 0.000804 -0.490743 74.997932
26.444540 18.287218 0.876743 0.001469 0.000635 -0.490705 75.397926
26.620932 18.192919 0.876601 0.001419 0.000491 -0.490660 75.797966
26.797323 18.098619 0.876483 0.001354 0.000379 -0.490606 76.197975
26.973715 18.004341 0.876433 0.001251 0.000275 -0.490544 76.597961
27.154516 17.907778 0.876425 0.001143 0.000165 -0.490540 77.007889
27.333113 17.812395 0.876479 0.001048 0.000040 -0.490539 77.412964
27.511709 17.717014 0.876556 0.000956 -0.000072 -0.490539 77.817940
27.682798 17.606167 0.876689 0.000872 -0.000072 -0.595934 78.237961
27.848356 17.493895 0.876799 0.000798 -0.000146 -0.596220 78.639618
28.013914 17.381590 0.876821 0.000735 -0.000176 -0.596251 79.038223
28.179472 17.269285 0.876763 0.000661 -0.000177 -0.596291 79.438225
28.359837 17.172762 0.876818 0.000545 -0.000282 -0.389890 79.867943
28.553938 17.118279 0.876961 0.000435 -0.000379 -0.180880 80.287903
28.750463 17.081091 0.877041 0.000429 -0.000341 -0.188194 80.687950
28.946997 17.043707 0.877083 0.000443 -0.000277 -0.188278 81.087914
29.143530 17.006323 0.877103 0.000474 -0.000237 -0.188335 81.487968
29.340063 16.968939 0.877117 0.000544 -0.000177 -0.188403 81.887917
29.536596 16.931471 0.877079 0.000640 -0.000085 -0.188403 82.287918
29.733130 16.893990 0.877059 0.000766 -0.000043 -0.188404 82.687927
29.929663 16.856499 0.877074 0.000906 -0.000064 -0.188411 83.120361
30.126196 16.819014 0.877128 0.001041 -0.000087 -0.188408 83.520332
30.322729 16.781528 0.877188 0.001143 -0.000074 -0.188406 83.920288
30.519262 16.744051 0.877187 0.001238 -0.000042 -0.188406 84.320282
30.715796 16.706573 0.877115 0.001353 -0.000046 -0.188407 84.720322
30.912329 16.669088 0.877038 0.001481 -0.000098 -0.188406 85.120316
31.108862 16.631609 0.877053 0.001605 -0.000153 -0.188406 85.520309
31.305395 16.594137 0.877071 0.001714 -0.000210 -0.188405 85.920334
31.503216 16.556780 0.877043 0.001778 -0.000300 -0.151537 86.330269
31.707092 16.537956 0.877145 0.001778 -0.000483 -0.087645 86.750320
31.906372 16.520550 0.877331 0.001761 -0.000575 -0.087195 87.150276
32.105652 16.503155 0.877548 0.001727 -0.000631 -0.087216 87.550278
32.304932 16.485760 0.877734 0.001689 -0.000636 -0.087244 87.950294
32.504211 16.468365 0.877851 0.001645 -0.000616 -0.087277 88.350311
32.703491 16.450970 0.877982 0.001596 -0.000612 -0.087316 88.750290
32.902771 16.433575 0.878177 0.001561 -0.000555 -0.087362 89.150314
33.102051 16.416180 0.878457 0.001528 -0.000445 -0.087417 89.550461
33.301331 16.398741 0.878700 0.001518 -0.000337 -0.087480 89.950523
33.505577 16.400728 0.878919 0.001308 -0.000594 0.188513 90.486076
33.696896 16.461212 0.879090 0.001086 -0.000780 0.409285 90.905350
33.876202 16.554150 0.879369 0.000929 -0.000768 0.486943 91.315399
34.057316 16.650169 0.879658 0.000812 -0.000619 0.487458 91.725372
34.230625 16.751598 0.879890 0.000636 -0.000521 0.588993 92.145332
34.397480 16.861912 0.880020 0.000497 -0.000293 0.583831 92.545357
34.564411 16.972137 0.879924 0.000320 -0.000015 0.583849 92.945320
34.731342 17.082424 0.879754 0.000029 0.000312 0.583832 93.345360
34.902214 17.193913 0.879665 -0.000252 0.000575 0.523317 93.765305
35.084801 17.277296 0.879479 -0.000533 0.000639 0.371048 94.175346
35.270905 17.350651 0.879282 -0.000670 0.000658 0.375860 94.575340
35.457062 17.424046 0.879013 -0.000775 0.000614 0.375950 94.975342
35.643219 17.497440 0.878740 -0.000888 0.000584 0.376025 95.375374
35.829376 17.570835 0.878408 -0.000987 0.000560 0.376119 95.775330
36.015533 17.644310 0.878027 -0.001054 0.000564 0.376186 96.175339
36.201691 17.717857 0.877778 -0.001039 0.000541 0.376170 96.575401
36.387848 17.791384 0.877621 -0.000999 0.000537 0.376176 96.975304
36.574005 17.864906 0.877527 -0.000952 0.000535 0.376168 97.375328
36.760162 17.938408 0.877432 -0.000947 0.000559 0.376164 98.148109
36.946320 18.011919 0.877353 -0.000970 0.000558 0.376166 98.718323
37.132477 18.085447 0.877291 -0.001013 0.000539 0.376174 99.119362
37.318634 18.158972 0.877177 -0.001049 0.000489 0.376173 99.518387
37.504791 18.232498 0.877061 -0.001100 0.000403 0.376184 99.918312
37.690948 18.306046 0.876926 -0.001168 0.000301 0.376170 100.318703
37.877106 18.379564 0.876799 -0.001225 0.000209 0.376178 100.718315
38.063263 18.453112 0.876635 -0.001269 0.000140 0.376164 101.118347
38.249420 18.526628 0.876471 -0.001266 0.000091 0.376181 101.518311
38.440952 18.596752 0.876314 -0.001239 -0.000087 0.274015 101.938316
38.638065 18.635489 0.876251 -0.001200 -0.000237 0.173205 102.348717
38.835209 18.669943 0.876321 -0.001221 -0.000251 0.172916 102.967430
39.034817 18.704826 0.876555 -0.001284 -0.000251 0.172911 103.594131
39.231960 18.739258 0.876665 -0.001349 -0.000277 0.172915 103.994148
39.429104 18.773706 0.876803 -0.001409 -0.000344 0.172914 104.394135
39.626247 18.808144 0.876915 -0.001477 -0.000401 0.172915 104.794083
39.823391 18.842583 0.877004 -0.001533 -0.000429 0.172916 105.194122
40.020535 18.877026 0.876987 -0.001598 -0.000444 0.172914 105.594101
40.217678 18.911461 0.876920 -0.001665 -0.000458 0.172915 105.994080
40.414822 18.945892 0.876922 -0.001737 -0.000496 0.172916 106.394135
40.611965 18.980331 0.877026 -0.001789 -0.000527 0.172918 106.794113
40.809109 19.014772 0.877194 -0.001842 -0.000536 0.172918 107.194130
41.006252 19.049223 0.877356 -0.001817 -0.000535 0.172908 107.705658
41.203396 19.083672 0.877550 -0.001782 -0.000496 0.172904 108.368034
41.403004 19.118525 0.877588 -0.001745 -0.000458 0.172895 108.845657
41.605076 19.153820 0.877607 -0.001711 -0.000407 0.172896 109.255676
41.802219 19.188269 0.877761 -0.001670 -0.000325 0.172901 109.656212
42.004292 19.223576 0.877952 -0.001627 -0.000223 0.172898 110.065605
42.201435 19.258024 0.878102 -0.001595 -0.000129 0.172899 110.465591
42.403507 19.293325 0.878149 -0.001550 -0.000084 0.172895 110.875656
42.600651 19.327768 0.878250 -0.001462 -0.000122 0.172897 111.276802
42.797794 19.362215 0.878320 -0.001416 -0.000140 0.172897 111.676247
42.997078 19.332428 0.878617 -0.001161 -0.000734 -0.296383 112.295593
43.182472 19.251842 0.878919 -0.000915 -0.000998 -0.500241 112.715767
43.358574 19.156965 0.879155 -0.000833 -0.000971 -0.492480 113.120728
43.534874 19.062361 0.879319 -0.000690 -0.000891 -0.492379 113.516266
43.711266 18.967756 0.879394 -0.000519 -0.000807 -0.492395 113.915604
43.887630 18.873152 0.879425 -0.000354 -0.000718 -0.492415 114.315536
44.055771 18.763178 0.879573 -0.000107 -0.000626 -0.593589 114.735573
44.225624 18.648399 0.879750 0.000106 -0.000442 -0.594268 115.145576
44.391335 18.536400 0.879932 0.000387 -0.000162 -0.594258 115.545586
44.557045 18.424400 0.879998 0.000606 0.000010 -0.594241 115.945564
44.722755 18.312401 0.879896 0.000773 0.000150 -0.594220 116.345596
44.888466 18.200401 0.879596 0.000902 0.000310 -0.594195 116.745583
45.054176 18.088402 0.879243 0.001021 0.000492 -0.594165 117.145546
45.224030 17.973602 0.878858 0.001111 0.000642 -0.594126 117.555832
45.389740 17.861603 0.878481 0.001148 0.000720 -0.594083 117.955841
45.555450 17.749603 0.878196 0.001178 0.000832 -0.594035 118.355827
45.721161 17.637604 0.877971 0.001169 0.000945 -0.593978 118.755562
45.891014 17.522839 0.877753 0.001137 0.001037 -0.593912 119.165565
46.060867 17.408136 0.877653 0.001072 0.001063 -0.593910 119.575554
46.230721 17.293453 0.877557 0.000928 0.001018 -0.593909 119.985596
46.400574 17.178782 0.877422 0.000761 0.000934 -0.593911 120.395554
46.570427 17.064104 0.877252 0.000572 0.000810 -0.593912 120.805573
46.740280 16.949430 0.877075 0.000483 0.000496 -0.593912 121.215591
46.910133 16.834761 0.877001 0.000467 0.000140 -0.593916 121.625595
47.079987 16.720078 0.877044 0.000454 -0.000077 -0.593915 122.035576
47.249840 16.605406 0.877195 0.000473 -0.000248 -0.593917 122.445602
47.417622 16.492119 0.877327 0.000506 -0.000359 -0.593910 122.861343
47.585403 16.378851 0.877410 0.000509 -0.000387 -0.593921 123.267189
47.728973 16.237886 0.877410 0.000598 -0.000226 -0.881669 123.791855
47.858677 16.083685 0.877410 0.000582 -0.000267 -0.810731 124.211830
48.004589 15.940418 0.877410 0.000571 -0.000289 -0.774993 124.621872
48.150982 15.796997 0.877410 0.000571 -0.000289 -0.774782 125.031837
48.297375 15.653576 0.877410 0.000571 -0.000289 -0.774710 125.441849
48.104305 15.715572 0.877410 0.000476 -0.000427 -0.512388 126.831879
47.925694 15.816061 0.877410 0.000476 -0.000427 -0.512393 127.241875
47.747082 15.916550 0.877410 0.000476 -0.000427 -0.512376 127.652077
47.570831 16.013504 0.877410 0.000443 -0.000462 -0.435417 128.072159
47.384811 16.093437 0.877365 0.000395 -0.000346 -0.404658 128.491409
47.194206 16.175125 0.877387 0.000305 -0.000251 -0.404529 128.906219
47.005898 16.255829 0.877481 0.000153 -0.000138 -0.404456 129.316422
46.819122 16.329491 0.877689 -0.000070 -0.000095 -0.297004 129.737076
46.625824 16.389637 0.877817 -0.000236 0.000083 -0.303233 130.141251
46.432705 16.450081 0.877822 -0.000390 0.000347 -0.303286 130.546219
46.237202 16.511234 0.877789 -0.000443 0.000472 -0.303317 130.956192
46.044083 16.571695 0.877893 -0.000441 0.000501 -0.303323 131.361267
45.850964 16.632109 0.878142 -0.000425 0.000537 -0.303317 131.766281
45.655460 16.693321 0.878451 -0.000382 0.000549 -0.303321 132.176224
45.462341 16.753733 0.878679 -0.000379 0.000545 -0.303321 132.592484
45.266838 16.814924 0.878785 -0.000400 0.000536 -0.303324 133.002457
45.071335 16.876085 0.878847 -0.000477 0.000504 -0.303314 133.412613
44.875832 16.937260 0.878789 -0.000586 0.000418 -0.303307 133.822144
44.684479 16.996668 0.878627 -0.000705 0.000374 -0.262223 134.232147
44.488262 17.037756 0.878411 -0.000848 0.000331 -0.202718 134.642151
44.287441 17.078917 0.878175 -0.001006 0.000232 -0.202352 135.052216
44.086620 17.120050 0.878021 -0.001123 0.000168 -0.202411 135.462158
43.890697 17.160248 0.878024 -0.001222 0.000109 -0.202412 135.862137
43.694775 17.200457 0.878095 -0.001291 0.000064 -0.202415 136.262253
43.498852 17.240665 0.878232 -0.001353 0.000044 -0.202411 136.662170
43.302929 17.280872 0.878372 -0.001406 0.000028 -0.202412 137.062134
43.107006 17.321081 0.878385 -0.001463 0.000023 -0.202414 137.462158
42.911083 17.361292 0.878377 -0.001541 0.000058 -0.202413 137.862137
42.715160 17.401501 0.878452 -0.001621 0.000078 -0.202411 138.262146
42.519238 17.441708 0.878499 -0.001701 0.000098 -0.202409 138.662445
42.323315 17.481915 0.878533 -0.001749 0.000125 -0.202410 139.062424
42.127392 17.522125 0.878555 -0.001779 0.000169 -0.202408 139.462372
41.931469 17.562319 0.878587 -0.001778 0.000247 -0.202412 139.862137
41.735546 17.602522 0.878659 -0.001796 0.000299 -0.202414 140.262131
41.539623 17.642731 0.878791 -0.001803 0.000336 -0.202414 140.662201
41.343700 17.682943 0.878996 -0.001783 0.000349 -0.202412 141.062119
41.147778 17.723148 0.879177 -0.001749 0.000312 -0.202411 141.462143
40.951855 17.763355 0.879248 -0.001703 0.000258 -0.202412 141.862152
40.755932 17.803560 0.879255 -0.001661 0.000197 -0.202413 142.262146
40.555645 17.842037 0.879229 -0.001595 0.000233 -0.121222 142.682129
40.351635 17.861794 0.879196 -0.001532 0.000196 -0.096948 143.092194
40.147686 17.881657 0.879201 -0.001484 0.000099 -0.096728 143.502197
39.943737 17.901508 0.879177 -0.001426 -0.000000 -0.096656 143.912186
39.739788 17.921286 0.879145 -0.001380 -0.000071 -0.096647 144.322159
39.533352 17.941299 0.879090 -0.001334 -0.000113 -0.096648 144.737152
39.331890 17.960825 0.879047 -0.001304 -0.000118 -0.096646 145.142120
39.125454 17.980835 0.879068 -0.001277 -0.000093 -0.096647 145.557419
38.923992 18.000370 0.879167 -0.001248 -0.000039 -0.096647 145.962875
38.705120 18.021587 0.879235 -0.001229 0.000011 -0.096646 146.402451
38.503658 18.041105 0.879294 -0.001221 0.000074 -0.096648 146.807068
38.299709 18.060875 0.879368 -0.001208 0.000129 -0.096647 147.217148
38.095760 18.080643 0.879493 -0.001175 0.000179 -0.096649 147.627060
37.891811 18.100412 0.879602 -0.001144 0.000190 -0.096648 148.037140
37.687862 18.120182 0.879671 -0.001126 0.000187 -0.096650 148.447067
37.489258 18.149435 0.879700 -0.001100 0.000064 -0.202665 148.867096
37.293079 18.188675 0.879707 -0.001078 0.000071 -0.196994 149.267075
37.096851 18.227819 0.879762 -0.001065 0.000055 -0.196979 149.667084
36.900623 18.266981 0.879853 -0.001057 0.000026 -0.196980 150.067078
36.704395 18.306158 0.879893 -0.001039 0.000002 -0.196979 150.467087
36.508167 18.345335 0.879924 -0.001021 0.000018 -0.196979 150.867081
36.311939 18.384508 0.879944 -0.000988 0.000043 -0.196976 151.267090
36.115711 18.423676 0.879957 -0.000930 0.000026 -0.196976 151.667068
35.919483 18.462837 0.879982 -0.000859 -0.000009 -0.196979 152.067093
35.723255 18.502007 0.880029 -0.000794 -0.000039 -0.196977 152.467087
35.527027 18.541159 0.880122 -0.000706 -0.000029 -0.196979 152.867401
35.330799 18.580322 0.880273 -0.000627 -0.000008 -0.196980 153.267380
35.134571 18.619480 0.880351 -0.000582 0.000037 -0.196982 153.667099
34.938343 18.658644 0.880354 -0.000555 0.000056 -0.196982 154.067108
34.742115 18.697815 0.880208 -0.000573 0.000034 -0.196982 154.467117
34.545887 18.736986 0.880084 -0.000600 0.000005 -0.196981 154.867050
34.349659 18.776157 0.880010 -0.000634 -0.000021 -0.196981 155.267090
34.153431 18.815327 0.880056 -0.000686 -0.000022 -0.196981 155.667099
33.957203 18.854492 0.880079 -0.000752 0.000004 -0.196980 156.067078
33.760975 18.893663 0.880014 -0.000851 0.000077 -0.196982 156.467087
33.564747 18.932840 0.879920 -0.000942 0.000176 -0.196981 156.867096
33.366028 18.972263 0.879836 -0.001035 0.000283 -0.168245 157.277130
33.165630 18.992903 0.879806 -0.001077 0.000419 -0.095427 157.687073
32.961681 19.012316 0.879793 -0.001116 0.000417 -0.094900 158.097153
32.757732 19.031710 0.879706 -0.001150 0.000407 -0.094915 158.507095
32.553783 19.051104 0.879603 -0.001186 0.000357 -0.094936 158.917114
32.349834 19.070498 0.879609 -0.001219 0.000301 -0.094960 159.327133
32.145885 19.089891 0.879756 -0.001245 0.000198 -0.094990 159.737122
31.941891 19.109285 0.879912 -0.001242 0.000078 -0.095027 160.147156
31.742764 19.128206 0.879997 -0.001231 -0.000013 -0.095082 160.547089
31.543636 19.147161 0.879982 -0.001206 -0.000116 -0.095119 160.947098
31.344509 19.166162 0.879862 -0.001161 -0.000213 -0.095126 161.347107
31.145382 19.185163 0.879802 -0.001104 -0.000328 -0.095128 161.747055
30.946255 19.204168 0.879807 -0.001051 -0.000462 -0.095130 162.147064
30.747128 19.223166 0.879816 -0.000978 -0.000584 -0.095128 162.547104
30.548000 19.242167 0.879801 -0.000930 -0.000652 -0.095127 162.947083
30.348873 19.261171 0.879767 -0.000889 -0.000629 -0.095130 163.347092
30.149746 19.280172 0.879701 -0.000839 -0.000554 -0.095130 163.747101
29.950619 19.299173 0.879652 -0.000796 -0.000430 -0.095130 164.147125
29.751492 19.318178 0.879600 -0.000779 -0.000268 -0.095131 164.547134
29.552364 19.337183 0.879560 -0.000781 -0.000094 -0.095129 164.947128
29.353237 19.356186 0.879597 -0.000793 0.000118 -0.095131 165.347107
29.154110 19.375191 0.879705 -0.000842 0.000316 -0.095129 165.747055
28.954983 19.394196 0.879819 -0.000876 0.000436 -0.095130 166.147079
28.755856 19.413193 0.879928 -0.000895 0.000475 -0.095128 166.547455
28.555124 19.396656 0.880022 -0.000542 0.000833 0.371661 167.207397
28.375336 19.305424 0.880129 -0.000292 0.000899 0.578614 167.627060
28.217201 19.181602 0.880263 -0.000110 0.000846 0.693558 168.037109
28.063250 19.053885 0.880427 -0.000043 0.000745 0.692779 168.437119
27.909288 18.926168 0.880628 -0.000007 0.000621 0.692830 168.837128
27.751562 18.795259 0.880784 0.000078 0.000443 0.692856 169.247162
27.593872 18.664351 0.880817 0.000218 0.000184 0.692863 169.657104
27.436157 18.533442 0.880751 0.000349 -0.000020 0.692856 170.067093
27.278463 18.402533 0.880351 0.000483 -0.000307 0.692869 170.478165
27.120787 18.271624 0.880052 0.000597 -0.000555 0.692868 170.887085
26.963106 18.140715 0.879716 0.000750 -0.000774 0.692870 171.297150
26.805441 18.009806 0.879436 0.000906 -0.000941 0.692858 171.707138
26.647726 17.878897 0.879209 0.000992 -0.001019 0.692855 172.117126
26.490067 17.747988 0.878960 0.001036 -0.001066 0.692860 172.527084
26.332335 17.617079 0.878703 0.001046 -0.001067 0.692858 172.937134
26.174648 17.486170 0.878492 0.000997 -0.001029 0.692858 173.347061
26.018602 17.355673 0.878327 0.000878 -0.000934 0.744830 173.767105
25.875696 17.212214 0.878204 0.000751 -0.000813 0.788595 174.177124
25.734705 17.070307 0.878068 0.000621 -0.000653 0.788934 174.577148
25.593769 16.928400 0.877974 0.000451 -0.000528 0.788974 174.977097
25.449341 16.782946 0.877961 0.000303 -0.000417 0.788977 175.387070
25.304926 16.637491 0.877983 0.000147 -0.000305 0.788978 175.797150
25.160528 16.492037 0.878012 0.000018 -0.000228 0.788975 176.207092
25.016115 16.346582 0.878005 -0.000073 -0.000180 0.788976 176.617142
24.871716 16.201128 0.877950 -0.000153 -0.000133 0.788973 177.027039
24.727308 16.055674 0.877880 -0.000227 -0.000063 0.788972 177.437180
24.582895 15.910219 0.877845 -0.000262 -0.000023 0.788971 177.847168
24.438486 15.764765 0.877839 -0.000252 -0.000003 0.788970 178.257141
24.294079 15.619310 0.877847 -0.000198 -0.000016 0.788967 178.667389
24.149670 15.473856 0.877859 -0.000084 -0.000029 0.788966 179.077133
24.005266 15.328402 0.877891 -0.000042 0.000008 0.788967 179.487137
23.860859 15.182947 0.877947 0.000020 0.000032 0.788966 179.897110
23.716454 15.037493 0.878011 0.000079 0.000065 0.788967 180.307068
23.572046 14.892038 0.878065 0.000123 0.000090 0.788966 180.717133
23.427639 14.746584 0.878148 0.000190 0.000103 0.788972 181.127075
23.283236 14.601130 0.878222 0.000260 0.000097 0.788971 181.537109
23.138826 14.455675 0.878262 0.000319 0.000082 0.788972 181.947128
22.994417 14.310221 0.878239 0.000378 0.000070 0.788972 182.357162
22.850014 14.164766 0.878209 0.000434 0.000050 0.788977 182.767105
22.705606 14.019312 0.878217 0.000465 0.000055 0.788976 183.177139
22.561195 13.873857 0.878229 0.000483 0.000047 0.788978 183.587112
22.416788 13.728403 0.878212 0.000473 0.000039 0.788980 183.997116
22.272377 13.582949 0.878197 0.000460 0.000029 0.788981 184.407120
22.127974 13.437494 0.878180 0.000464 0.000042 0.788984 184.817108
21.983572 13.292040 0.878163 0.000468 0.000049 0.788985 185.227051
21.839180 13.146585 0.878184 0.000468 0.000063 0.788985 185.637131
21.694767 13.001131 0.878197 0.000465 0.000055 0.788985 186.047089
21.550367 12.855677 0.878236 0.000457 0.000036 0.788986 186.457138
21.405964 12.710222 0.878248 0.000437 0.000013 0.788987 186.867325
21.261562 12.564768 0.878273 0.000429 -0.000005 0.788987 187.277206
21.117163 12.419313 0.878328 0.000426 -0.000050 0.788986 187.687088
20.972759 12.273859 0.878326 0.000424 -0.000074 0.788986 188.097153
20.828358 12.128405 0.878309 0.000418 -0.000097 0.788987 188.507050
20.683960 11.982950 0.878275 0.000304 -0.000036 0.788982 188.917114
20.539557 11.837496 0.878255 -0.000009 0.000155 0.788983 189.327057
20.395144 11.692041 0.878261 -0.000233 0.000258 0.788983 189.737137
20.250746 11.546587 0.878263 -0.000415 0.000275 0.788981 190.147171
20.106340 11.401133 0.878251 -0.000527 0.000246 0.788980 190.557159
19.961929 11.255678 0.878242 -0.000655 0.000218 0.788982 190.967133
19.817522 11.110224 0.878224 -0.000816 0.000164 0.788980 191.377121
19.673117 10.964769 0.878211 -0.000899 0.000081 0.788980 191.787064
19.528713 10.819315 0.878207 -0.000980 -0.000046 0.788980 192.197113
19.384321 10.673861 0.878207 -0.000917 -0.000155 0.788975 192.607132
19.268463 10.509593 0.878180 -0.000871 -0.000011 1.125126 193.127090
19.219530 10.313521 0.878186 -0.000854 0.000172 1.367220 193.627106
19.192154 10.114563 0.878209 -0.001060 0.000579 1.462928 194.047073
19.170036 9.910770 0.878248 -0.001443 0.001125 1.462688 194.457214
19.147976 9.706978 0.878106 -0.001973 0.001658 1.462626 194.867233
19.125858 9.503185 0.877785 -0.002591 0.002077 1.462617 195.277817
19.103729 9.299393 0.877777 -0.003108 0.002024 1.462615 195.687073
19.081596 9.095600 0.877777 -0.003108 0.002024 1.462618 196.097137
19.059464 8.891808 0.877777 -0.003108 0.002024 1.462618 196.507126
19.037334 8.688015 0.877777 -0.003108 0.002024 1.462618 196.917130
19.015198 8.484222 0.877777 -0.003108 0.002024 1.462619 197.327133
18.993069 8.280430 0.877777 -0.003108 0.002024 1.462620 197.737213
18.970938 8.076637 0.877777 -0.003108 0.002024 1.462621 198.147079
18.949680 7.874269 0.877777 -0.003006 0.002173 1.514596 198.567184
18.946920 7.671798 0.877777 -0.002899 0.002313 1.558765 198.977127
18.944536 7.471794 0.877777 -0.002899 0.002314 1.558952 199.377136
18.942137 7.271789 0.877777 -0.002899 0.002314 1.558969 199.777130
18.939774 7.071784 0.877777 -0.002899 0.002314 1.558968 200.177139
18.937405 6.871780 0.877777 -0.002899 0.002314 1.558967 200.577164
18.776306 6.992364 0.877777 -0.000862 0.003607 2.221542 201.827148
18.652122 7.155453 0.877616 -0.002062 0.003876 2.221627 202.237152
18.515768 7.309630 0.877271 -0.002421 0.004319 2.322225 202.667343
18.375801 7.459401 0.876562 -0.002717 0.004032 2.322626 203.077850
18.235821 7.609154 0.876564 -0.002786 0.003646 2.322660 203.487137
18.095840 7.758871 0.876925 -0.002675 0.003062 2.322670 203.897110
17.955860 7.908587 0.877415 -0.002391 0.002324 2.322685 204.307144
17.815880 8.058318 0.877711 -0.001828 0.001417 2.322703 204.717133
17.675900 8.208074 0.877694 -0.000485 0.000067 2.322752 205.127060
17.535919 8.357816 0.877784 0.000681 -0.000785 2.322800 205.537140
17.395939 8.507493 0.877963 0.001479 -0.001075 2.322813 205.947052
17.255959 8.657170 0.878038 0.002108 -0.001009 2.322828 206.357132
17.115978 8.806848 0.878107 0.002744 -0.000921 2.322846 206.767075
16.975998 8.956525 0.878083 0.003203 -0.000951 2.322870 207.177139
16.836018 9.106202 0.878137 0.003396 -0.000783 2.322897 207.587082
16.696037 9.255879 0.878190 0.003450 -0.000455 2.322928 207.997131
16.555998 9.405557 0.878127 0.003474 -0.000128 2.322941 208.407074
16.415960 9.555234 0.878121 0.003429 0.000193 2.322939 208.817108
16.273684 9.701241 0.878092 0.003447 0.000177 2.418170 209.237137
16.118383 9.835049 0.878061 0.003347 0.000333 2.428963 209.647064
15.967016 9.965816 0.878078 0.003172 0.000508 2.428970 210.047150
15.815677 10.096584 0.878086 0.002907 0.000618 2.428968 210.447113
15.664347 10.227352 0.878203 0.002584 0.000634 2.428967 210.847122
15.513015 10.358120 0.878442 0.002369 0.000697 2.428968 211.247192
15.361681 10.488888 0.878596 0.002043 0.000662 2.428968 211.647095
15.210347 10.619656 0.878748 0.001527 0.000365 2.428968 212.047089
15.045995 10.740282 0.878789 0.001076 0.000008 2.530571 212.467422
14.878069 10.857854 0.878626 0.000626 -0.000010 2.530801 212.877167
14.710171 10.975390 0.878543 0.000444 0.000027 2.530799 213.288406
14.542273 11.092927 0.878540 0.000309 0.000054 2.530791 213.697128
14.374374 11.210464 0.878593 0.000245 0.000086 2.530780 214.107071
14.206476 11.328016 0.878617 0.000249 0.000096 2.530772 214.517151
14.038578 11.445568 0.878577 0.000274 0.000083 2.530772 214.927094
13.870680 11.563105 0.878447 0.000325 0.000078 2.530775 215.337143
13.702782 11.680661 0.878278 0.000393 0.000085 2.530779 215.747055
13.534883 11.798213 0.878133 0.000430 0.000115 2.530773 216.157135
13.366985 11.915790 0.877996 0.000468 0.000148 2.530775 216.567154
13.199087 12.033326 0.877868 0.000485 0.000153 2.530773 216.977158
13.031189 12.150894 0.877745 0.000498 0.000163 2.530773 217.387192
12.863291 12.268451 0.877646 0.000482 0.000183 2.530777 217.797195
12.695393 12.385996 0.877574 0.000455 0.000185 2.530774 218.207123
12.527494 12.503548 0.877495 0.000413 0.000198 2.530780 218.617142
12.359596 12.621099 0.877417 0.000370 0.000212 2.530782 219.027069
12.191698 12.738636 0.877442 0.000310 0.000215 2.530774 219.437119
12.021814 12.851296 0.877470 0.000282 0.000184 2.632934 219.857132
11.842631 12.950891 0.877487 0.000238 0.000202 2.632652 220.267227
11.663629 13.050755 0.877642 0.000171 0.000215 2.632621 220.677856
11.484626 13.150618 0.877740 0.000119 0.000187 2.632602 221.087875
11.305623 13.250481 0.877847 0.000076 0.000180 2.632579 221.497131
11.126854 13.341928 0.877929 0.000050 0.000165 2.742959 221.917145
10.938599 13.423061 0.877980 -0.000018 0.000156 2.733633 222.327133
10.750446 13.504391 0.878055 -0.000091 0.000148 2.733575 222.737137
10.562294 13.585720 0.878143 -0.000136 0.000173 2.733573 223.147095
10.374142 13.667049 0.878212 -0.000133 0.000235 2.733571 223.557129
10.185989 13.748379 0.878299 -0.000099 0.000289 2.733567 223.967133
9.997837 13.829708 0.878386 -0.000055 0.000313 2.733563 224.377213
9.809685 13.911037 0.878465 -0.000014 0.000273 2.733557 224.787079
9.621532 13.992367 0.878528 0.000018 0.000193 2.733549 225.197113
9.433380 14.073696 0.878489 0.000042 0.000106 2.733538 225.607117
9.245228 14.155025 0.878361 0.000081 0.000003 2.733526 226.017212
9.057076 14.236355 0.878169 0.000143 -0.000081 2.733512 226.427094
8.868923 14.317684 0.877952 0.000213 -0.000170 2.733498 226.837143
8.680771 14.399014 0.877820 0.000293 -0.000252 2.733479 227.247162
8.494913 14.479351 0.877728 0.000394 -0.000325 2.733457 227.652130
8.309055 14.559697 0.877690 0.000481 -0.000377 2.733431 228.057144
8.120903 14.641060 0.877642 0.000590 -0.000407 2.733430 228.467255
7.932751 14.722425 0.877602 0.000764 -0.000402 2.733430 228.877823
7.744598 14.803789 0.877634 0.000855 -0.000392 2.733430 229.287079
7.556446 14.885156 0.877688 0.000922 -0.000363 2.733429 229.697159
7.368294 14.966522 0.877767 0.000969 -0.000291 2.733431 230.107147
7.180141 15.047885 0.877821 0.000994 -0.000221 2.733431 230.517151
6.991989 15.129250 0.877819 0.001022 -0.000174 2.733432 230.927078
6.803837 15.210618 0.877783 0.001042 -0.000122 2.733432 231.337204
6.615685 15.291983 0.877752 0.001057 -0.000080 2.733433 231.747086
6.427532 15.373349 0.877733 0.001056 -0.000053 2.733434 232.157150
6.239380 15.454714 0.877694 0.001054 -0.000054 2.733434 232.567093
6.051228 15.536080 0.877665 0.001051 -0.000059 2.733436 232.977127
5.863107 15.614822 0.877649 0.001028 -0.000134 2.812194 233.397186
5.667644 15.676612 0.877651 0.001025 -0.000147 2.834863 233.807083
5.472219 15.738469 0.877667 0.001035 -0.000136 2.834990 234.217102
5.276793 15.800326 0.877672 0.001053 -0.000141 2.834980 234.627075
5.329486 15.995200 0.877738 0.000129 -0.000983 -2.103256 236.287125
5.425314 16.173368 0.877748 0.000026 -0.000709 -1.973462 236.707092
5.492160 16.364479 0.877902 0.000003 -0.000478 -1.898932 237.117157
5.556553 16.553841 0.877947 0.000052 -0.000137 -1.898523 237.517136
5.620945 16.743202 0.878001 0.000069 0.000148 -1.898510 237.917145
5.685338 16.932564 0.877930 0.000031 0.000215 -1.898495 238.317108
5.749709 17.121925 0.878022 0.000017 0.000131 -1.898494 238.717209
5.814088 17.311287 0.878108 0.000005 -0.000062 -1.898496 239.117126
5.878459 17.500648 0.878473 -0.000017 -0.000248 -1.898497 239.517136
5.942833 17.690010 0.878680 -0.000012 -0.000430 -1.898497 239.917145
6.007206 17.879372 0.878670 0.000002 -0.000585 -1.898497 240.317123
6.071580 18.068733 0.878429 0.000025 -0.000694 -1.898497 240.717163
6.135955 18.258095 0.878007 0.000014 -0.000674 -1.898498 241.117157
6.200331 18.447456 0.877696 -0.000041 -0.000594 -1.898497 241.517136
6.264704 18.636818 0.877554 -0.000140 -0.000500 -1.898497 241.917145
6.329078 18.826180 0.877502 -0.000269 -0.000426 -1.898498 242.317215
6.393451 19.015541 0.877204 -0.000423 -0.000341 -1.898498 242.717133
6.457827 19.204903 0.876851 -0.000612 -0.000279 -1.898497 243.117142
6.522201 19.394264 0.876535 -0.000810 -0.000254 -1.898497 243.517197
6.586576 19.583626 0.876507 -0.000987 -0.000185 -1.898498 243.917206
6.650952 19.772987 0.876712 -0.001162 -0.000063 -1.898497 244.317123
6.715325 19.962349 0.877021 -0.001312 0.000100 -1.898497 244.717224
6.779699 20.151711 0.877262 -0.001458 0.000339 -1.898497 245.117111
6.844073 20.341072 0.877392 -0.001583 0.000631 -1.898497 245.517151
6.908449 20.530434 0.877626 -0.001714 0.000710 -1.898498 245.917130
6.972825 20.719795 0.877786 -0.001853 0.000605 -1.898498 246.317230
7.037201 20.909157 0.877886 -0.002012 0.000406 -1.898498 246.717133
7.101578 21.098518 0.877862 -0.002146 0.000176 -1.898498 247.117126
7.165954 21.287880 0.877777 -0.002267 0.000013 -1.898498 247.517151
7.239415 21.475777 0.877783 -0.002280 -0.000488 -2.050650 247.947052
7.348417 21.644308 0.877734 -0.002146 -0.000945 -2.208376 248.357147
7.466619 21.805664 0.877673 -0.002084 -0.000914 -2.202805 248.757156
7.584760 21.967102 0.877540 -0.001972 -0.000829 -2.202811 249.157135
7.702911 22.128540 0.877401 -0.001820 -0.000715 -2.202859 249.557159
7.821091 22.289936 0.877362 -0.001643 -0.000613 -2.202854 249.957108
7.939270 22.451345 0.877306 -0.001499 -0.000494 -2.202857 250.357132
8.057449 22.612736 0.877140 -0.001372 -0.000397 -2.202852 250.757126
8.175629 22.774139 0.876972 -0.001252 -0.000341 -2.202851 251.157166
8.293808 22.935555 0.876758 -0.001154 -0.000301 -2.202863 251.557144
8.414942 23.100927 0.876473 -0.001069 -0.000245 -2.202859 251.967148
8.533121 23.262312 0.876377 -0.000973 -0.000197 -2.202861 252.367050
8.651300 23.423700 0.876484 -0.000903 -0.000141 -2.202863 252.767059
8.769480 23.585106 0.876644 -0.000841 -0.000060 -2.202861 253.167099
8.887659 23.746506 0.876842 -0.000799 0.000002 -2.202861 253.567139
8.997241 23.914785 0.876950 -0.000727 0.000143 -2.098341 253.987061
9.101055 24.091551 0.876931 -0.000676 0.000191 -2.101824 254.397156
9.204906 24.268286 0.876933 -0.000624 0.000190 -2.101808 254.807022
9.308704 24.445021 0.876977 -0.000584 0.000165 -2.101800 255.217148
9.412493 24.621756 0.877023 -0.000531 0.000123 -2.101796 255.627060
9.516284 24.798491 0.876979 -0.000469 0.000101 -2.101798 256.037140
9.621345 24.977381 0.876937 -0.000388 0.000106 -2.101796 256.452148
9.726397 25.156271 0.876938 -0.000288 0.000122 -2.101792 256.867249
9.830182 25.333006 0.877046 -0.000162 0.000055 -2.101804 257.277191
9.933966 25.509741 0.877091 -0.000067 0.000006 -2.101799 257.687103
10.037761 25.686476 0.877121 0.000020 0.000002 -2.101796 258.097107
10.141549 25.863211 0.877222 0.000092 -0.000002 -2.101792 258.507172
10.245342 26.039946 0.877327 0.000118 -0.000017 -2.101803 258.917145
10.349116 26.216681 0.877412 0.000121 -0.000047 -2.101802 259.327148
10.451258 26.391485 0.877499 0.000147 -0.000085 -2.046826 259.737152
10.502469 26.591839 0.877563 0.000116 -0.000174 -1.707238 260.267242
10.530081 26.789934 0.877624 0.000062 -0.000185 -1.711159 260.667419
10.558781 26.992945 0.877670 -0.000068 -0.000150 -1.711169 261.077148
10.587481 27.195955 0.877621 -0.000195 -0.000136 -1.711156 261.487122
10.616021 27.398230 0.877369 -0.000347 -0.000094 -1.699005 261.897125
10.626065 27.602694 0.877194 -0.000514 0.000046 -1.610129 262.317169
10.633714 27.806087 0.877068 -0.000695 0.000214 -1.570288 262.727112
10.592516 28.001865 0.876965 -0.000745 0.000574 -1.322862 263.237152
10.543635 28.195805 0.876917 -0.000905 0.000849 -1.323714 263.637146
10.488883 28.394278 0.876998 -0.000938 0.001254 -1.223472 264.067261
10.404746 28.576712 0.877044 -0.000861 0.001557 -1.119142 264.477173
10.315248 28.761120 0.877333 -0.000888 0.001678 -1.118973 264.887177
10.225731 28.945518 0.877721 -0.000831 0.001633 -1.118991 265.297119
10.136223 29.129917 0.878167 -0.000742 0.001535 -1.118988 265.707092
10.046736 29.314316 0.878676 -0.000655 0.001393 -1.118987 266.117157
9.957255 29.498714 0.879053 -0.000528 0.001217 -1.118988 266.527069
9.867773 29.683113 0.879341 -0.000362 0.001019 -1.118988 266.937134
9.778293 29.867512 0.879716 -0.000201 0.000811 -1.118989 267.347046
9.688816 30.051910 0.880112 -0.000067 0.000585 -1.118990 267.757111
9.599337 30.236309 0.880263 0.000034 0.000342 -1.118992 268.167084
9.509860 30.420708 0.880233 0.000132 0.000067 -1.118993 268.577118
9.420382 30.605106 0.879975 0.000266 -0.000232 -1.118994 268.987061
9.330907 30.789505 0.879628 0.000423 -0.000560 -1.118994 269.397125
9.241431 30.973904 0.879275 0.000577 -0.000883 -1.118996 269.807098
9.151956 31.158302 0.878918 0.000695 -0.001185 -1.118997 270.217163
9.062475 31.342701 0.878546 0.000801 -0.001410 -1.118997 270.627075
9.012684 31.541056 0.878036 0.001374 -0.001055 -1.480889 271.167053
9.003415 31.740864 0.877739 0.001494 -0.000891 -1.528041 271.567078
9.007191 31.944622 0.877492 0.001658 -0.000593 -1.639357 271.987122
9.020375 32.144207 0.877279 0.001740 -0.000459 -1.636685 272.387177
9.033543 32.343792 0.877095 0.001804 -0.000268 -1.636648 272.787048
9.046708 32.543377 0.877004 0.001872 -0.000071 -1.636649 273.187073
9.059868 32.742962 0.877060 0.001890 0.000084 -1.636647 273.587097
9.038917 32.944588 0.877123 0.001871 -0.000367 -1.313942 274.117126
8.965383 33.133160 0.877142 0.001785 -0.000623 -1.122566 274.537201
8.877519 33.318302 0.877174 0.001783 -0.000503 -1.128390 274.947052
8.789777 33.503483 0.877207 0.001741 -0.000431 -1.128440 275.357147
8.702035 33.688663 0.877204 0.001700 -0.000355 -1.128463 275.767090
8.606249 33.865105 0.877144 0.001639 -0.000426 -1.022021 276.187073
8.499851 34.040260 0.877067 0.001623 -0.000315 -1.025214 276.597137
8.407670 34.222878 0.876997 0.001608 0.000081 -1.212961 277.027069
8.353867 34.416355 0.876927 0.001531 0.000316 -1.329696 277.437103
8.309937 34.615398 0.87