176.500000 0.000000 0.000000 0.049954
192.875000 0.000000 0.000000 0.260014
205.000000 0.205000 0.000000 0.449965
215.875000 0.205000 0.234000 0.649962
223.250000 0.205000 0.234000 0.849941
224.375000 0.405559 0.234000 1.060032
230.875000 0.405559 0.234000 1.249978
239.625000 0.405559 0.234000 1.450007
250.500000 0.609158 0.144000 1.649956
260.250000 0.609158 0.144000 1.849963
269.750000 0.812331 0.144000 2.049969
281.375000 0.812331 0.144000 2.249958
293.125000 1.017331 0.144000 2.449990
299.500000 1.017331 0.158000 2.649940
305.125000 1.222331 0.158000 2.849943
318.000000 1.222331 0.158000 3.049965
327.375000 1.427330 0.158000 3.260023
336.750000 1.427330 0.158000 3.460026
343.375000 1.632329 0.161000 3.649950
356.250000 1.632329 0.161000 3.849974
373.625000 1.832433 0.161000 4.049947
389.250000 1.832433 0.161000 4.260012
407.875000 2.032445 0.161000 4.460019
425.125000 2.032445 0.174000 4.649954
440.500000 2.232456 0.174000 4.849940
453.750000 2.232456 0.174000 5.049945
467.750000 2.432463 0.174000 5.249946
479.625000 2.432463 0.174000 5.449968
490.125000 2.632468 0.184000 5.649987
499.625000 2.632468 0.184000 5.849968
508.750000 2.832475 0.184000 6.049978
516.250000 2.832475 0.184000 6.249968
524.000000 3.032482 0.184000 6.449985
531.750000 3.032482 0.175000 6.649966
539.375000 3.232488 0.175000 6.860035
546.875000 3.232488 0.175000 7.049965
553.875000 3.432494 0.175000 7.249944
562.500000 3.432494 0.175000 7.449960
569.500000 3.632501 0.180000 7.649974
575.875000 3.632501 0.180000 7.849965
584.750000 3.832509 0.180000 8.049976
589.375000 3.832509 0.180000 8.249978
595.375000 4.036475 0.180000 8.449971
600.750000 4.036475 0.186000 8.649970
606.875000 4.236484 0.186000 8.849970
614.875000 4.236484 0.186000 9.049984
621.250000 4.436498 0.186000 9.249966
629.750000 4.436498 0.186000 9.449940
636.250000 4.636510 0.193000 9.649988
640.750000 4.636510 0.193000 9.849973
648.875000 4.836529 0.193000 10.049976
653.875000 4.836529 0.193000 10.249990
661.750000 5.036550 0.193000 10.460043
664.625000 5.036550 0.174000 10.649970
674.750000 5.236570 0.174000 10.849957
679.000000 5.236570 0.174000 11.049991
681.875000 5.436590 0.174000 11.259989
684.750000 5.436590 0.174000 11.449955
695.250000 5.636603 0.180000 11.649981
704.250000 5.636603 0.180000 11.849964
706.875000 5.841601 0.180000 12.049961
710.750000 5.841601 0.180000 12.249945
719.625000 6.041606 0.180000 12.449968
724.250000 6.041606 0.195000 12.649977
728.625000 6.241620 0.195000 12.849974
733.000000 6.241620 0.195000 13.049946
746.125000 6.441633 0.195000 13.259995
751.125000 6.441633 0.195000 13.480223
755.750000 6.641643 0.195000 13.680241
763.250000 6.641643 0.195000 13.890314
765.500000 6.841654 0.195000 14.090292
768.875000 6.841654 0.195000 14.300445
776.375000 7.041664 0.888000 14.489958
785.375000 7.041664 0.888000 14.689960
789.625000 7.241673 0.888000 14.889962
795.125000 7.241673 0.888000 15.089961
805.000000 7.441689 0.888000 15.289968
808.125000 7.441689 0.888000 15.489983
810.250000 7.641698 0.266000 15.689960
812.750000 7.641698 0.266000 15.889975
819.500000 7.843340 0.266000 16.089981
826.250000 7.843340 0.266000 16.289989
831.000000 8.043358 0.266000 16.490028
836.875000 8.043358 0.232000 16.689962
841.500000 8.243380 0.232000 16.889980
844.875000 8.243380 0.232000 17.089960
848.125000 8.443402 0.232000 17.289982
854.000000 8.443402 0.232000 17.489986
862.750000 8.643424 0.233000 17.689966
866.125000 8.643424 0.233000 17.889942
871.625000 8.843445 0.233000 18.089970
878.375000 8.843445 0.233000 18.289974
882.125000 9.043465 0.233000 18.510262
884.250000 9.043465 0.233000 18.700394
889.000000 9.243485 0.233000 18.900288
894.250000 9.243485 0.233000 19.100166
902.500000 9.443505 0.233000 19.300318
907.875000 9.443505 1.065000 19.500025
914.125000 9.643524 1.065000 19.700039
920.000000 9.643524 1.065000 19.900017
922.500000 9.843542 1.065000 20.099991
926.375000 9.843542 1.065000 20.300053
931.000000 10.043560 1.065000 20.500025
937.875000 10.043560 0.294000 20.689947
941.125000 10.243578 0.294000 20.899992
946.500000 10.243578 0.294000 21.099998
951.750000 10.443597 0.294000 21.300039
957.000000 10.443597 0.294000 21.500046
962.250000 10.643616 0.262000 21.700008
969.000000 10.643616 0.262000 21.900038
974.625000 10.643616 0.262000 22.100031
980.125000 10.643616 0.262000 22.300026
987.250000 10.843853 0.262000 22.500019
995.250000 10.843853 0.251000 22.699995
1002.000000 11.043860 0.251000 22.900026
1011.250000 11.043860 0.251000 23.100021
1025.875000 11.243881 0.251000 23.300018
1034.750000 11.243881 0.251000 23.510452
1043.125000 11.443923 0.251000 23.710243
1051.875000 11.443923 0.251000 23.910278
1061.625000 11.643966 0.251000 24.110233
1073.500000 11.643966 0.251000 24.310261
1086.875000 11.844825 1.119000 24.500029
1097.500000 11.844825 1.119000 24.700014
1106.750000 12.044839 1.119000 24.900013
1118.875000 12.044839 1.119000 25.099997
1129.875000 12.249838 1.119000 25.299997
1141.875000 12.249838 1.119000 25.499998
1156.125000 12.454836 1.119000 25.700016
1166.875000 12.454836 0.354000 25.900007
1181.625000 12.659833 0.354000 26.100006
1193.250000 12.659833 0.354000 26.300066
1203.125000 12.864830 0.354000 26.500023
1212.625000 12.864830 0.311000 26.700041
1218.125000 13.069827 0.311000 26.900024
1224.375000 13.069827 0.311000 27.099991
1232.125000 13.274824 0.311000 27.300022
1240.250000 13.274824 0.311000 27.500029
1248.000000 13.479813 0.337000 27.700043
1255.500000 13.479813 0.337000 27.900024
1265.000000 13.684803 0.337000 28.100029
1271.375000 13.684803 0.337000 28.300011
1277.875000 13.889787 0.337000 28.510340
1284.125000 13.889787 0.337000 28.720432
1289.375000 14.094766 0.337000 28.920454
1292.875000 14.094766 0.337000 29.110291
1297.125000 14.299749 0.337000 29.310240
1303.500000 14.299749 0.337000 29.500021
1308.375000 14.500684 1.181000 29.700029
1315.375000 14.500684 1.181000 29.900068
1320.875000 14.700685 1.181000 30.100010
1328.500000 14.700685 1.181000 30.300037
1337.875000 14.900695 1.181000 30.500023
1343.625000 14.900695 0.304000 30.700003
1348.125000 15.100705 0.304000 30.900024
1352.750000 15.100705 0.304000 31.100021
1358.375000 15.300715 0.304000 31.300022
1366.375000 15.300715 0.304000 31.500040
1373.500000 15.500726 0.304000 31.700035
1379.000000 15.500726 0.362000 31.900023
1383.500000 15.700736 0.362000 32.100044
1386.750000 15.700736 0.362000 32.300018
1393.125000 15.900746 0.362000 32.500011
1399.000000 15.900746 0.306000 32.700027
1404.250000 16.104649 0.306000 32.899990
1410.375000 16.104649 0.306000 33.100033
1413.875000 16.104649 0.306000 33.299995
1419.875000 16.312149 0.306000 33.500027
1423.875000 16.312149 0.340000 33.700058
1429.250000 16.512180 0.340000 33.900021
1432.250000 16.512180 0.340000 34.099995
1436.625000 16.715561 0.340000 34.300072
1444.500000 16.715561 0.340000 34.500027
1454.250000 16.920559 0.281000 34.700027
1460.000000 16.920559 0.281000 34.900021
1465.375000 17.125546 0.281000 35.100018
1471.000000 17.125546 0.281000 35.299999
1479.125000 17.330523 0.281000 35.510262
1485.000000 17.330523 0.281000 35.720524
1489.000000 17.535488 0.281000 35.910599
1492.125000 17.535488 0.281000 36.120678
1497.375000 17.740456 0.281000 36.320518
1504.625000 17.740456 1.097000 36.510185
1510.750000 17.941668 1.097000 36.710186
1516.250000 17.941668 1.097000 36.910149
1520.375000 18.143030 1.097000 37.110153
1528.625000 18.143030 1.097000 37.310146
1537.000000 18.348019 1.097000 37.510181
1541.375000 18.348019 0.260000 37.710144
1547.750000 18.548035 0.260000 37.910133
1550.625000 18.548035 0.260000 38.110165
1555.125000 18.748058 0.260000 38.310139
1561.250000 18.748058 0.260000 38.510139
1569.125000 18.948067 0.331000 38.710201
1574.500000 18.948067 0.331000 38.910130
1578.125000 19.152695 0.331000 39.110191
1582.625000 19.152695 0.331000 39.310146
1590.125000 19.357691 0.331000 39.510136
1597.750000 19.357691 0.246000 39.710163
1604.000000 19.557707 0.246000 39.910137
1608.000000 19.557707 0.246000 40.110176
1611.500000 19.757727 0.246000 40.310181
1617.500000 19.757727 0.246000 40.542549
1624.250000 19.957745 0.246000 40.752338
1631.250000 19.957745 0.246000 40.962242
1637.375000 20.157770 0.246000 41.162495
1645.625000 20.157770 0.246000 41.372345
1656.875000 20.357805 1.083000 41.552101
1662.375000 20.357805 1.083000 41.752022
1669.500000 20.557840 1.083000 41.952057
1671.750000 20.557840 1.083000 42.152031
1677.000000 20.757875 1.083000 42.352028
1685.375000 20.757875 1.083000 42.552078
1691.125000 20.957911 0.332000 42.752052
1696.500000 20.957911 0.332000 42.952030
1702.250000 21.157946 0.332000 43.152023
1712.000000 21.157946 0.332000 43.352028
1716.000000 21.357981 0.332000 43.552002
1721.500000 21.357981 0.333000 43.752048
1728.875000 21.562967 0.333000 43.952003
1735.750000 21.562967 0.333000 44.152050
1739.750000 21.767942 0.333000 44.352001
1745.250000 21.767942 0.333000 44.552036
1748.875000 21.767942 0.256000 44.752018
1749.625000 21.969109 0.256000 44.952026
1752.500000 21.969109 0.256000 45.152054
1754.375000 21.969109 0.256000 45.352005
1765.625000 22.171259 0.256000 45.552010
1771.500000 22.171259 0.334000 45.752060
1776.875000 22.375748 0.334000 45.952023
1780.125000 22.375748 0.334000 46.152004
1783.375000 22.580189 0.334000 46.352058
1795.375000 22.580189 0.334000 46.552025
1799.125000 22.780199 0.323000 46.752037
1803.250000 22.780199 0.323000 46.952030
1807.500000 22.980209 0.323000 47.152027
1812.500000 22.980209 0.323000 47.352024
1823.375000 23.180220 0.323000 47.572418
1828.250000 23.180220 0.323000 47.772297
1831.750000 23.380230 0.323000 47.972443
1835.500000 23.380230 0.323000 48.172226
1838.250000 23.580240 0.323000 48.383434
1848.375000 23.580240 1.004000 48.562984
1852.750000 23.780251 1.004000 48.762966
1858.625000 23.780251 1.004000 48.962963
1863.250000 23.980261 1.004000 49.162937
1865.000000 23.980261 1.004000 49.363014
1875.625000 24.180271 1.004000 49.562962
1879.000000 24.180271 0.339000 49.762947
1886.625000 24.380281 0.339000 49.962940
1894.375000 24.380281 0.339000 50.162949
1899.875000 24.583290 0.339000 50.362984
1904.875000 24.583290 0.339000 50.563026
1912.250000 24.786251 0.359000 50.762970
1918.250000 24.786251 0.359000 50.962959
1925.625000 24.991245 0.359000 51.162971
1933.000000 24.991245 0.359000 51.362957
1936.500000 25.196241 0.359000 51.562969
1939.750000 25.196241 0.361000 51.762939
1945.500000 25.401237 0.361000 51.962978
1952.375000 25.401237 0.361000 52.162960
1958.500000 25.606232 0.361000 52.362976
1963.250000 25.606232 0.361000 52.562984
1967.375000 25.810186 0.267000 52.762974
1972.875000 25.810186 0.267000 52.962955
1980.625000 26.010983 0.267000 53.162960
1986.000000 26.010983 0.267000 53.362984
1992.500000 26.210989 0.267000 53.562996
1997.625000 26.210989 0.373000 53.762939
2005.625000 26.410997 0.373000 53.962929
2012.750000 26.410997 0.373000 54.162949
2020.750000 26.611017 0.373000 54.362968
2027.750000 26.611017 0.373000 54.583241
2031.750000 26.811039 0.373000 54.773281
2035.500000 26.811039 0.373000 54.983196
2041.000000 27.014997 0.373000 55.183338
2048.875000 27.014997 0.373000 55.378197
2054.625000 27.217505 1.189000 55.567924
2058.875000 27.217505 1.189000 55.767914
2063.125000 27.417553 1.189000 55.967915
2068.500000 27.417553 1.189000 56.167896
2073.875000 27.617601 1.189000 56.367893
2082.500000 27.617601 1.189000 56.567913
2086.875000 27.817650 0.371000 56.767902
2091.750000 27.817650 0.371000 56.967918
2096.000000 27.817650 0.371000 57.167931
2102.375000 28.022179 0.371000 57.367901
2105.750000 28.022179 0.371000 57.567890
2113.000000 28.227179 0.273000 57.767944
2118.125000 28.227179 0.273000 57.967907
2123.000000 28.431007 0.273000 58.167934
2126.250000 28.431007 0.273000 58.367924
2131.250000 28.635998 0.273000 58.567913
2134.750000 28.635998 0.274000 58.767910
2138.000000 28.839790 0.274000 58.967884
2143.875000 28.839790 0.274000 59.167877
2149.750000 29.044777 0.274000 59.367928
2152.750000 29.044777 0.274000 59.567917
2156.250000 29.249702 0.394000 59.767906
2159.250000 29.249702 0.394000 59.967880
2161.125000 29.249702 0.394000 60.167892
2167.125000 29.450157 0.394000 60.367912
2172.375000 29.450157 0.394000 60.588188
2176.000000 29.651760 0.394000 60.788170
2177.750000 29.651760 0.394000 60.998543
2182.625000 29.852556 0.394000 61.208294
2188.000000 29.852556 0.394000 61.408203
2189.750000 29.852556 1.007000 61.597939
2195.375000 30.053453 1.007000 61.797989
2198.000000 30.053453 1.007000 61.998024
2201.500000 30.253515 1.007000 62.197994
2203.250000 30.253515 1.007000 62.397972
2205.625000 30.453583 1.007000 62.598022
2210.625000 30.453583 0.277000 62.797958
2213.375000 30.653650 0.277000 62.997967
2215.750000 30.653650 0.277000 63.197998
2221.750000 30.853718 0.277000 63.398003
2224.500000 30.853718 0.277000 63.597977
2227.875000 31.056286 0.277000 63.797951
2229.375000 31.056286 0.277000 63.997982
2231.875000 31.256353 0.277000 64.197929
2237.875000 31.256353 0.277000 64.397980
2239.875000 31.456421 0.277000 64.598007
2243.375000 31.456421 0.266000 64.797989
2245.500000 31.659830 0.266000 64.998016
2248.375000 31.659830 0.266000 65.197968
2250.875000 31.864801 0.266000 65.397995
2253.500000 31.864801 0.266000 65.598022
2254.625000 32.069736 0.347000 65.797974
2259.250000 32.069736 0.347000 65.997963
2263.125000 32.274670 0.347000 66.197975
2264.750000 32.274670 0.347000 66.397980
2265.375000 32.477913 0.347000 66.597992
2269.375000 32.477913 0.346000 66.797997
2273.125000 32.681393 0.346000 66.997978
2275.625000 32.681393 0.346000 67.197952
2277.250000 32.881454 0.346000 67.397964
2278.500000 32.881454 0.346000 67.598000
2282.375000 33.081516 0.363000 67.797951
2286.875000 33.081516 0.363000 67.997963
2290.000000 33.281578 0.363000 68.197952
2291.250000 33.281578 0.363000 68.397980
2292.250000 33.481640 0.363000 68.608253
2295.250000 33.481640 0.363000 68.808243
2297.875000 33.681702 0.363000 69.018082
2301.000000 33.681702 0.363000 69.218285
2303.250000 33.886650 0.363000 69.408333
2305.000000 33.886650 1.083000 69.597969
2309.000000 34.091564 1.083000 69.797966
2310.750000 34.091564 1.083000 69.997986
2313.000000 34.296478 1.083000 70.197937
2316.750000 34.296478 1.083000 70.397942
2318.875000 34.501392 1.083000 70.597946
2322.625000 34.501392 0.366000 70.797951
2324.125000 34.705265 0.366000 70.997971
2326.250000 34.705265 0.366000 71.197960
2326.875000 34.905273 0.366000 71.398033
2331.875000 34.905273 0.366000 71.597977
2333.500000 35.105343 0.291000 71.797951
2335.000000 35.105343 0.291000 71.997978
2336.250000 35.305401 0.291000 72.198006
2338.000000 35.305401 0.291000 72.397957
2342.250000 35.505459 0.245000 72.597969
2342.875000 35.505459 0.245000 72.798019
2344.500000 35.705517 0.245000 72.997971
2345.625000 35.705517 0.245000 73.197952
2347.000000 35.909336 0.245000 73.397964
2350.125000 35.909336 0.245000 73.597954
2352.375000 36.114334 0.302000 73.797951
2353.125000 36.114334 0.302000 73.997978
2353.875000 36.314350 0.302000 74.197975
2354.875000 36.314350 0.302000 74.397987
2356.250000 36.514366 0.241000 74.597961
2357.750000 36.514366 0.241000 74.797928
2360.750000 36.714382 0.241000 74.997932
2362.375000 36.714382 0.241000 75.198013
2363.125000 36.914398 0.241000 75.397926
2364.000000 36.914398 0.241000 75.597969
2365.375000 37.114414 0.297000 75.797966
2367.500000 37.114414 0.297000 75.997986
2369.875000 37.314430 0.297000 76.197975
2372.125000 37.314430 0.297000 76.397987
2373.250000 37.514435 0.297000 76.597961
2374.125000 37.514435 0.306000 76.797951
2375.250000 37.514435 0.306000 76.997940
2376.250000 37.719406 0.306000 77.197937
2378.625000 37.719406 0.306000 77.397972
2380.625000 37.921879 0.306000 77.597977
2381.750000 37.921879 0.314000 77.797981
2382.750000 38.124348 0.314000 77.997932
2384.125000 38.124348 0.314000 78.197929
2385.375000 38.328209 0.314000 78.398010
2386.375000 38.328209 0.314000 78.608269
2389.500000 38.528244 0.314000 78.818184
2390.375000 38.528244 0.314000 79.018181
2391.875000 38.728298 0.314000 79.228203
2392.750000 38.728298 0.993000 79.428169
2393.750000 38.928352 0.993000 79.627876
2397.000000 38.928352 0.993000 79.827896
2398.125000 39.132919 0.993000 80.027893
2398.750000 39.132919 0.993000 80.227898
2399.750000 39.334522 0.993000 80.427902
2400.625000 39.334522 0.993000 80.627884
2403.500000 39.534534 0.306000 80.827888
2404.625000 39.534534 0.306000 81.027977
2405.125000 39.734592 0.306000 81.227890
2407.375000 39.734592 0.306000 81.427917
2407.875000 39.934650 0.245000 81.627907
2411.125000 39.934650 0.245000 81.827881
2412.500000 40.134708 0.245000 82.027885
2412.875000 40.134708 0.245000 82.227921
2414.125000 40.334782 0.245000 82.427933
2414.500000 40.334782 0.244000 82.627930
2418.000000 40.534859 0.244000 82.838600
2418.375000 40.534859 0.244000 83.030258
2418.875000 40.734936 0.244000 83.230286
2419.750000 40.734936 0.244000 83.430298
2421.375000 40.935013 0.250000 83.630318
2423.500000 40.935013 0.250000 83.830276
2425.750000 41.135090 0.250000 84.030281
2426.500000 41.135090 0.250000 84.230247
2427.375000 41.335163 0.250000 84.430244
2427.875000 41.335163 0.275000 84.630272
2429.500000 41.535236 0.275000 84.830269
2430.250000 41.535236 0.275000 85.030273
2431.000000 41.735313 0.275000 85.230247
2431.500000 41.735313 0.275000 85.430283
2432.500000 41.935387 0.275000 85.630325
2433.000000 41.935387 0.335000 85.830276
2434.125000 42.135460 0.335000 86.030289
2434.625000 42.135460 0.335000 86.230278
2434.750000 42.336777 0.335000 86.430290
2435.625000 42.336777 0.253000 86.630348
2436.250000 42.541519 0.253000 86.830269
2437.750000 42.541519 0.253000 87.030281
2439.000000 42.741558 0.253000 87.230293
2439.625000 42.741558 0.253000 87.430244
2440.250000 42.941597 0.253000 87.630280
2441.125000 42.941597 0.302000 87.830254
2442.500000 43.141636 0.302000 88.030319
2443.750000 43.141636 0.302000 88.230309
2444.750000 43.341675 0.302000 88.430313
2445.500000 43.341675 0.258000 88.630325
2445.750000 43.541714 0.258000 88.830269
2446.875000 43.541714 0.258000 89.030304
2448.125000 43.741753 0.258000 89.230301
2449.125000 43.741753 0.258000 89.430305
2449.500000 43.941792 0.258000 89.645485
2449.625000 43.941792 0.258000 89.840744
2450.375000 44.141834 0.258000 90.055763
2450.875000 44.141834 0.783000 90.255577
2451.750000 44.141834 0.783000 90.445724
2452.375000 44.346092 0.783000 90.645325
2452.750000 44.346092 0.309000 90.845337
2453.250000 44.546745 0.309000 91.045387
2454.750000 44.546745 0.309000 91.245415
2455.125000 44.748707 0.309000 91.445389
2456.500000 44.748707 0.309000 91.645355
2456.875000 44.953701 0.360000 91.845337
2457.125000 44.953701 0.360000 92.045349
2459.000000 45.154510 0.360000 92.245338
2459.625000 45.154510 0.360000 92.445335
2460.250000 45.354534 0.211000 92.645340
2460.500000 45.354534 0.211000 92.845345
2461.000000 45.554573 0.211000 93.045311
2461.750000 45.554573 0.211000 93.245354
2462.250000 45.754646 0.211000 93.445335
2462.375000 45.754646 0.228000 93.645332
2463.625000 45.958672 0.228000 93.865379
2465.125000 45.958672 0.228000 94.045380
2465.625000 46.159397 0.228000 94.245338
2466.000000 46.159397 0.228000 94.445374
2466.125000 46.359436 0.228000 94.645401
2466.375000 46.359436 0.316000 94.845383
2467.000000 46.559540 0.316000 95.045364
2468.125000 46.559540 0.316000 95.245369
2469.125000 46.759644 0.316000 95.445374
2469.500000 46.759644 0.214000 95.645340
2469.875000 46.959747 0.214000 95.845352
2470.250000 46.959747 0.214000 96.045372
2471.500000 47.159882 0.214000 96.245392
2471.500000 47.159882 0.214000 96.445305
2472.250000 47.360043 0.259000 96.645355
2472.875000 47.360043 0.259000 96.845306
2473.250000 47.560196 0.259000 97.045357
2473.500000 47.560196 0.259000 97.245308
2473.875000 47.760345 0.259000 97.475891
2474.625000 47.760345 0.259000 97.809204
2475.375000 47.960487 0.259000 98.194206
2475.500000 47.960487 0.733000 98.498352
2475.875000 47.960487 0.733000 98.698296
2476.750000 48.160633 0.733000 98.898315
2477.125000 48.160633 0.733000 99.098320
2478.625000 48.360786 0.733000 99.298302
2479.125000 48.360786 0.733000 99.498260
2479.500000 48.560936 0.297000 99.708275
2480.125000 48.560936 0.297000 99.908257
2480.500000 48.761089 0.297000 100.108261
2480.625000 48.761089 0.297000 100.308281
2481.500000 48.961250 0.297000 100.508247
2481.875000 49.161400 0.234000 100.718315
2482.375000 49.161400 0.234000 100.918297
2482.625000 49.361561 0.234000 101.118347
2483.250000 49.361561 0.234000 101.318306
2484.000000 49.561710 0.234000 101.518311
2484.500000 49.561710 0.330000 101.718307
2484.875000 49.561710 0.330000 101.918343
2485.125000 49.765675 0.330000 102.118340
2485.500000 49.765675 0.330000 102.318306
2486.000000 49.966557 0.330000 102.599167
2486.375000 49.966557 0.330000 102.901772
2486.750000 50.166687 0.330000 103.227440
2487.000000 50.166687 0.923000 103.449318
2487.625000 50.369320 0.923000 103.664162
2487.875000 50.369320 0.923000 103.864182
2488.500000 50.569447 0.923000 104.054138
2489.000000 50.569447 0.923000 104.264145
2489.125000 50.769577 0.923000 104.454140
2489.750000 50.769577 0.291000 104.664131
2489.875000 50.969707 0.291000 104.864174
2490.125000 50.969707 0.291000 105.054131
2491.000000 51.169838 0.291000 105.264099
2491.375000 51.169838 0.291000 105.464180
2491.750000 51.369968 0.291000 105.664162
2492.250000 51.369968 0.316000 105.864136
2492.375000 51.570095 0.316000 106.064140
2492.875000 51.570095 0.316000 106.274139
2494.000000 51.770222 0.316000 106.474113
2494.250000 51.770222 0.258000 106.674133
2494.375000 51.970352 0.258000 106.884148
2494.375000 51.970352 0.258000 107.084114
2494.625000 52.170483 0.258000 107.284119
2495.000000 52.170483 0.258000 107.549438
2495.125000 52.370613 0.258000 107.848015
2495.625000 52.370613 0.560000 108.157806
2495.750000 52.570744 0.560000 108.465294
2496.250000 52.570744 0.560000 108.625656
2496.875000 52.570744 0.329000 108.825661
2497.000000 52.773373 0.329000 109.025688
2497.250000 52.773373 0.329000 109.225662
2497.375000 52.978504 0.329000 109.426537
2498.000000 52.978504 0.329000 109.625671
2498.375000 53.178635 0.327000 109.835655
2498.375000 53.178635 0.327000 110.035652
2498.750000 53.383770 0.327000 110.235588
2499.000000 53.383770 0.327000 110.435600
2499.500000 53.583900 0.196000 110.635605
2499.500000 53.583900 0.196000 110.835609
2499.750000 53.789032 0.196000 111.035599
2499.875000 53.789032 0.196000 111.235603
2500.125000 53.989162 0.196000 111.435577
2500.500000 53.989162 0.196000 111.635620
2500.500000 54.189293 0.196000 111.835579
2500.625000 54.189293 0.196000 112.035614
2500.750000 54.189293 0.196000 112.235588
2501.000000 54.390789 0.196000 112.435577
2501.250000 54.390789 0.196000 112.650856
2501.750000 54.592941 0.196000 112.855942
2502.250000 54.592941 0.391000 113.060753
2502.250000 54.792976 0.391000 113.265877
2502.250000 54.792976 0.391000 113.465851
2502.250000 54.993057 0.292000 113.665619
2502.375000 54.993057 0.292000 113.865578
2503.125000 55.193218 0.292000 114.065575
2504.000000 55.193218 0.292000 114.265572
2504.500000 55.393356 0.292000 114.465614
2504.500000 55.393356 0.175000 114.665642
2504.625000 55.594269 0.175000 114.865593
2504.625000 55.594269 0.175000 115.065605
2505.125000 55.799267 0.175000 115.265587
2505.875000 55.799267 0.175000 115.465614
2506.125000 55.999275 0.176000 115.665588
2506.125000 55.999275 0.176000 115.865601
2506.250000 56.199284 0.176000 116.065590
2506.250000 56.199284 0.176000 116.265625
2506.625000 56.399292 0.176000 116.465622
2507.500000 56.399292 0.175000 116.665619
2507.500000 56.599300 0.175000 116.865562
2507.500000 56.599300 0.175000 117.065590
2507.500000 56.799309 0.175000 117.265572
2508.000000 56.799309 0.175000 117.465599
2508.750000 57.004318 0.175000 117.680939
2508.750000 57.004318 0.263000 117.880875
2508.875000 57.204327 0.263000 118.080795
2509.125000 57.204327 0.263000 118.280861
2509.250000 57.404335 0.263000 118.475922
2509.375000 57.404335 0.263000 118.665588
2510.000000 57.604343 0.308000 118.865562
2510.000000 57.604343 0.308000 119.065552
2510.000000 57.809334 0.308000 119.265549
2510.125000 57.809334 0.308000 119.465569
2510.250000 58.014290 0.186000 119.665565
2511.125000 58.014290 0.186000 119.865547
2511.750000 58.219234 0.186000 120.065598
2512.000000 58.219234 0.186000 120.265587
2512.000000 58.424171 0.186000 120.465561
2512.000000 58.424171 0.186000 120.665573
2512.250000 58.629112 0.186000 120.865570
2513.250000 58.629112 0.186000 121.065582
2513.250000 58.834053 0.186000 121.265564
2513.500000 58.834053 0.186000 121.465614
2513.500000 59.038990 0.181000 121.665588
2513.500000 59.038990 0.181000 121.865578
2513.625000 59.243935 0.181000 122.065598
2513.750000 59.243935 0.181000 122.265572
2513.750000 59.448872 0.181000 122.465614
2514.375000 59.448872 0.181000 122.680916
2514.625000 59.651318 0.301000 122.881386
2514.750000 59.651318 0.301000 123.081406
2515.125000 59.853752 0.301000 123.271347
2515.125000 59.853752 0.301000 123.473495
2515.375000 59.853752 0.301000 123.661896
2515.500000 60.054958 0.344000 123.861847
2515.500000 60.054958 0.344000 124.061897
2515.625000 60.256454 0.344000 124.261841
2516.625000 60.256454 0.344000 124.461884
2516.750000 60.460945 0.217000 124.661873
2518.000000 60.460945 0.217000 124.861847
2518.625000 60.665886 0.217000 125.061852
2518.750000 60.665886 0.217000 125.261879
2518.750000 60.870827 0.217000 125.461853
2519.375000 60.870827 0.182000 125.661827
2519.750000 60.870827 0.182000 125.861847
2520.125000 60.870827 0.182000 126.061844
2520.125000 60.870827 0.182000 126.261879
2520.125000 60.870827 0.182000 126.461868
2520.750000 60.870827 0.180000 126.661858
2521.000000 61.073605 0.180000 126.861885
2521.000000 61.073605 0.180000 127.061882
2521.125000 61.278545 0.180000 127.261871
2521.125000 61.278545 0.180000 127.461853
2521.125000 61.483486 0.180000 127.682175
2521.125000 61.483486 0.232000 127.892113
2521.125000 61.684643 0.232000 128.102432
2521.125000 61.684643 0.232000 128.301682
2521.125000 61.887108 0.232000 128.491409
2521.125000 61.887108 0.234000 128.691177
2521.250000 61.887108 0.234000 128.891144
2521.250000 62.094479 0.234000 129.091156
2521.375000 62.094479 0.234000 129.291199
2521.375000 62.299351 0.234000 129.491180
2521.500000 62.299351 0.187000 129.691193
2521.500000 62.500126 0.187000 129.891144
2521.500000 62.500126 0.187000 130.091171
2521.500000 62.702564 0.187000 130.291260
2521.625000 62.702564 0.187000 130.491241
2521.625000 62.904922 0.181000 130.691147
2521.625000 62.904922 0.181000 130.891159
2521.625000 63.109768 0.181000 131.091125
2521.625000 63.109768 0.181000 131.291199
2522.000000 63.312130 0.181000 131.491241
2522.000000 63.312130 0.184000 131.691147
2522.125000 63.514477 0.184000 131.886200
2522.250000 63.514477 0.184000 132.091156
2522.375000 63.719337 0.184000 132.291168
2522.625000 63.719337 0.184000 132.501221
2522.625000 63.921684 0.255000 132.702423
2522.750000 63.921684 0.255000 132.902267
2522.750000 64.126541 0.255000 133.112396
2523.000000 64.126541 0.255000 133.312408
2523.000000 64.331390 0.255000 133.512207
2523.125000 64.331390 0.313000 133.712128
2523.125000 64.536240 0.313000 133.912140
2523.125000 64.536240 0.313000 134.112137
2523.125000 64.736603 0.313000 134.312119
2523.125000 64.736603 0.313000 134.512161
2523.250000 64.937073 0.181000 134.712204
2523.375000 64.937073 0.181000 134.912170
2523.500000 65.142067 0.181000 135.112137
2523.500000 65.142067 0.181000 135.312134
2523.500000 65.347061 0.181000 135.512115
2523.500000 65.347061 0.179000 135.712128
2523.500000 65.547066 0.179000 135.912201
2523.500000 65.547066 0.179000 136.112167
2523.500000 65.747070 0.179000 136.312149
2523.625000 65.747070 0.179000 136.512146
2523.625000 65.947075 0.178000 136.712128
2523.625000 65.947075 0.178000 136.912140
2523.625000 66.147079 0.178000 137.112122
2523.750000 66.147079 0.178000 137.312149
2523.750000 66.347084 0.178000 137.512146
2523.750000 66.347084 0.195000 137.712143
2524.000000 66.547089 0.195000 137.912170
2524.000000 66.547089 0.195000 138.112137
2524.250000 66.747093 0.195000 138.312103
2524.500000 66.747093 0.195000 138.532562
2524.625000 66.947098 0.195000 138.722427
2524.750000 66.947098 0.389000 138.932556
2524.750000 67.147102 0.389000 139.132401
2524.875000 67.147102 0.389000 139.332458
2525.125000 67.347107 0.389000 139.522217
2525.250000 67.347107 0.336000 139.722107
2525.250000 67.547112 0.336000 139.922134
2525.250000 67.547112 0.336000 140.122147
2525.375000 67.747116 0.336000 140.322159
2525.375000 67.747116 0.336000 140.522156
2525.375000 67.947121 0.194000 140.722153
2525.500000 67.947121 0.194000 140.922150
2525.625000 68.147125 0.194000 141.122147
2525.750000 68.147125 0.194000 141.322144
2525.875000 68.347130 0.194000 141.522156
2526.375000 68.347130 0.194000 141.722168
2526.500000 68.547134 0.194000 141.922134
2526.625000 68.547134 0.194000 142.122131
2526.750000 68.747139 0.194000 142.322113
2527.000000 68.747139 0.194000 142.522202
2527.375000 68.951088 0.193000 142.722122
2527.500000 68.951088 0.193000 142.922150
2527.750000 69.156052 0.193000 143.122147
2527.875000 69.156052 0.193000 143.322174
2528.000000 69.360962 0.193000 143.522141
2528.000000 69.360962 0.200000 143.722153
2528.000000 69.565872 0.200000 143.922134
2528.000000 69.565872 0.200000 144.122147
2528.250000 69.770775 0.200000 144.322159
2528.250000 69.770775 0.200000 144.522141
2528.250000 69.770775 0.195000 144.722153
2528.250000 69.978180 0.195000 144.922150
2528.250000 69.978180 0.195000 145.122131
2528.375000 70.180588 0.195000 145.322174
2528.375000 70.180588 0.195000 145.542572
2528.375000 70.387993 0.249000 145.742294
2528.375000 70.387993 0.249000 145.942383
2528.375000 70.590401 0.249000 146.142426
2528.500000 70.590401 0.249000 146.352325
2528.625000 70.810295 0.249000 146.552139
2529.000000 70.810295 0.205000 146.752167
2529.125000 71.012703 0.205000 146.947052
2529.125000 71.012703 0.205000 147.147095
2529.250000 71.217606 0.205000 147.347153
2529.500000 71.217606 0.189000 147.547195
2529.500000 71.422508 0.189000 147.747055
2529.500000 71.422508 0.189000 147.947067
2529.500000 71.627411 0.189000 148.147095
2529.500000 71.627411 0.189000 148.347107
2529.500000 71.832314 0.192000 148.547134
2529.500000 71.832314 0.192000 148.747086
2529.500000 72.033058 0.192000 148.947083
2529.500000 72.033058 0.192000 149.147064
2529.500000 72.233124 0.192000 149.347153
2529.500000 72.233124 0.195000 149.547165
2529.625000 72.433220 0.195000 149.747086
2529.625000 72.433220 0.195000 149.947159
2529.625000 72.633316 0.195000 150.147064
2529.625000 72.633316 0.195000 150.347092
2529.625000 72.833420 0.191000 150.547089
2529.625000 72.833420 0.191000 150.747070
2529.625000 73.033524 0.191000 150.947098
2529.750000 73.033524 0.191000 151.147049
2529.750000 73.233620 0.191000 151.347122
2529.750000 73.233620 0.199000 151.547073
2529.750000 73.433716 0.199000 151.747192
2529.750000 73.433716 0.199000 151.947098
2529.875000 73.633812 0.199000 152.147186
2530.000000 73.633812 0.199000 152.347061
2530.125000 73.833908 0.199000 152.567459
2530.125000 73.833908 0.264000 152.762589
2530.125000 74.034004 0.264000 152.972458
2530.125000 74.034004 0.264000 153.187424
2530.250000 74.234100 0.264000 153.397430
2530.250000 74.234100 0.264000 153.597153
2530.375000 74.434196 0.345000 153.797150
2530.375000 74.434196 0.345000 153.997116
2530.500000 74.634293 0.345000 154.197128
2530.500000 74.634293 0.345000 154.397156
2530.625000 74.834389 0.204000 154.597153
2530.750000 74.834389 0.204000 154.797195
2530.750000 75.034485 0.204000 154.997101
2531.000000 75.034485 0.204000 155.197144
2531.625000 75.234581 0.204000 155.397110
2531.875000 75.234581 0.214000 155.597290
2531.875000 75.434677 0.214000 155.797134
2532.125000 75.434677 0.214000 155.997147
2532.125000 75.634773 0.214000 156.197144
2532.250000 75.634773 0.214000 156.397141
2532.250000 75.834869 0.200000 156.597153
2532.375000 75.834869 0.200000 156.797150
2532.500000 76.034973 0.200000 156.997131
2532.500000 76.034973 0.200000 157.197144
2532.625000 76.237564 0.200000 157.397156
2532.750000 76.237564 0.203000 157.597153
2532.750000 76.439018 0.203000 157.797195
2532.750000 76.439018 0.203000 157.997147
2532.875000 76.643890 0.203000 158.197113
2532.875000 76.643890 0.203000 158.397156
2532.875000 76.848763 0.203000 158.597153
2532.875000 76.848763 0.203000 158.797150
2533.125000 77.053635 0.203000 158.997147
2533.125000 77.053635 0.203000 159.197128
2533.250000 77.258507 0.203000 159.397125
2533.375000 77.258507 0.204000 159.597153
2533.375000 77.463379 0.204000 159.797134
2533.625000 77.463379 0.204000 159.997192
2534.000000 77.668297 0.204000 160.197113
2534.000000 77.668297 0.204000 160.397141
2534.250000 77.868324 0.203000 160.597137
2534.375000 77.868324 0.203000 160.797150
2534.875000 78.068352 0.203000 160.997192
2535.125000 78.068352 0.203000 161.197174
2535.250000 78.268387 0.203000 161.397156
2535.500000 78.268387 0.209000 161.597198
2535.750000 78.468422 0.209000 161.797134
2536.125000 78.468422 0.209000 161.997131
2536.375000 78.668457 0.209000 162.197159
2536.375000 78.668457 0.209000 162.397141
2536.375000 78.868492 0.205000 162.597168
2536.500000 78.868492 0.205000 162.797119
2536.750000 79.068527 0.205000 162.997131
2536.875000 79.068527 0.205000 163.197159
2537.375000 79.268562 0.205000 163.397141
2537.625000 79.268562 0.206000 163.597153
2537.625000 79.468597 0.206000 163.797150
2537.625000 79.468597 0.206000 163.997147
2537.750000 79.668633 0.206000 164.197144
2537.875000 79.668633 0.206000 164.397141
2538.125000 79.868668 0.211000 164.597137
2538.375000 79.868668 0.211000 164.797134
2538.375000 80.068703 0.211000 164.997147
2538.750000 80.068703 0.211000 165.197113
2538.875000 80.268738 0.211000 165.397125
2539.125000 80.268738 0.207000 165.597153
2539.625000 80.468773 0.207000 165.797134
2539.750000 80.468773 0.207000 165.997192
2540.125000 80.668808 0.207000 166.197159
2540.375000 80.668808 0.207000 166.397110
2540.375000 80.868843 0.207000 166.612488
2540.375000 80.868843 0.270000 166.837418
2540.375000 80.868843 0.270000 167.037613
2540.375000 81.070251 0.270000 167.247482
2540.500000 81.070251 0.270000 167.452789
2540.625000 81.271866 0.270000 167.637115
2540.625000 81.271866 0.351000 167.837097
2540.750000 81.472710 0.351000 168.037109
2540.750000 81.472710 0.351000 168.237137
2540.750000 81.672745 0.351000 168.437119
2541.125000 81.672745 0.211000 168.637146
2541.500000 81.872780 0.211000 168.837128
2541.750000 81.872780 0.211000 169.037140
2541.750000 81.872780 0.211000 169.237152
2541.875000 82.077751 0.211000 169.437119
2541.875000 82.077751 0.211000 169.637161
2542.000000 82.282700 0.211000 169.837143
2542.375000 82.282700 0.211000 170.037109
2542.500000 82.487663 0.211000 170.237137
2542.500000 82.487663 0.211000 170.437149
2542.500000 82.692612 0.216000 170.637146
2542.750000 82.692612 0.216000 170.837143
2542.750000 82.897552 0.216000 171.037140
2542.750000 82.897552 0.216000 171.237137
2542.750000 83.102493 0.216000 171.437119
2542.875000 83.102493 0.215000 171.637131
2543.000000 83.307419 0.215000 171.837112
2543.125000 83.307419 0.215000 172.037109
2543.250000 83.512383 0.215000 172.237137
2543.250000 83.512383 0.215000 172.437164
2543.375000 83.717308 0.215000 172.637192
2543.375000 83.717308 0.215000 172.837112
2543.625000 83.922287 0.215000 173.037140
2543.750000 83.922287 0.215000 173.237137
2544.250000 84.127228 0.215000 173.437119
2544.625000 84.127228 0.211000 173.637131
2544.750000 84.330650 0.211000 173.837112
2545.000000 84.330650 0.211000 174.037109
2545.250000 84.533142 0.211000 174.237137
2545.250000 84.533142 0.211000 174.437103
2545.250000 84.733185 0.211000 174.637100
2545.500000 84.733185 0.211000 174.837097
2545.750000 84.933189 0.211000 175.037125
2546.000000 84.933189 0.211000 175.237137
2546.375000 85.138168 0.211000 175.437103
2546.375000 85.138168 0.218000 175.637146
2546.500000 85.343140 0.218000 175.837204
2546.750000 85.343140 0.218000 176.037125
2546.750000 85.548096 0.218000 176.237183
2547.000000 85.548096 0.218000 176.437134
2547.250000 85.753067 0.229000 176.637131
2547.500000 85.753067 0.229000 176.837143
2547.625000 85.958023 0.229000 177.037201
2548.000000 85.958023 0.229000 177.237106
2548.250000 86.162987 0.229000 177.437180
2548.500000 86.162987 0.220000 177.637100
2548.625000 86.162987 0.220000 177.837112
2549.000000 86.367958 0.220000 178.037140
2549.250000 86.367958 0.220000 178.237106
2549.500000 86.572922 0.220000 178.437134
2549.750000 86.572922 0.224000 178.637146
2550.125000 86.777885 0.224000 178.837143
2550.500000 86.777885 0.224000 179.037109
2551.000000 86.982849 0.224000 179.237152
2551.125000 86.982849 0.224000 179.437134
2551.250000 87.187813 0.216000 179.637131
2551.625000 87.187813 0.216000 179.837128
2551.750000 87.392776 0.216000 180.037125
2552.125000 87.392776 0.216000 180.237137
2552.500000 87.597740 0.216000 180.437149
2553.000000 87.597740 0.211000 180.637100
2553.125000 87.802704 0.211000 180.837143
2553.500000 87.802704 0.211000 181.037125
2554.625000 88.007668 0.211000 181.237106
2554.750000 88.007668 0.211000 181.437134
2555.250000 88.212631 0.214000 181.637146
2555.750000 88.212631 0.214000 181.837128
2556.500000 88.417595 0.214000 182.037140
2556.750000 88.417595 0.214000 182.237137
2557.500000 88.622559 0.214000 182.437149
2558.125000 88.622559 0.204000 182.637146
2558.500000 88.827522 0.204000 182.837173
2558.875000 88.827522 0.204000 183.037140
2559.125000 89.032486 0.204000 183.237106
2559.625000 89.032486 0.204000 183.437210
2559.625000 89.237450 0.201000 183.637146
2559.875000 89.237450 0.201000 183.837158
2560.000000 89.442413 0.201000 184.037155
2560.625000 89.442413 0.201000 184.237152
2560.750000 89.647377 0.201000 184.437134
2561.500000 89.647377 0.200000 184.637100
2562.125000 89.852341 0.200000 184.837143
2562.125000 89.852341 0.200000 185.037094
2562.500000 90.057304 0.200000 185.237106
2562.875000 90.057304 0.200000 185.437149
2563.625000 90.262260 0.199000 185.637131
2564.000000 90.262260 0.199000 185.837143
2564.375000 90.262260 0.199000 186.037155
2564.875000 90.467232 0.199000 186.237137
2565.000000 90.467232 0.199000 186.437134
2565.500000 90.672188 0.199000 186.637146
2566.250000 90.672188 0.199000 186.837097
2567.500000 90.877151 0.199000 187.037125
2567.750000 90.877151 0.199000 187.237137
2569.000000 91.082115 0.199000 187.437149
2569.750000 91.082115 0.209000 187.637100
2570.125000 91.287071 0.209000 187.837158
2571.250000 91.287071 0.209000 188.037140
2572.250000 91.492035 0.209000 188.237106
2573.625000 91.492035 0.209000 188.437103
2574.500000 91.696999 0.199000 188.637131
2576.125000 91.696999 0.199000 188.837143
2577.500000 91.901955 0.199000 189.037140
2578.750000 91.901955 0.199000 189.237152
2580.750000 92.106918 0.199000 189.437134
2582.750000 92.106918 0.206000 189.637146
2583.750000 92.311890 0.206000 189.837158
2584.625000 92.311890 0.206000 190.037109
2586.375000 92.516846 0.206000 190.237152
2587.000000 92.516846 0.206000 190.437119
2588.750000 92.721809 0.199000 190.637131
2591.250000 92.721809 0.199000 190.837112
2592.875000 92.926773 0.199000 191.037094
2593.875000 92.926773 0.199000 191.237122
2595.875000 93.131737 0.199000 191.437103
2597.125000 93.131737 0.214000 191.637161
2597.750000 93.336700 0.214000 191.837204
2600.000000 93.336700 0.214000 192.037170
2601.750000 93.541664 0.214000 192.237106
2603.625000 93.541664 0.214000 192.437149
2604.250000 93.746620 0.217000 192.637131
2604.625000 93.746620 0.217000 192.837143
2604.875000 93.746620 0.217000 193.037140
2605.250000 93.947632 0.217000 193.237106
2606.250000 93.947632 0.217000 193.437134
2608.500000 94.149719 0.198000 193.637131
2610.625000 94.149719 0.198000 193.837158
2612.000000 94.149719 0.198000 194.037140
2613.625000 94.350555 0.198000 194.237106
2616.375000 94.350555 0.198000 194.437119
2618.875000 94.555542 0.207000 194.637100
2620.750000 94.555542 0.207000 194.837097
2623.625000 94.760529 0.207000 195.037155
2625.750000 94.760529 0.207000 195.237106
2628.125000 94.965515 0.207000 195.437134
2629.625000 94.965515 0.207000 195.637161
2630.625000 95.170509 0.207000 195.837143
2632.375000 95.170509 0.207000 196.037109
2632.750000 95.375504 0.207000 196.237137
2634.000000 95.375504 0.207000 196.437088
2635.000000 95.580498 0.197000 196.637115
2635.500000 95.580498 0.197000 196.837097
2636.250000 95.785492 0.197000 197.037109
2636.875000 95.785492 0.197000 197.237167
2638.125000 95.990486 0.197000 197.437134
2638.750000 95.990486 0.198000 197.637192
2639.125000 96.195480 0.198000 197.837128
2640.125000 96.195480 0.198000 198.037155
2640.625000 96.400475 0.198000 198.237152
2641.875000 96.400475 0.198000 198.437119
2642.625000 96.603958 0.194000 198.637115
2643.125000 96.603958 0.194000 198.837128
2643.500000 96.806450 0.194000 199.037140
2643.750000 96.806450 0.194000 199.237122
2644.625000 97.006470 0.194000 199.437134
2645.625000 97.006470 0.193000 199.637146
2646.125000 97.206490 0.193000 199.837143
2646.625000 97.206490 0.193000 200.037125
2646.750000 97.406509 0.193000 200.237137
2647.625000 97.406509 0.193000 200.437149
2648.125000 97.606529 0.194000 200.637115
2648.375000 97.606529 0.194000 200.837143
2648.375000 97.606529 0.194000 201.037125
2648.375000 97.606529 0.194000 201.237137
2648.625000 97.606529 0.194000 201.437119
2649.000000 97.606529 0.176000 201.637146
2649.000000 97.807762 0.176000 201.837189
2649.000000 97.807762 0.176000 202.037216
2649.125000 98.012749 0.176000 202.237152
2649.125000 98.012749 0.176000 202.437134
2649.250000 98.012749 0.183000 202.637146
2649.500000 98.218575 0.183000 202.837143
2649.625000 98.218575 0.183000 203.037109
2649.750000 98.423569 0.183000 203.237106
2650.000000 98.423569 0.183000 203.437134
2650.375000 98.628555 0.209000 203.637146
2650.750000 98.628555 0.209000 203.837143
2651.000000 98.833519 0.209000 204.037186
2651.250000 98.833519 0.209000 204.237152
2652.375000 99.038483 0.209000 204.437149
2653.250000 99.038483 0.233000 204.637100
2654.625000 99.243454 0.233000 204.837097
2656.000000 99.243454 0.233000 205.037140
2657.125000 99.448448 0.233000 205.237106
2657.750000 99.448448 0.233000 205.437103
2658.500000 99.653427 0.200000 205.637131
2659.250000 99.653427 0.200000 205.837158
2660.000000 99.858360 0.200000 206.037125
2660.250000 99.858360 0.200000 206.237137
2660.875000 100.063293 0.200000 206.437134
2661.625000 100.063293 0.234000 206.637131
2662.625000 100.268227 0.234000 206.837112
2662.875000 100.268227 0.234000 207.037140
2663.250000 100.473160 0.234000 207.237122
2663.625000 100.473160 0.234000 207.437164
2664.000000 100.678093 0.219000 207.637238
2664.625000 100.678093 0.219000 207.837143
2665.250000 100.883026 0.219000 208.037125
2666.000000 100.883026 0.219000 208.237137
2666.625000 101.087997 0.219000 208.437134
2666.750000 101.087997 0.209000 208.637115
2666.750000 101.292969 0.209000 208.837112
2667.250000 101.292969 0.209000 209.037109
2668.625000 101.496834 0.209000 209.237137
2668.875000 101.496834 0.209000 209.437134
2669.000000 101.496834 0.207000 209.637131
2669.500000 101.701828 0.207000 209.837189
2669.750000 101.701828 0.207000 210.037140
2669.875000 101.901855 0.207000 210.237152
2670.125000 101.901855 0.207000 210.437149
2670.500000 102.101868 0.216000 210.647064
2671.000000 102.101868 0.216000 210.837143
2671.750000 102.301872 0.216000 211.037155
2672.375000 102.301872 0.216000 211.237152
2672.625000 102.501877 0.216000 211.437149
2673.250000 102.501877 0.221000 211.637146
2674.000000 102.701881 0.221000 211.837143
2674.625000 102.701881 0.221000 212.037140
2675.500000 102.901886 0.221000 212.237137
2677.500000 102.901886 0.221000 212.437119
2679.125000 103.105751 0.220000 212.637222
2680.250000 103.105751 0.220000 212.837128
2681.125000 103.310745 0.220000 213.037170
2683.375000 103.310745 0.220000 213.237106
2684.375000 103.515694 0.220000 213.437134
2684.750000 103.515694 0.209000 213.637131
2685.000000 103.720642 0.209000 213.837112
2685.375000 103.720642 0.209000 214.037155
2685.875000 103.925591 0.209000 214.237137
2686.625000 103.925591 0.209000 214.437149
2687.250000 104.130547 0.206000 214.637146
2687.750000 104.130547 0.206000 214.837143
2688.250000 104.335503 0.206000 215.037140
2688.625000 104.335503 0.206000 215.237137
2689.000000 104.540451 0.206000 215.437134
2689.125000 104.540451 0.214000 215.637207
2689.625000 104.745415 0.214000 215.837128
2690.000000 104.745415 0.214000 216.037155
2690.375000 104.950371 0.214000 216.237152
2691.125000 104.950371 0.214000 216.437134
2691.375000 105.155342 0.215000 216.637161
2691.750000 105.155342 0.215000 216.837204
2692.375000 105.360291 0.215000 217.037125
2692.875000 105.360291 0.215000 217.237137
2693.375000 105.565262 0.215000 217.437119
2693.750000 105.565262 0.218000 217.637131
2694.250000 105.770226 0.218000 217.837143
2694.500000 105.770226 0.218000 218.037125
2694.750000 105.975182 0.218000 218.237106
2694.875000 105.975182 0.218000 218.437134
2694.875000 106.180138 0.222000 218.637115
2695.625000 106.180138 0.222000 218.837143
2695.875000 106.385094 0.222000 219.037125
2695.875000 106.385094 0.222000 219.237152
2695.875000 106.590042 0.222000 219.437119
2696.250000 106.590042 0.220000 219.637161
2696.625000 106.590042 0.220000 219.837128
2697.125000 106.793884 0.220000 220.037140
2697.625000 106.793884 0.220000 220.237122
2698.125000 106.998886 0.220000 220.437119
2698.375000 106.998886 0.241000 220.637146
2698.375000 107.203857 0.241000 220.837112
2698.625000 107.203857 0.241000 221.037201
2698.875000 107.408829 0.241000 221.237106
2699.375000 107.408829 0.241000 221.437103
2699.750000 107.613800 0.235000 221.637192
2700.375000 107.613800 0.235000 221.837143
2700.750000 107.814598 0.235000 222.037140
2701.000000 107.814598 0.235000 222.237122
2701.125000 108.019592 0.235000 222.437149
2701.500000 108.019592 0.230000 222.637146
2702.125000 108.224571 0.230000 222.837158
2702.750000 108.224571 0.230000 223.037109
2702.875000 108.429550 0.230000 223.237152
2703.500000 108.429550 0.230000 223.437134
2704.375000 108.634529 0.236000 223.637100
2705.000000 108.634529 0.236000 223.837128
2705.000000 108.839508 0.236000 224.037140
2705.250000 108.839508 0.236000 224.237167
2705.250000 109.044487 0.236000 224.437149
2705.250000 109.044487 0.232000 224.637100
2705.250000 109.249466 0.232000 224.837234
2705.375000 109.249466 0.232000 225.037140
2705.375000 109.454445 0.232000 225.237122
2705.500000 109.454445 0.232000 225.437134
2705.750000 109.659424 0.269000 225.637146
2705.875000 109.659424 0.269000 225.837173
2706.000000 109.864403 0.269000 226.037170
2706.125000 109.864403 0.269000 226.237137
2706.625000 110.069382 0.269000 226.437119
2707.000000 110.069382 0.232000 226.637115
2708.000000 110.274361 0.232000 226.837143
2708.375000 110.274361 0.232000 227.037216
2708.625000 110.274361 0.232000 227.237106
2709.000000 110.479340 0.232000 227.437103
2709.375000 110.479340 0.231000 227.637100
2709.750000 110.681816 0.231000 227.837158
2709.750000 110.681816 0.231000 228.037140
2709.750000 110.884300 0.231000 228.237152
2710.125000 110.884300 0.231000 228.437134
2710.625000 111.089294 0.227000 228.637161
2711.250000 111.089294 0.227000 228.837097
2711.500000 111.294289 0.227000 229.037170
2711.875000 111.294289 0.227000 229.237137
2712.125000 111.499283 0.227000 229.437164
2712.750000 111.499283 0.222000 229.637146
2713.125000 111.704277 0.222000 229.837158
2713.750000 111.704277 0.222000 230.037140
2714.250000 111.909271 0.222000 230.237122
2714.875000 111.909271 0.222000 230.437149
2715.375000 112.114265 0.222000 230.637161
2715.625000 112.114265 0.222000 230.837112
2716.000000 112.319260 0.222000 231.037140
2716.750000 112.319260 0.222000 231.237152
2717.125000 112.524254 0.222000 231.437103
2717.875000 112.524254 0.220000 231.637146
2718.375000 112.729248 0.220000 231.837128
2718.500000 112.729248 0.220000 232.037155
2719.125000 112.934242 0.220000 232.237137
2719.500000 112.934242 0.220000 232.437164
2720.500000 113.139236 0.237000 232.637115
2721.500000 113.139236 0.237000 232.837143
2722.125000 113.344231 0.237000 233.037140
2723.375000 113.344231 0.237000 233.237137
2723.750000 113.548164 0.237000 233.437149
2724.000000 113.548164 0.227000 233.637146
2724.500000 113.753159 0.227000 233.837128
2725.375000 113.753159 0.227000 234.037109
2725.500000 113.958138 0.227000 234.237137
2725.625000 113.958138 0.227000 234.437119
2726.625000 114.163116 0.217000 234.637115
2726.750000 114.163116 0.217000 234.837143
2726.750000 114.163116 0.217000 235.037140
2726.750000 114.163116 0.217000 235.237152
2726.750000 114.163116 0.217000 235.437149
2726.750000 114.163116 0.206000 235.637344
2726.750000 114.163116 0.206000 235.837158
2726.750000 114.163116 0.206000 236.037155
2727.750000 114.163116 0.206000 236.237106
2727.875000 114.364990 0.206000 236.437149
2727.875000 114.364990 0.193000 236.637131
2728.125000 114.567291 0.193000 236.837143
2728.125000 114.567291 0.193000 237.037140
2728.125000 114.769753 0.193000 237.237167
2729.125000 114.769753 0.193000 237.437119
2730.875000 114.969765 0.211000 237.637100
2730.875000 114.969765 0.211000 237.837112
2731.750000 115.169777 0.211000 238.037109
2733.375000 115.169777 0.211000 238.237137
2733.875000 115.369789 0.211000 238.437149
2734.000000 115.369789 0.211000 238.637115
2734.375000 115.569794 0.211000 238.837097
2734.625000 115.569794 0.211000 239.037125
2735.000000 115.769798 0.211000 239.237152
2735.250000 115.769798 0.211000 239.437164
2735.250000 115.969803 0.208000 239.637131
2735.375000 115.969803 0.208000 239.837143
2736.500000 116.169807 0.208000 240.037109
2738.125000 116.169807 0.208000 240.237152
2740.375000 116.369812 0.208000 240.437119
2741.250000 116.369812 0.222000 240.637100
2741.625000 116.569817 0.222000 240.837112
2741.750000 116.569817 0.222000 241.037140
2742.375000 116.769821 0.222000 241.237106
2743.250000 116.769821 0.222000 241.437241
2745.250000 116.969826 0.209000 241.637146
2746.125000 116.969826 0.209000 241.837128
2747.250000 117.169830 0.209000 242.037109
2747.875000 117.169830 0.209000 242.237137
2750.000000 117.369835 0.209000 242.437180
2751.500000 117.369835 0.210000 242.637131
2751.625000 117.569839 0.210000 242.837143
2752.125000 117.569839 0.210000 243.037140
2753.625000 117.769844 0.210000 243.237137
2756.125000 117.769844 0.210000 243.437149
2756.625000 117.969849 0.210000 243.637146
2759.250000 117.969849 0.210000 243.837143
2760.375000 118.169853 0.210000 244.037140
2761.250000 118.169853 0.210000 244.237137
2764.250000 118.369858 0.210000 244.437149
2765.125000 118.369858 0.208000 244.637131
2767.000000 118.569862 0.208000 244.837128
2769.875000 118.569862 0.208000 245.037170
2773.000000 118.769867 0.208000 245.237152
2775.625000 118.769867 0.208000 245.437149
2777.375000 118.969872 0.222000 245.637146
2779.375000 118.969872 0.222000 245.837128
2781.125000 119.169876 0.222000 246.037109
2783.125000 119.169876 0.222000 246.237152
2784.125000 119.369881 0.222000 246.437134
2784.875000 119.369881 0.219000 246.637115
2786.750000 119.569885 0.219000 246.837143
2787.250000 119.569885 0.219000 247.037125
2787.375000 119.769890 0.219000 247.237106
2788.000000 119.769890 0.219000 247.437134
2790.000000 119.969894 0.224000 247.637146
2791.375000 119.969894 0.224000 247.837097
2792.125000 120.171638 0.224000 248.037109
2794.625000 120.171638 0.224000 248.237152
2794.875000 120.372345 0.224000 248.437134
2795.500000 120.372345 0.226000 248.637100
2797.375000 120.572365 0.226000 248.837143
2798.625000 120.572365 0.226000 249.037140
2800.000000 120.772415 0.226000 249.237198
2801.125000 120.772415 0.226000 249.437149
2803.000000 120.972473 0.229000 249.637115
2804.625000 120.972473 0.229000 249.837158
2808.000000 121.172508 0.229000 250.037125
2811.250000 121.172508 0.229000 250.237122
2813.250000 121.372559 0.229000 250.437119
2814.250000 121.372559 0.243000 250.637146
2814.875000 121.572594 0.243000 250.837143
2817.875000 121.572594 0.243000 251.037140
2821.625000 121.772636 0.243000 251.237106
2825.500000 121.772636 0.243000 251.437134
2827.750000 121.972687 0.226000 251.637146
2831.250000 121.972687 0.226000 251.837112
2833.000000 122.177681 0.226000 252.037140
2835.125000 122.177681 0.226000 252.237137
2837.375000 122.377708 0.226000 252.437134
2840.500000 122.377708 0.231000 252.637131
2843.375000 122.577744 0.231000 252.837128
2847.000000 122.577744 0.231000 253.037155
2850.125000 122.777786 0.231000 253.237137
2853.000000 122.777786 0.231000 253.437134
2854.625000 122.977829 0.243000 253.637161
2857.500000 122.977829 0.243000 253.837112
2859.625000 123.178642 0.243000 254.037094
2864.375000 123.178642 0.243000 254.247055
2867.250000 123.383636 0.243000 254.437149
2870.375000 123.383636 0.239000 254.637146
2873.125000 123.588623 0.239000 254.837112
2876.500000 123.588623 0.239000 255.037109
2879.625000 123.793587 0.239000 255.237137
2885.750000 123.793587 0.239000 255.437149
2887.500000 123.998543 0.223000 255.637146
2889.375000 123.998543 0.223000 255.837143
2890.625000 124.203499 0.223000 256.037140
2893.375000 124.203499 0.223000 256.237152
2897.625000 124.203499 0.223000 256.437164
2902.875000 124.410957 0.223000 256.637115
2905.250000 124.410957 0.223000 256.837128
2907.125000 124.618416 0.223000 257.037140
2909.125000 124.618416 0.223000 257.237152
2911.625000 124.823372 0.223000 257.437134
2915.000000 124.823372 0.245000 257.637146
2916.500000 125.028328 0.245000 257.837128
2918.625000 125.028328 0.245000 258.037262
2920.750000 125.233292 0.245000 258.237091
2924.500000 125.233292 0.245000 258.437103
2926.750000 125.438248 0.222000 258.637146
2929.750000 125.438248 0.222000 258.837128
2933.375000 125.643204 0.222000 259.047119
2937.625000 125.643204 0.222000 259.247101
2940.875000 125.848152 0.222000 259.447083
2945.625000 125.848152 0.241000 259.637146
2947.500000 126.050613 0.241000 259.837128
2952.250000 126.050613 0.241000 260.037140
2953.625000 126.050613 0.241000 260.237122
2956.375000 126.257408 0.241000 260.447083
2961.750000 126.257408 0.221000 260.637146
2966.375000 126.457420 0.221000 260.837219
2973.500000 126.457420 0.221000 261.037109
2979.125000 126.662453 0.221000 261.237122
2984.875000 126.662453 0.221000 261.447113
2986.750000 126.867485 0.263000 261.647095
2991.750000 126.867485 0.263000 261.837128
2996.375000 127.071762 0.263000 262.037140
2998.375000 127.071762 0.263000 262.237122
3002.125000 127.276474 0.263000 262.447052
3006.750000 127.276474 0.259000 262.647125
3011.000000 127.480011 0.259000 262.837189
3013.875000 127.480011 0.259000 263.037109
3020.250000 127.680077 0.259000 263.247101
3026.125000 127.680077 0.259000 263.447113
3031.000000 127.880081 0.225000 263.647095
3035.375000 127.880081 0.225000 263.847076
3038.625000 127.880081 0.225000 264.037109
3044.375000 128.085968 0.225000 264.247070
3051.625000 128.085968 0.225000 264.447113
3054.625000 128.286865 0.234000 264.637146
3058.875000 128.286865 0.234000 264.847107
3062.625000 128.491852 0.234000 265.037109
3067.625000 128.491852 0.234000 265.237152
3070.250000 128.696823 0.234000 265.447113
3073.500000 128.696823 0.249000 265.647064
3078.750000 128.901794 0.249000 265.847076
3083.125000 128.901794 0.249000 266.047089
3087.875000 129.106766 0.249000 266.247101
3092.125000 129.106766 0.249000 266.447083
3098.125000 129.311722 0.234000 266.637115
3103.250000 129.311722 0.234000 266.837128
3108.750000 129.516678 0.234000 267.037109
3111.125000 129.516678 0.234000 267.247070
3116.250000 129.721634 0.234000 267.447113
3119.750000 129.721634 0.232000 267.637085
3124.125000 129.926590 0.232000 267.837097
3125.750000 129.926590 0.232000 268.047058
3127.875000 130.131546 0.232000 268.237152
3133.375000 130.131546 0.232000 268.447083
3135.625000 130.336502 0.237000 268.637115
3136.750000 130.336502 0.237000 268.847046
3138.500000 130.541458 0.237000 269.047058
3142.625000 130.541458 0.237000 269.247070
3144.750000 130.746414 0.237000 269.447083
3146.375000 130.746414 0.250000 269.647095
3149.375000 130.951370 0.250000 269.847076
3152.250000 130.951370 0.250000 270.037109
3159.125000 131.156326 0.250000 270.237183
3163.000000 131.156326 0.250000 270.447113
3165.000000 131.361282 0.234000 270.637115
3167.375000 131.361282 0.234000 270.847046
3170.625000 131.361282 0.234000 271.047058
3175.500000 131.565796 0.234000 271.247070
3179.000000 131.565796 0.234000 271.447144
3181.500000 131.765823 0.230000 271.637146
3182.875000 131.765823 0.230000 271.847107
3184.750000 131.969620 0.230000 272.047119
3187.625000 131.969620 0.230000 272.247101
3192.750000 132.169647 0.230000 272.447113
3195.125000 132.169647 0.233000 272.647064
3196.875000 132.369659 0.233000 272.837128
3198.750000 132.369659 0.233000 273.037109
3202.625000 132.569672 0.233000 273.237152
3206.625000 132.569672 0.233000 273.447113
3212.625000 132.769684 0.226000 273.637146
3213.875000 132.769684 0.226000 273.837128
3215.625000 132.769684 0.226000 274.047089
3217.625000 132.972397 0.226000 274.237152
3220.125000 132.972397 0.226000 274.447113
3222.250000 133.174805 0.226000 274.647064
3225.875000 133.174805 0.226000 274.847076
3230.500000 133.379745 0.226000 275.047150
3235.000000 133.379745 0.226000 275.247040
3240.250000 133.584656 0.226000 275.447083
3242.750000 133.584656 0.286000 275.637146
3244.500000 133.789566 0.286000 275.847137
3248.125000 133.789566 0.286000 276.047058
3252.375000 133.990326 0.286000 276.247070
3256.750000 133.990326 0.286000 276.437103
3261.250000 134.195267 0.234000 276.647095
3265.500000 134.195267 0.234000 276.837128
3267.750000 134.399826 0.234000 277.037109
3270.000000 134.399826 0.234000 277.237091
3273.250000 134.600647 0.234000 277.447083
3276.750000 134.600647 0.211000 277.637085
3278.750000 134.600647 0.211000 277.847107
3279.750000 134.804474 0.211000 278.047089
3281.750000 134.804474 0.211000 278.237122
3284.125000 135.009430 0.211000 278.437134
3285.875000 135.009430 0.210000 278.647095
3288.875000 135.214294 0.210000 278.847107
3290.375000 135.214294 0.210000 279.047058
3293.500000 135.419159 0.210000 279.247070
3296.500000 135.419159 0.210000 279.437103
3299.375000 135.624023 0.229000 279.637146
3301.500000 135.624023 0.229000 279.837128
3303.375000 135.826996 0.229000 280.037140
3305.750000 135.826996 0.229000 280.247070
3307.875000 136.029388 0.229000 280.447083
3311.000000 136.029388 0.208000 280.637146
3316.750000 136.230637 0.208000 280.847076
3319.000000 136.230637 0.208000 281.037109
3321.750000 136.435333 0.208000 281.237152
3325.250000 136.435333 0.208000 281.447083
3329.375000 136.640259 0.224000 281.647095
3332.625000 136.640259 0.224000 281.847168
3334.125000 136.845184 0.224000 282.037109
3336.875000 136.845184 0.224000 282.247101
3341.250000 137.050110 0.224000 282.437164
3344.500000 137.050110 0.219000 282.647064
3347.000000 137.254013 0.219000 282.837189
3348.500000 137.254013 0.219000 283.047089
3350.250000 137.454819 0.219000 283.237152
3352.625000 137.454819 0.219000 283.447113
3355.375000 137.654846 0.220000 283.637146
3357.875000 137.654846 0.220000 283.847046
3360.125000 137.854889 0.220000 284.047089
3361.500000 137.854889 0.220000 284.247070
3363.250000 138.054932 0.220000 284.447083
3365.875000 138.054932 0.224000 284.647095
3367.875000 138.258759 0.224000 284.847076
3371.000000 138.258759 0.224000 285.047119
3376.625000 138.258759 0.224000 285.247070
3378.125000 138.463745 0.224000 285.447052
3380.125000 138.463745 0.231000 285.647095
3383.625000 138.663757 0.231000 285.847076
3384.125000 138.663757 0.231000 286.047058
3385.250000 138.663757 0.231000 286.237091
3386.375000 138.663757 0.231000 286.447083
3387.625000 138.867004 0.228000 286.637146
3389.125000 138.867004 0.228000 286.847076
3390.250000 139.071960 0.228000 287.047180
3391.500000 139.071960 0.228000 287.247040
3392.750000 139.273621 0.228000 287.447052
3395.250000 139.273621 0.212000 287.647064
3397.375000 139.478607 0.212000 287.837097
3398.375000 139.478607 0.212000 288.047089
3399.125000 139.683609 0.212000 288.247070
3400.000000 139.683609 0.212000 288.447052
3402.250000 139.888596 0.214000 288.647064
3403.500000 139.888596 0.214000 288.847076
3403.875000 139.888596 0.214000 289.047150
3405.750000 139.888596 0.214000 289.247040
3406.625000 140.091187 0.214000 289.447083
3407.500000 140.091187 0.204000 289.647064
3408.875000 140.295151 0.204000 289.847076
3410.375000 140.295151 0.204000 290.047089
3412.125000 140.497650 0.204000 290.247070
3414.750000 140.497650 0.204000 290.447083
3418.250000 140.697647 0.231000 290.647064
3419.375000 140.697647 0.231000 290.847076
3419.875000 140.897659 0.231000 291.047089
3421.000000 140.897659 0.231000 291.247070
3422.500000 141.102646 0.231000 291.447083
3424.000000 141.102646 0.223000 291.647064
3425.125000 141.306595 0.223000 291.847046
3428.875000 141.306595 0.223000 292.037109
3430.375000 141.511581 0.223000 292.247070
3432.750000 141.511581 0.223000 292.447083
3433.625000 141.711639 0.215000 292.647095
3434.625000 141.711639 0.215000 292.847107
3436.875000 141.915466 0.215000 293.037140
3438.500000 141.915466 0.215000 293.247070
3440.750000 142.120438 0.215000 293.447113
3443.250000 142.120438 0.222000 293.647095
3444.625000 142.325363 0.222000 293.847076
3445.500000 142.325363 0.222000 294.037140
3446.500000 142.325363 0.222000 294.237122
3449.250000 142.530289 0.222000 294.437164
3451.875000 142.530289 0.224000 294.647125
3452.750000 142.735214 0.224000 294.837128
3454.125000 142.735214 0.224000 295.037140
3456.875000 142.940216 0.224000 295.237122
3458.625000 142.940216 0.224000 295.437134
3459.375000 143.1