173.750000 0.000000 0.145000 0.180010
193.250000 0.000000 0.145000 0.380019
214.000000 0.200893 0.145000 0.580013
226.625000 0.200893 0.163000 0.780038
238.750000 0.404788 0.163000 0.980023
257.875000 0.404788 0.163000 1.180015
267.625000 0.609788 0.163000 1.380010
277.625000 0.609788 0.163000 1.579997
286.000000 0.814537 0.164000 1.780027
293.375000 0.814537 0.164000 1.980016
306.875000 1.015730 0.164000 2.180002
317.000000 1.015730 0.164000 2.380009
329.625000 1.220728 0.164000 2.580016
339.125000 1.220728 0.162000 2.779984
344.750000 1.421961 0.162000 2.980015
345.875000 1.421961 0.162000 3.180019
349.625000 1.421961 0.162000 3.380017
359.125000 1.421961 0.162000 3.580048
370.875000 1.623218 0.165000 3.780036
381.375000 1.623218 0.165000 3.980024
394.250000 1.827272 0.165000 4.180012
404.875000 1.827272 0.165000 4.379998
414.000000 2.027411 0.165000 4.580047
422.375000 2.027411 0.174000 4.780007
433.125000 2.231281 0.174000 4.980011
445.125000 2.231281 0.174000 5.180014
453.625000 2.431300 0.174000 5.380013
466.000000 2.431300 0.174000 5.580029
479.250000 2.635200 0.178000 5.780010
490.000000 2.635200 0.178000 5.980020
507.625000 2.835204 0.178000 6.180019
516.375000 2.835204 0.178000 6.380008
528.750000 3.035209 0.178000 6.580042
536.500000 3.035209 0.178000 6.780006
545.000000 3.035209 0.178000 6.980023
548.375000 3.035209 0.178000 7.180041
549.375000 3.035209 0.178000 7.380013
550.375000 3.035209 0.178000 7.580051
551.750000 3.035209 0.163000 7.780021
556.000000 3.035209 0.163000 7.979984
564.875000 3.235246 0.163000 8.180006
572.750000 3.235246 0.163000 8.379997
581.250000 3.435247 0.163000 8.580036
591.750000 3.435247 0.166000 8.780020
599.875000 3.635249 0.166000 8.980006
613.500000 3.635249 0.166000 9.180002
625.875000 3.835251 0.166000 9.380011
638.500000 3.835251 0.166000 9.580000
647.125000 4.035254 0.173000 9.780028
655.750000 4.035254 0.173000 9.980028
663.625000 4.235258 0.173000 10.179980
671.000000 4.235258 0.173000 10.380007
678.875000 4.435264 0.173000 10.580015
686.125000 4.435264 0.181000 10.780023
693.875000 4.435264 0.181000 10.980007
697.750000 4.635835 0.181000 11.180031
700.875000 4.635835 0.181000 11.380013
708.250000 4.836259 0.181000 11.580043
714.250000 4.836259 0.182000 11.779991
719.625000 5.040505 0.182000 11.979998
726.625000 5.040505 0.182000 12.180010
734.250000 5.241322 0.182000 12.380024
741.375000 5.241322 0.182000 12.580006
745.375000 5.442562 0.180000 12.780016
751.250000 5.442562 0.180000 12.980008
757.750000 5.647329 0.180000 13.180006
760.125000 5.647329 0.180000 13.380007
768.000000 5.847365 0.180000 13.580027
773.500000 5.847365 0.180000 13.780025
774.000000 5.847365 0.214000 13.980030
776.625000 5.847365 0.214000 14.180017
781.250000 6.049964 0.214000 14.380016
786.750000 6.049964 0.214000 14.580010
790.875000 6.253466 0.214000 14.780076
796.125000 6.253466 0.219000 14.980012
799.875000 6.453495 0.219000 15.180029
808.500000 6.453495 0.219000 15.380024
811.500000 6.653525 0.219000 15.580029
813.875000 6.653525 0.219000 15.780059
815.875000 6.853555 0.216000 15.979989
825.250000 6.853555 0.216000 16.180040
829.625000 7.053583 0.216000 16.380022
834.250000 7.053583 0.216000 16.580013
835.000000 7.053583 0.216000 16.780014
835.875000 7.053583 0.211000 16.980007
837.250000 7.053583 0.211000 17.180016
842.250000 7.253665 0.211000 17.380013
847.500000 7.253665 0.211000 17.580009
853.375000 7.453680 0.198000 17.780029
856.875000 7.453680 0.198000 17.980007
862.625000 7.653700 0.198000 18.179987
865.375000 7.653700 0.198000 18.380043
867.875000 7.853727 0.198000 18.579990
873.750000 7.853727 0.198000 18.780039
876.750000 8.053759 0.212000 18.980021
880.625000 8.053759 0.212000 19.180023
882.125000 8.253793 0.212000 19.379999
883.875000 8.253793 0.212000 19.580030
884.750000 8.253793 0.212000 19.780052
885.000000 8.253793 0.228000 19.980021
885.750000 8.253793 0.228000 20.180029
890.000000 8.253793 0.228000 20.380033
892.500000 8.455258 0.228000 20.580051
895.750000 8.455258 0.228000 20.780073
899.000000 8.656173 0.212000 20.980028
902.125000 8.656173 0.212000 21.180017
907.750000 8.861183 0.212000 21.380022
912.000000 8.861183 0.212000 21.580032
920.875000 9.062105 0.212000 21.780048
927.000000 9.062105 0.222000 21.980017
931.000000 9.266358 0.222000 22.180000
935.625000 9.266358 0.222000 22.380047
941.250000 9.468069 0.222000 22.579992
946.625000 9.468069 0.222000 22.780087
952.500000 9.668076 0.225000 22.980013
958.750000 9.668076 0.225000 23.180006
963.250000 9.868078 0.225000 23.380005
970.875000 9.868078 0.225000 23.580051
976.625000 10.068079 0.225000 23.780005
983.375000 10.068079 0.225000 23.980032
990.875000 10.268080 0.225000 24.180050
998.375000 10.268080 0.225000 24.379993
1007.000000 10.468081 0.225000 24.580048
1016.250000 10.468081 0.225000 24.780029
1022.000000 10.668081 0.231000 24.980059
1029.375000 10.668081 0.231000 25.180004
1038.000000 10.868082 0.231000 25.380035
1044.875000 10.868082 0.231000 25.579990
1052.750000 11.068083 0.231000 25.780058
1059.250000 11.068083 0.243000 25.979994
1064.500000 11.268084 0.243000 26.180040
1069.125000 11.268084 0.243000 26.380024
1074.000000 11.468084 0.243000 26.580017
1078.250000 11.468084 0.243000 26.780022
1079.750000 11.468084 0.243000 26.980045
1080.500000 11.468084 0.243000 27.180008
1082.500000 11.468084 0.243000 27.380035
1082.875000 11.468084 0.243000 27.580032
1083.375000 11.468084 0.243000 27.780035
1085.125000 11.468084 0.221000 27.979992
1088.625000 11.668085 0.221000 28.180050
1090.500000 11.668085 0.221000 28.380005
1093.500000 11.868087 0.221000 28.580044
1100.375000 11.868087 0.221000 28.780024
1110.000000 12.068089 0.226000 28.980026
1116.875000 12.068089 0.226000 29.180052
1123.250000 12.268092 0.226000 29.380022
1128.000000 12.268092 0.226000 29.580013
1130.875000 12.468095 0.226000 29.780022
1136.125000 12.468095 0.231000 29.980026
1141.625000 12.668097 0.231000 30.179998
1145.375000 12.668097 0.231000 30.380022
1149.125000 12.872332 0.231000 30.579996
1154.250000 12.872332 0.231000 30.780012
1157.125000 13.077067 0.227000 30.980032
1163.375000 13.077067 0.227000 31.180019
1168.500000 13.278687 0.227000 31.380011
1175.000000 13.278687 0.227000 31.580036
1178.750000 13.480281 0.227000 31.780010
1183.750000 13.480281 0.225000 31.980043
1188.625000 13.681208 0.225000 32.180031
1192.875000 13.681208 0.225000 32.380058
1196.750000 13.681208 0.225000 32.580036
1202.500000 13.882587 0.225000 32.780037
1208.250000 13.882587 0.228000 32.980049
1215.625000 14.085076 0.228000 33.180035
1220.500000 14.085076 0.228000 33.380028
1222.875000 14.288907 0.228000 33.580067
1225.875000 14.288907 0.228000 33.780025
1228.500000 14.493877 0.225000 33.980022
1231.875000 14.493877 0.225000 34.180061
1234.625000 14.698850 0.225000 34.380024
1236.000000 14.698850 0.225000 34.580044
1239.250000 14.903822 0.225000 34.780075
1243.375000 14.903822 0.223000 34.980045
1246.250000 15.108794 0.223000 35.180027
1247.750000 15.108794 0.223000 35.379990
1251.375000 15.313766 0.223000 35.580097
1254.625000 15.313766 0.223000 35.780083
1257.500000 15.518739 0.222000 35.980007
1262.125000 15.518739 0.222000 36.180019
1264.375000 15.723712 0.222000 36.380054
1265.250000 15.723712 0.222000 36.580002
1265.250000 15.723712 0.222000 36.780045
1265.250000 15.723712 0.225000 36.980038
1265.250000 15.723712 0.225000 37.179981
1265.250000 15.723712 0.225000 37.380024
1265.250000 15.723712 0.225000 37.580070
1265.250000 15.723712 0.225000 37.780029
1265.250000 15.723712 0.210000 37.979980
1265.250000 15.723712 0.210000 38.180016
1266.000000 15.723712 0.210000 38.380013
1268.500000 15.925947 0.210000 38.580002
1270.500000 15.925947 0.210000 38.780045
1272.125000 16.127527 0.208000 38.980015
1275.875000 16.127527 0.208000 39.179977
1277.000000 16.332525 0.208000 39.380009
1279.375000 16.332525 0.208000 39.580002
1281.250000 16.537510 0.208000 39.779995
1283.750000 16.537510 0.237000 39.980015
1287.000000 16.742493 0.237000 40.179989
1290.375000 16.742493 0.237000 40.380024
1291.750000 16.742493 0.237000 40.580021
1292.500000 16.949974 0.237000 40.780025
1294.375000 16.949974 0.222000 40.979980
1296.250000 17.151318 0.222000 41.179981
1299.375000 17.151318 0.222000 41.380032
1302.500000 17.352667 0.222000 41.580036
1306.750000 17.352667 0.222000 41.780029
1307.750000 17.553110 0.212000 41.980011
1310.625000 17.553110 0.212000 42.180023
1313.125000 17.757046 0.212000 42.380043
1314.375000 17.757046 0.212000 42.580017
1315.625000 17.958744 0.212000 42.780056
1318.250000 17.958744 0.219000 42.980011
1319.875000 18.159962 0.219000 43.180004
1321.000000 18.159962 0.219000 43.380028
1322.375000 18.364702 0.219000 43.580025
1324.000000 18.364702 0.219000 43.780014
1325.250000 18.564716 0.226000 43.979984
1327.500000 18.564716 0.226000 44.180008
1331.000000 18.769665 0.226000 44.379978
1334.125000 18.769665 0.226000 44.580017
1336.375000 18.974613 0.226000 44.780052
1340.375000 18.974613 0.211000 44.980000
1341.250000 19.179562 0.211000 45.180027
1342.750000 19.179562 0.211000 45.379978
1343.750000 19.380335 0.211000 45.580002
1346.125000 19.380335 0.211000 45.780018
1347.375000 19.580389 0.215000 45.980083
1348.875000 19.580389 0.215000 46.180008
1349.500000 19.580389 0.215000 46.380005
1349.750000 19.580389 0.215000 46.580021
1349.750000 19.580389 0.215000 46.780041
1349.750000 19.780445 0.210000 46.980034
1350.500000 19.780445 0.210000 47.180016
1351.625000 19.980501 0.210000 47.379986
1352.875000 19.980501 0.210000 47.579994
1354.125000 20.180557 0.204000 47.780037
1355.625000 20.180557 0.204000 47.980019
1357.625000 20.380613 0.204000 48.180000
1359.000000 20.380613 0.204000 48.379978
1361.875000 20.580669 0.204000 48.580059
1364.250000 20.580669 0.204000 48.780060
1365.500000 20.780725 0.217000 48.979977
1366.625000 20.780725 0.217000 49.180016
1367.625000 20.780725 0.217000 49.380005
1367.750000 20.780725 0.217000 49.580006
1367.750000 20.780725 0.205000 49.780056
1367.750000 20.780725 0.205000 49.980007
1367.750000 20.980814 0.205000 50.180016
1369.125000 20.980814 0.205000 50.380020
1371.375000 20.980814 0.205000 50.580040
1373.125000 21.184126 0.192000 50.780018
1373.875000 21.184126 0.192000 50.980019
1375.375000 21.387922 0.192000 51.180023
1376.875000 21.387922 0.192000 51.379978
1378.125000 21.592922 0.192000 51.580032
1379.125000 21.592922 0.192000 51.780033
1381.125000 21.797913 0.211000 51.980019
1382.875000 21.797913 0.211000 52.179989
1384.500000 21.998709 0.211000 52.379978
1386.000000 21.998709 0.211000 52.579990
1388.000000 22.203701 0.211000 52.779995
1389.000000 22.203701 0.213000 52.980011
1392.625000 22.408678 0.213000 53.180016
1394.875000 22.408678 0.213000 53.380024
1396.500000 22.613655 0.213000 53.580036
1399.375000 22.613655 0.213000 53.780025
1404.875000 22.818630 0.213000 53.980030
1406.750000 22.818630 0.213000 54.180023
1410.125000 23.023602 0.213000 54.380005
1412.250000 23.023602 0.213000 54.580009
1418.750000 23.228573 0.213000 54.779999
1420.875000 23.228573 0.215000 54.979977
1422.750000 23.433544 0.215000 55.179989
1428.000000 23.433544 0.215000 55.380024
1431.500000 23.433544 0.215000 55.580021
1434.125000 23.641006 0.215000 55.780041
1437.750000 23.641006 0.216000 55.980011
1441.875000 23.843464 0.216000 56.180012
1442.875000 23.843464 0.216000 56.379993
1444.750000 24.048422 0.216000 56.580036
1445.500000 24.048422 0.216000 56.790241
1447.625000 24.253376 0.216000 57.000351
1449.250000 24.253376 0.216000 57.200352
1450.375000 24.253376 0.613000 57.410248
1452.000000 24.453379 0.613000 57.630199
1452.875000 24.453379 0.613000 57.809944
1453.375000 24.453379 0.613000 58.009956
1453.625000 24.453379 0.613000 58.209957
1454.000000 24.453379 0.613000 58.409935
1454.125000 24.453379 0.613000 58.609962
1455.000000 24.453379 0.209000 58.809971
1455.500000 24.453379 0.209000 59.009953
1455.625000 24.453379 0.209000 59.209957
1456.125000 24.453379 0.209000 59.409954
1456.875000 24.658365 0.209000 59.609962
1460.625000 24.658365 0.205000 59.809982
1466.500000 24.858366 0.205000 60.009964
1470.625000 24.858366 0.205000 60.209969
1472.500000 25.058371 0.205000 60.409920
1474.000000 25.058371 0.205000 60.609985
1474.875000 25.263365 0.205000 60.809948
1475.500000 25.263365 0.227000 61.009933
1480.250000 25.468359 0.227000 61.209934
1486.125000 25.468359 0.227000 61.410027
1490.375000 25.673357 0.227000 61.609974
1493.750000 25.673357 0.220000 61.809975
1495.875000 25.878353 0.220000 62.009998
1497.625000 25.878353 0.220000 62.209969
1500.250000 26.078358 0.220000 62.409962
1504.750000 26.078358 0.220000 62.609959
1511.750000 26.278385 0.219000 62.809959
1515.125000 26.278385 0.219000 63.009968
1517.750000 26.478416 0.219000 63.209972
1522.250000 26.478416 0.219000 63.409958
1524.125000 26.678450 0.219000 63.609985
1527.875000 26.678450 0.219000 63.809982
1533.000000 26.878477 0.231000 64.009956
1536.500000 26.878477 0.231000 64.209961
1539.625000 27.078510 0.231000 64.409958
1544.000000 27.078510 0.231000 64.609955
1549.375000 27.278545 0.231000 64.809967
1552.125000 27.278545 0.235000 65.009964
1556.625000 27.478579 0.235000 65.209953
1563.250000 27.478579 0.235000 65.409966
1566.625000 27.678608 0.235000 65.609955
1570.125000 27.678608 0.235000 65.809967
1575.000000 27.878641 0.230000 66.009956
1579.125000 27.878641 0.230000 66.209953
1583.750000 28.078667 0.230000 66.409958
1588.000000 28.078667 0.230000 66.609985
1593.875000 28.278698 0.230000 66.809990
1602.875000 28.278698 0.228000 67.009949
1610.750000 28.478731 0.228000 67.209969
1614.875000 28.478731 0.228000 67.409958
1618.125000 28.678766 0.228000 67.609932
1621.625000 28.678766 0.228000 67.809975
1625.375000 28.878799 0.241000 68.009949
1630.625000 28.878799 0.241000 68.209969
1640.625000 29.078833 0.241000 68.409981
1649.125000 29.078833 0.241000 68.609985
1652.250000 29.278854 0.228000 68.809982
1654.625000 29.278854 0.228000 69.009956
1657.250000 29.278854 0.228000 69.209946
1660.125000 29.479471 0.228000 69.409935
1664.375000 29.479471 0.228000 69.609955
1671.000000 29.479471 0.221000 69.809975
1674.750000 29.683519 0.221000 70.009933
1681.000000 29.683519 0.221000 70.209930
1688.250000 29.886005 0.221000 70.410011
1696.375000 29.886005 0.221000 70.609955
1701.250000 30.086081 0.228000 70.809975
1706.625000 30.086081 0.228000 71.009979
1710.625000 30.286980 0.228000 71.209946
1715.375000 30.286980 0.228000 71.409958
1719.875000 30.487036 0.228000 71.609932
1720.250000 30.487036 0.234000 71.809959
1721.125000 30.487036 0.234000 72.009956
1723.625000 30.487036 0.234000 72.209938
1726.000000 30.487036 0.234000 72.409943
1729.250000 30.687376 0.234000 72.610031
1735.250000 30.687376 0.212000 72.809959
1738.750000 30.889778 0.212000 73.009926
1744.875000 30.889778 0.212000 73.209953
1752.000000 31.093578 0.212000 73.409966
1758.500000 31.093578 0.212000 73.610046
1765.125000 31.298573 0.237000 73.809967
1771.625000 31.298573 0.237000 74.009933
1776.375000 31.498585 0.237000 74.209946
1782.875000 31.498585 0.237000 74.409935
1787.750000 31.698597 0.237000 74.609932
1796.375000 31.698597 0.237000 74.809967
1804.125000 31.898609 0.243000 75.009949
1809.875000 31.898609 0.243000 75.209953
1815.625000 32.098621 0.243000 75.409966
1822.250000 32.098621 0.243000 75.609985
1829.000000 32.298634 0.243000 75.810036
1838.000000 32.298634 0.242000 76.009956
1846.500000 32.498646 0.242000 76.209969
1851.500000 32.498646 0.242000 76.409981
1856.250000 32.698658 0.242000 76.609962
1862.875000 32.698658 0.242000 76.810013
1868.375000 32.898670 0.241000 77.009964
1876.125000 32.898670 0.241000 77.209938
1882.875000 33.098682 0.241000 77.409935
1888.500000 33.098682 0.241000 77.609940
1895.875000 33.298695 0.241000 77.809952
1905.375000 33.298695 0.242000 78.009941
1916.375000 33.498707 0.242000 78.209961
1922.250000 33.498707 0.242000 78.409958
1930.125000 33.698719 0.242000 78.609962
1936.250000 33.698719 0.242000 78.809959
1938.625000 33.901649 0.258000 79.009964
1939.875000 33.901649 0.258000 79.209976
1942.750000 33.901649 0.258000 79.409935
1948.250000 34.102211 0.258000 79.609955
1956.125000 34.102211 0.258000 79.809998
1964.250000 34.102211 0.247000 80.009964
1967.500000 34.308105 0.247000 80.209969
1971.250000 34.308105 0.247000 80.409958
1977.000000 34.508968 0.247000 80.609962
1983.000000 34.508968 0.247000 80.809975
1986.625000 34.708969 0.249000 81.009956
1995.500000 34.708969 0.249000 81.210030
2002.750000 34.912884 0.249000 81.409958
2007.750000 34.912884 0.249000 81.609970
2008.250000 34.912884 0.249000 81.809944
2009.875000 34.912884 0.257000 82.009949
2012.375000 35.113365 0.257000 82.209976
2015.250000 35.113365 0.257000 82.409966
2020.625000 35.113365 0.257000 82.609970
2027.625000 35.316200 0.257000 82.809967
2033.000000 35.316200 0.240000 83.009972
2040.500000 35.517906 0.240000 83.209930
2049.625000 35.517906 0.240000 83.409927
2058.625000 35.720379 0.240000 83.609978
2064.250000 35.720379 0.240000 83.809959
2072.000000 35.923847 0.261000 84.009964
2081.375000 35.923847 0.261000 84.209969
2091.000000 36.123878 0.261000 84.409958
2096.625000 36.123878 0.261000 84.609962
2100.500000 36.323921 0.261000 84.809959
2105.750000 36.323921 0.258000 85.009956
2109.125000 36.524902 0.258000 85.209976
2110.625000 36.524902 0.258000 85.409966
2115.875000 36.524902 0.258000 85.609962
2121.750000 36.726933 0.258000 85.809967
2126.250000 36.726933 0.268000 86.010025
2130.500000 36.726933 0.268000 86.209969
2134.625000 36.927753 0.268000 86.409966
2139.875000 36.927753 0.268000 86.609962
2143.375000 37.132751 0.268000 86.810020
2148.500000 37.132751 0.255000 87.009949
2155.000000 37.336632 0.255000 87.209946
2157.500000 37.336632 0.255000 87.409958
2162.625000 37.541626 0.255000 87.609970
2166.500000 37.541626 0.255000 87.809937
2168.000000 37.746616 0.268000 88.009956
2168.500000 37.746616 0.268000 88.209953
2170.875000 37.746616 0.268000 88.409958
2178.125000 37.946892 0.268000 88.609955
2190.000000 37.946892 0.268000 88.809982
2194.250000 38.147724 0.259000 89.009972
2197.125000 38.147724 0.259000 89.209976
2200.000000 38.352715 0.259000 89.410011
2201.875000 38.352715 0.259000 89.609962
2207.375000 38.557713 0.259000 89.820251
2216.125000 38.557713 0.259000 90.020309
2222.000000 38.557713 0.259000 90.240356
2228.375000 38.761364 0.259000 90.450142
2232.750000 38.963837 0.708000 90.675789
2236.125000 38.963837 0.708000 90.844894
2239.250000 38.963837 0.708000 91.044960
2239.625000 38.963837 0.708000 91.244965
2239.875000 38.963837 0.708000 91.444939
2240.500000 39.168823 0.708000 91.644958
2241.125000 39.168823 0.708000 91.844887
2241.375000 39.168823 0.265000 92.044937
2241.500000 39.168823 0.265000 92.244881
2241.750000 39.168823 0.265000 92.444954
2241.750000 39.168823 0.265000 92.644897
2242.750000 39.373810 0.247000 92.845016
2248.500000 39.373810 0.247000 93.044975
2252.875000 39.578796 0.247000 93.244911
2255.500000 39.578796 0.247000 93.444916
2259.500000 39.783760 0.247000 93.644905
2262.625000 39.783760 0.247000 93.844940
2263.875000 39.783760 0.260000 94.044968
2267.625000 39.986801 0.260000 94.244904
2269.500000 39.986801 0.260000 94.444946
2272.125000 40.188393 0.260000 94.644875
2275.750000 40.188393 0.254000 94.844971
2280.125000 40.188393 0.254000 95.044922
2285.125000 40.390007 0.254000 95.244904
2287.875000 40.390007 0.254000 95.444916
2291.375000 40.593853 0.254000 95.644890
2292.750000 40.593853 0.253000 95.844971
2295.750000 40.793858 0.253000 96.044868
2297.625000 40.793858 0.253000 96.244904
2300.375000 40.997791 0.253000 96.444923
2301.125000 40.997791 0.253000 96.644882
2301.375000 40.997791 0.253000 96.844894
2302.000000 40.997791 0.261000 97.044922
2304.875000 41.202785 0.261000 97.244926
2307.375000 41.202785 0.261000 97.444923
2309.375000 41.407784 0.261000 97.644913
2311.375000 41.407784 0.261000 97.865036
2313.500000 41.608547 0.261000 98.075256
2315.625000 41.608547 0.460000 98.275223
2317.875000 41.808548 0.460000 98.485161
2318.625000 41.808548 0.460000 98.675224
2319.875000 42.008549 0.460000 98.864899
2319.875000 42.008549 0.460000 99.064896
2319.875000 42.008549 0.460000 99.264946
2320.000000 42.008549 0.460000 99.464928
2320.125000 42.208549 0.460000 99.664886
2320.125000 42.208549 0.248000 99.864922
2320.250000 42.208549 0.248000 100.064949
2320.250000 42.208549 0.248000 100.264900
2320.500000 42.208549 0.248000 100.464897
2321.500000 42.413548 0.248000 100.664902
2323.375000 42.413548 0.230000 100.864983
2325.750000 42.618546 0.230000 101.064880
2328.750000 42.618546 0.230000 101.264923
2329.250000 42.823544 0.230000 101.464890
2330.875000 42.823544 0.230000 101.664932
2332.000000 43.028542 0.232000 101.864922
2333.875000 43.028542 0.232000 102.064949
2335.750000 43.233540 0.232000 102.264931
2337.000000 43.233540 0.232000 102.464905
2338.375000 43.438538 0.232000 102.665001
2338.875000 43.438538 0.231000 102.864929
2340.125000 43.643536 0.231000 103.064896
2341.375000 43.643536 0.231000 103.264969
2342.500000 43.848534 0.231000 103.464882
2343.250000 43.848534 0.231000 103.664894
2343.250000 43.848534 0.229000 103.864883
2343.250000 43.848534 0.229000 104.064888
2343.250000 43.848534 0.229000 104.264915
2343.250000 43.848534 0.229000 104.464966
2343.750000 43.848534 0.229000 104.664879
2344.000000 43.848534 0.210000 104.864883
2345.000000 43.848534 0.210000 105.064903
2345.875000 44.052189 0.210000 105.264954
2346.500000 44.052189 0.210000 105.464890
2348.000000 44.256149 0.210000 105.664902
2352.000000 44.256149 0.223000 105.864906
2356.000000 44.457104 0.223000 106.064911
2360.250000 44.457104 0.223000 106.264908
2361.250000 44.657192 0.223000 106.464890
2364.000000 44.657192 0.223000 106.664902
2370.000000 44.862057 0.223000 106.864922
2377.250000 44.862057 0.233000 107.064941
2378.250000 45.066944 0.233000 107.264931
2380.500000 45.066944 0.233000 107.464935
2384.750000 45.271832 0.233000 107.664894
2390.250000 45.271832 0.233000 107.864906
2391.250000 45.476719 0.233000 108.064903
2393.750000 45.476719 0.233000 108.264900
2395.375000 45.476719 0.233000 108.464905
2402.500000 45.681606 0.233000 108.664925
2404.875000 45.681606 0.231000 108.864914
2406.875000 45.886494 0.231000 109.064903
2409.000000 45.886494 0.231000 109.264915
2410.125000 46.091381 0.231000 109.464905
2411.750000 46.091381 0.231000 109.664932
2412.125000 46.091381 0.231000 109.896187
2412.250000 46.091381 0.231000 110.105301
2412.250000 46.091381 0.332000 110.310059
2415.375000 46.091381 0.332000 110.535278
2418.125000 46.091381 0.332000 110.735283
2421.500000 46.293213 0.332000 110.924889
2421.750000 46.293213 0.332000 111.124924
2421.875000 46.293213 0.332000 111.324890
2421.875000 46.293213 0.332000 111.524918
2421.875000 46.293213 0.332000 111.724915
2422.000000 46.293213 0.219000 111.924911
2422.875000 46.293213 0.219000 112.124947
2426.250000 46.293213 0.219000 112.324898
2428.750000 46.496082 0.219000 112.524902
2433.875000 46.496082 0.219000 112.724907
2436.875000 46.697662 0.223000 112.924904
2439.625000 46.697662 0.223000 113.124969
2443.000000 46.901566 0.223000 113.324905
2450.250000 46.901566 0.223000 113.524879
2453.625000 46.901566 0.223000 113.725014
2456.250000 47.105434 0.252000 113.924904
2458.625000 47.105434 0.252000 114.124870
2460.625000 47.310375 0.252000 114.324883
2460.875000 47.310375 0.252000 114.524910
2461.000000 47.310375 0.252000 114.724915
2461.000000 47.310375 0.231000 114.924934
2461.125000 47.310375 0.231000 115.124916
2461.875000 47.310375 0.231000 115.324944
2462.500000 47.310375 0.231000 115.524948
2464.750000 47.310375 0.231000 115.724899
2469.000000 47.512489 0.215000 115.924896
2470.875000 47.512489 0.215000 116.124969
2473.750000 47.713211 0.215000 116.324921
2477.000000 47.713211 0.215000 116.524902
2482.375000 47.916992 0.215000 116.724960
2487.125000 47.916992 0.239000 116.924904
2492.000000 48.117023 0.239000 117.124924
2495.375000 48.117023 0.239000 117.324890
2498.375000 48.317081 0.239000 117.524933
2500.250000 48.317081 0.239000 117.724907
2501.875000 48.517139 0.261000 117.924942
2504.625000 48.517139 0.261000 118.124924
2510.625000 48.717201 0.261000 118.324905
2514.375000 48.717201 0.261000 118.524879
2516.000000 48.917274 0.261000 118.724907
2517.000000 48.917274 0.240000 118.924904
2517.250000 48.917274 0.240000 119.124908
2518.000000 48.917274 0.240000 119.324898
2519.500000 48.917274 0.240000 119.524956
2521.625000 49.120144 0.240000 119.724907
2525.375000 49.120144 0.240000 119.930176
2530.875000 49.323803 0.356000 120.135170
2534.750000 49.323803 0.356000 120.325211
2540.375000 49.528736 0.356000 120.535210
2544.500000 49.528736 0.356000 120.735268
2546.375000 49.729126 0.356000 120.924911
2546.375000 49.729126 0.356000 121.124939
2546.500000 49.729126 0.356000 121.324921
2547.500000 49.729126 0.356000 121.524940
2547.625000 49.729126 0.356000 121.724899
2547.625000 49.729126 0.356000 121.924927
2547.875000 49.729126 0.243000 122.124947
2548.000000 49.729126 0.243000 122.324913
2549.625000 49.729126 0.243000 122.524902
2553.500000 49.729126 0.243000 122.724922
2556.875000 49.929340 0.226000 122.924957
2560.250000 49.929340 0.226000 123.124878
2564.375000 50.132236 0.226000 123.324936
2565.375000 50.132236 0.226000 123.524887
2565.375000 50.132236 0.226000 123.724884
2565.375000 50.132236 0.236000 123.924995
2566.250000 50.132236 0.236000 124.124886
2568.125000 50.132236 0.236000 124.324890
2573.500000 50.334194 0.236000 124.524948
2575.875000 50.334194 0.236000 124.724907
2578.875000 50.539082 0.232000 124.924904
2582.750000 50.539082 0.232000 125.124893
2585.625000 50.743969 0.232000 125.324913
2589.750000 50.743969 0.232000 125.524910
2591.750000 50.948856 0.232000 125.724869
2595.125000 50.948856 0.250000 125.924889
2600.000000 51.153744 0.250000 126.124886
2601.625000 51.153744 0.250000 126.324905
2603.500000 51.355656 0.250000 126.524895
2603.625000 51.355656 0.250000 126.724945
2603.625000 51.355656 0.245000 126.924881
2603.750000 51.355656 0.245000 127.124916
2603.750000 51.355656 0.245000 127.324875
2603.875000 51.355656 0.245000 127.524933
2604.125000 51.355656 0.245000 127.724899
2604.125000 51.355656 0.224000 127.924896
2606.000000 51.355656 0.224000 128.125000
2610.875000 51.355656 0.224000 128.324875
2614.750000 51.558598 0.224000 128.524902
2618.500000 51.558598 0.224000 128.724899
2621.625000 51.763485 0.234000 128.924942
2625.125000 51.763485 0.234000 129.124893
2627.125000 51.968372 0.234000 129.324951
2631.125000 51.968372 0.234000 129.524902
2637.125000 52.173260 0.234000 129.724945
2641.500000 52.173260 0.246000 129.924973
2645.000000 52.378147 0.246000 130.124908
2647.125000 52.378147 0.246000 130.324921
2648.250000 52.378147 0.246000 130.524872
2648.625000 52.378147 0.246000 130.724976
2648.875000 52.378147 0.244000 130.924866
2651.375000 52.581097 0.244000 131.124878
2656.000000 52.581097 0.244000 131.324875
2659.875000 52.783001 0.244000 131.524902
2661.125000 52.783001 0.244000 131.724960
2663.125000 52.987888 0.244000 131.935120
2669.875000 52.987888 0.286000 132.135513
2676.875000 53.192776 0.286000 132.345169
2679.500000 53.192776 0.286000 132.535355
2681.125000 53.397663 0.286000 132.735214
2683.250000 53.397663 0.286000 132.924896
2683.500000 53.397663 0.286000 133.124893
2683.625000 53.397663 0.286000 133.324890
2683.625000 53.397663 0.286000 133.524933
2683.625000 53.397663 0.286000 133.724915
2683.625000 53.397663 0.241000 133.924896
2683.625000 53.397663 0.241000 134.124878
2685.000000 53.397663 0.241000 134.324875
2690.250000 53.602551 0.241000 134.524918
2696.000000 53.602551 0.241000 134.724976
2698.750000 53.807438 0.238000 134.924896
2699.875000 53.807438 0.238000 135.124939
2700.875000 53.807438 0.238000 135.324966
2706.000000 54.014824 0.238000 135.524902
2712.875000 54.014824 0.238000 135.724960
2716.375000 54.217213 0.246000 135.924927
2722.625000 54.217213 0.246000 136.124985
2725.750000 54.422100 0.246000 136.324905
2731.000000 54.422100 0.246000 136.524902
2734.500000 54.626987 0.246000 136.724915
2739.750000 54.626987 0.222000 136.924896
2740.750000 54.831875 0.222000 137.124954
2741.000000 54.831875 0.222000 137.324951
2742.625000 54.831875 0.222000 137.524963
2747.000000 55.032772 0.222000 137.724915
2753.000000 55.032772 0.215000 137.924896
2756.000000 55.237762 0.215000 138.124954
2759.000000 55.237762 0.215000 138.324890
2764.750000 55.442680 0.215000 138.524948
2767.625000 55.442680 0.215000 138.724884
2774.000000 55.643471 0.227000 138.924896
2775.375000 55.643471 0.227000 139.124893
2778.125000 55.843502 0.227000 139.324951
2780.250000 55.843502 0.227000 139.524872
2786.750000 55.843502 0.227000 139.724945
2790.625000 56.049847 0.226000 139.924973
2792.875000 56.049847 0.226000 140.124908
2796.125000 56.252316 0.226000 140.324936
2799.625000 56.252316 0.226000 140.524918
2802.250000 56.457260 0.226000 140.724899
2803.500000 56.457260 0.226000 140.924911
2805.000000 56.457260 0.226000 141.124939
2807.875000 56.662239 0.226000 141.324921
2813.625000 56.662239 0.226000 141.524887
2817.375000 56.867172 0.226000 141.724915
2820.375000 56.867172 0.221000 141.924881
2824.625000 57.072098 0.221000 142.124893
2827.125000 57.072098 0.221000 142.324905
2830.750000 57.277016 0.221000 142.524902
2835.250000 57.277016 0.221000 142.724930
2838.250000 57.481926 0.229000 142.924866
2841.875000 57.481926 0.229000 143.124878
2843.625000 57.686829 0.229000 143.324905
2846.500000 57.686829 0.229000 143.524887
2848.500000 57.891720 0.229000 143.724945
2851.625000 57.891720 0.216000 143.924896
2856.375000 58.096722 0.216000 144.124878
2859.000000 58.096722 0.216000 144.324875
2860.625000 58.296726 0.216000 144.524979
2861.500000 58.296726 0.216000 144.724960
2863.250000 58.496738 0.215000 144.924942
2865.750000 58.496738 0.215000 145.124954
2869.375000 58.696793 0.215000 145.324875
2874.000000 58.696793 0.215000 145.524963
2877.250000 58.896793 0.215000 145.724945
2879.250000 58.896793 0.219000 145.924911
2883.875000 59.101791 0.219000 146.124924
2886.000000 59.101791 0.219000 146.324905
2888.625000 59.306786 0.219000 146.525024
2891.875000 59.306786 0.219000 146.724930
2894.875000 59.511780 0.222000 146.924881
2897.125000 59.511780 0.222000 147.124908
2898.500000 59.716774 0.222000 147.324951
2902.000000 59.716774 0.222000 147.524948
2904.625000 59.921761 0.222000 147.724884
2906.125000 59.921761 0.220000 147.924896
2906.250000 59.921761 0.220000 148.124939
2909.125000 59.921761 0.220000 148.324890
2911.250000 60.126194 0.220000 148.524902
2913.250000 60.126194 0.220000 148.724884
2915.250000 60.327801 0.216000 148.924911
2917.500000 60.327801 0.216000 149.124863
2919.000000 60.528584 0.216000 149.324875
2921.375000 60.528584 0.216000 149.524902
2925.375000 60.729557 0.216000 149.724930
2927.500000 60.729557 0.217000 149.924957
2930.250000 60.729557 0.217000 150.124939
2932.000000 60.937897 0.217000 150.324875
2934.000000 60.937897 0.217000 150.524872
2935.250000 61.139389 0.217000 150.724960
2935.875000 61.139389 0.219000 150.924942
2936.375000 61.139389 0.219000 151.124878
2937.125000 61.139389 0.219000 151.324966
2938.000000 61.139389 0.219000 151.524994
2940.125000 61.139389 0.219000 151.724976
2941.375000 61.345184 0.202000 151.924896
2943.125000 61.345184 0.202000 152.124954
2944.500000 61.547676 0.202000 152.324936
2945.500000 61.547676 0.202000 152.524933
2948.750000 61.748508 0.202000 152.724945
2953.125000 61.748508 0.212000 152.924881
2956.875000 61.948532 0.212000 153.124954
2960.125000 61.948532 0.212000 153.324875
2965.250000 62.148617 0.212000 153.524994
2969.125000 62.148617 0.212000 153.724915
2973.250000 62.349510 0.227000 153.924896
2976.125000 62.349510 0.227000 154.124908
2979.000000 62.554466 0.227000 154.324905
2981.500000 62.554466 0.227000 154.524948
2983.375000 62.759415 0.227000 154.724869
2984.500000 62.759415 0.225000 154.924911
2985.125000 62.759415 0.225000 155.124878
2985.375000 62.759415 0.225000 155.324936
2985.625000 62.759415 0.225000 155.524872
2985.750000 62.759415 0.225000 155.724915
2985.750000 62.759415 0.198000 155.924942
2987.125000 62.759415 0.198000 156.124863
2988.625000 62.961555 0.198000 156.324905
2990.000000 62.961555 0.198000 156.524963
2992.875000 63.162506 0.198000 156.724899
2995.500000 63.162506 0.212000 156.924957
2997.000000 63.367474 0.212000 157.124969
2998.500000 63.367474 0.212000 157.324875
3001.125000 63.367474 0.212000 157.524994
3003.500000 63.570797 0.212000 157.724930
3005.125000 63.570797 0.220000 157.924866
3007.125000 63.773258 0.220000 158.124939
3009.000000 63.773258 0.220000 158.324875
3010.500000 63.974106 0.220000 158.524872
3011.625000 63.974106 0.220000 158.724945
3013.750000 64.174118 0.226000 158.924957
3015.625000 64.174118 0.226000 159.124878
3015.875000 64.174118 0.226000 159.324890
3016.250000 64.174118 0.226000 159.524902
3016.625000 64.174118 0.226000 159.724960
3017.375000 64.174118 0.212000 159.924896
3017.625000 64.377007 0.212000 160.124924
3019.250000 64.377007 0.212000 160.324966
3021.000000 64.577835 0.212000 160.524887
3022.000000 64.577835 0.212000 160.724823
3023.750000 64.577835 0.212000 160.924911
3025.250000 64.779259 0.212000 161.124969
3026.750000 64.779259 0.212000 161.324890
3029.125000 64.981735 0.212000 161.524918
3031.125000 64.981735 0.212000 161.724960
3033.000000 65.186668 0.218000 161.924942
3035.000000 65.186668 0.218000 162.124939
3036.375000 65.390541 0.218000 162.324951
3037.250000 65.390541 0.218000 162.524902
3039.500000 65.590546 0.218000 162.724930
3042.750000 65.590546 0.212000 162.924866
3047.250000 65.790558 0.212000 163.124939
3048.125000 65.790558 0.212000 163.324936
3051.125000 65.994438 0.212000 163.524979
3053.375000 65.994438 0.212000 163.724869
3055.750000 66.196022 0.228000 163.924896
3059.375000 66.196022 0.228000 164.124878
3063.000000 66.196022 0.228000 164.324936
3066.125000 66.399361 0.228000 164.524887
3069.000000 66.399361 0.228000 164.724869
3072.375000 66.600708 0.221000 164.924942
3076.250000 66.600708 0.221000 165.124878
3078.625000 66.801590 0.221000 165.324875
3080.875000 66.801590 0.221000 165.524902
3082.000000 67.004585 0.221000 165.724930
3082.000000 67.004585 0.232000 165.924942
3082.375000 67.004585 0.232000 166.124893
3084.625000 67.004585 0.232000 166.324905
3086.500000 67.206589 0.232000 166.524918
3087.625000 67.206589 0.232000 166.724915
3088.250000 67.406601 0.221000 166.924881
3089.500000 67.406601 0.221000 167.124924
3090.750000 67.610397 0.221000 167.324905
3091.875000 67.610397 0.221000 167.524902
3093.750000 67.810394 0.221000 167.724976
3095.250000 67.810394 0.226000 167.924881
3096.375000 68.010391 0.226000 168.124924
3098.125000 68.010391 0.226000 168.324921
3099.250000 68.212395 0.226000 168.524902
3099.375000 68.212395 0.226000 168.724930
3099.375000 68.212395 0.225000 168.924866
3099.500000 68.212395 0.225000 169.124878
3100.000000 68.212395 0.225000 169.324890
3100.375000 68.212395 0.225000 169.524872
3101.500000 68.212395 0.225000 169.724915
3101.750000 68.415443 0.211000 169.934921
3103.125000 68.415443 0.211000 170.124878
3105.500000 68.620430 0.211000 170.324875
3106.500000 68.620430 0.211000 170.524887
3107.500000 68.821785 0.211000 170.724915
3108.875000 68.821785 0.234000 170.924881
3109.125000 69.021828 0.234000 171.124908
3110.500000 69.021828 0.234000 171.324875
3112.500000 69.225716 0.234000 171.524872
3114.625000 69.225716 0.234000 171.724945
3116.375000 69.429558 0.231000 171.924896
3118.250000 69.429558 0.231000 172.124908
3120.500000 69.629578 0.231000 172.334900
3121.500000 69.629578 0.231000 172.524963
3123.500000 69.829651 0.231000 172.734940
3124.000000 69.829651 0.220000 172.934937
3124.000000 69.829651 0.220000 173.124908
3124.375000 69.829651 0.220000 173.324905
3127.250000 70.034058 0.220000 173.524887
3128.750000 70.034058 0.220000 173.724884
3130.125000 70.235664 0.219000 173.924896
3133.125000 70.235664 0.219000 174.124924
3135.125000 70.439613 0.219000 174.324890
3136.375000 70.439613 0.219000 174.524887
3138.250000 70.644600 0.219000 174.734924
3141.625000 70.644600 0.221000 174.924881
3144.500000 70.845428 0.221000 175.124878
3146.375000 70.845428 0.221000 175.324890
3149.375000 71.045509 0.221000 175.534943
3149.750000 71.045509 0.221000 175.724884
3149.750000 71.045509 0.210000 175.924927
3151.375000 71.045509 0.210000 176.134949
3154.250000 71.045509 0.210000 176.324921
3158.250000 71.245529 0.210000 176.534882
3161.375000 71.245529 0.210000 176.724899
3164.625000 71.445610 0.202000 176.924911
3170.625000 71.445610 0.202000 177.124893
3173.000000 71.645691 0.202000 177.324905
3176.000000 71.645691 0.202000 177.524902
3177.875000 71.846542 0.202000 177.724930
3180.375000 71.846542 0.213000 177.924881
3183.750000 72.046547 0.213000 178.124878
3188.000000 72.046547 0.213000 178.324875
3189.875000 72.251053 0.213000 178.524872
3189.875000 72.251053 0.213000 178.724884
3189.875000 72.251053 0.220000 178.924881
3192.250000 72.251053 0.220000 179.124878
3194.500000 72.251053 0.220000 179.324921
3197.875000 72.451622 0.220000 179.524902
3200.750000 72.451622 0.220000 179.724930
3203.625000 72.656624 0.207000 179.924957
3209.125000 72.656624 0.207000 180.124924
3212.000000 72.861626 0.207000 180.324921
3216.000000 72.861626 0.207000 180.524918
3221.375000 73.066628 0.207000 180.724884
3225.750000 73.066628 0.222000 180.924881
3229.625000 73.271629 0.222000 181.124893
3233.250000 73.271629 0.222000 181.324905
3237.375000 73.473526 0.222000 181.524918
3238.375000 73.473526 0.222000 181.734970
3239.125000 73.473526 0.225000 181.924957
3240.125000 73.473526 0.225000 182.124878
3242.375000 73.473526 0.225000 182.324951
3246.500000 73.676590 0.225000 182.524902
3247.125000 73.676590 0.225000 182.734924
3252.500000 73.881584 0.224000 182.924927
3254.750000 73.881584 0.224000 183.134918
3257.500000 74.086578 0.224000 183.335022
3260.000000 74.086578 0.224000 183.524887
3263.625000 74.291573 0.224000 183.724884
3265.250000 74.291573 0.229000 183.924896
3269.375000 74.496567 0.229000 184.124878
3272.500000 74.496567 0.229000 184.324951
3276.250000 74.697083 0.229000 184.524872
3276.500000 74.697083 0.229000 184.724930
3276.625000 74.697083 0.250000 184.924911
3277.625000 74.697083 0.250000 185.124878
3281.875000 74.697083 0.250000 185.324875
3285.750000 74.901588 0.250000 185.525055
3289.875000 74.901588 0.250000 185.724884
3296.875000 75.106544 0.231000 185.924911
3301.000000 75.106544 0.231000 186.124924
3303.750000 75.311501 0.231000 186.324982
3306.375000 75.311501 0.231000 186.524933
3314.625000 75.516457 0.231000 186.724915
3319.625000 75.516457 0.234000 186.924896
3323.500000 75.720329 0.234000 187.124954
3328.500000 75.720329 0.234000 187.324921
3330.375000 75.720329 0.234000 187.524963
3330.500000 75.720329 0.234000 187.724884
3330.750000 75.720329 0.244000 187.924911
3331.750000 75.923363 0.244000 188.124908
3339.375000 75.923363 0.244000 188.324875
3341.500000 75.923363 0.244000 188.524887
3346.000000 76.127907 0.244000 188.724823
3348.750000 76.127907 0.245000 188.924911
3357.000000 76.327957 0.245000 189.124878
3364.000000 76.327957 0.245000 189.324890
3368.375000 76.528008 0.245000 189.524887
3373.000000 76.528008 0.245000 189.734894
3377.625000 76.729370 0.262000 189.924866
3383.875000 76.729370 0.262000 190.124908
3390.500000 76.929375 0.262000 190.324921
3393.875000 76.929375 0.262000 190.524948
3394.000000 76.929375 0.262000 190.724854
3394.000000 76.929375 0.249000 190.924896
3394.500000 76.929375 0.249000 191.124893
3398.750000 77.133308 0.249000 191.324982
3402.625000 77.133308 0.249000 191.524902
3409.250000 77.334305 0.249000 191.724884
3415.625000 77.334305 0.232000 191.924942
3419.875000 77.534309 0.232000 192.124878
3426.500000 77.534309 0.232000 192.324921
3431.250000 77.734314 0.232000 192.524887
3438.250000 77.734314 0.232000 192.724930
3442.250000 77.934319 0.251000 192.924957
3447.875000 77.934319 0.251000 193.124878
3452.125000 78.134323 0.251000 193.324966
3454.375000 78.134323 0.251000 193.524918
3454.625000 78.134323 0.251000 193.734894
3454.625000 78.134323 0.253000 193.924896
3456.000000 78.134323 0.253000 194.134888
3460.625000 78.337410 0.253000 194.324936
3465.625000 78.337410 0.253000 194.524902
3471.875000 78.539162 0.253000 194.724945
3475.500000 78.539162 0.241000 194.924911
3480.250000 78.739166 0.241000 195.134888
3484.750000 78.739166 0.241000 195.324875
3489.875000 78.939171 0.241000 195.524948
3495.625000 78.939171 0.241000 195.724915
3500.375000 79.139175 0.256000 195.924911
3507.375000 79.139175 0.256000 196.124893
3513.625000 79.339180 0.256000 196.334900
3516.250000 79.339180 0.256000 196.524902
3517.000000 79.339180 0.256000 196.724884
3517.125000 79.339180 0.233000 196.924988
3520.125000 79.339180 0.233000 197.124893
3525.000000 79.539742 0.233000 197.324905
3533.750000 79.539742 0.233000 197.534897
3540.375000 79.744209 0.233000 197.725021
3544.000000 79.744209 0.228000 197.924927
3547.000000 79.949173 0.228000 198.124924
3549.500000 79.949173 0.228000 198.324951
3553.875000 80.154137 0.228000 198.524887
3557.625000 80.154137 0.228000 198.724945
3558.375000 80.358604 0.231000 198.925095
3561.250000 80.358604 0.231000 199.124908
3565.625000 80.563110 0.231000 199.334900
3568.250000 80.563110 0.231000 199.524918
3568.625000 80.563110 0.231000 199.724915
3568.625000 80.563110 0.235000 199.924896
3571.375000 80.563110 0.235000 200.124969
3575.375000 80.763138 0.235000 200.324951
3576.750000 80.763138 0.235000 200.524994
3578.625000 80.963203 0.235000 200.734894
3581.000000 80.963203 0.224000 200.924881
3588.875000 81.163269 0.224000 201.124893
3593.250000 81.163269 0.224000 201.324905
3595.125000 81.365318 0.224000 201.534912
3599.000000 81.365318 0.224000 201.724930
3602.750000 81.569328 0.230000 201.924911
3608.625000 81.569328 0.230000 202.124878
3615.500000 81.769623 0.230000 202.324951
3619.500000 81.769623 0.230000 202.524918
3621.250000 81.769623 0.230000 202.724915
3621.875000 81.769623 0.235000 202.924911
3623.500000 81.769623 0.235000 203.134903
3627.750000 81.969856 0.235000 203.324951
3632.500000 81.969856 0.235000 203.524887
3637.125000 82.170151 0.235000 203.724884
3640.250000 82.170151 0.235000 203.924942
3642.500000 82.370445 0.235000 204.124969
3647.750000 82.370445 0.235000 204.324951
3650.000000 82.570740 0.235000 204.534943
3655.375000 82.570740 0.235000 204.724899
3657.875000 82.771034 0.245000 204.924881
3661.875000 82.771034 0.245000 205.124939
3665.000000 82.971321 0.245000 205.324997
3669.125000 82.971321 0.245000 205.524887
3670.000000 82.971321 0.245000 205.724930
3670.250000 82.971321 0.246000 205.924896
3671.000000 82.971321 0.246000 206.124969
3674.750000 83.175072 0.246000 206.324829
3678.625000 83.175072 0.246000 206.524887
3681.875000 83.175072 0.246000 206.724915
3686.000000 83.376656 0.227000 206.924896
3690.125000 83.376656 0.227000 207.124969
3692.000000 83.577545 0.227000 207.324890
3694.125000 83.577545 0.227000 207.524948
3698.000000 83.778404 0.227000 207.724945
3703.625000 83.778404 0.248000 207.924881
3708.375000 83.983368 0.248000 208.124908
3714.125000 83.983368 0.248000 208.324982
3716.625000 84.187309 0.248000 208.524933
3718.125000 84.187309 0.248000 208.724991
3723.000000 84.391136 0.254000 208.924942
3727.250000 84.391136 0.254000 209.124969
3729.500000 84.596062 0.254000 209.334869
3735.250000 84.596062 0.254000 209.544937
3738.125000 84.798004 0.254000 209.744919
3738.375000 84.798004 0.254000 209.944977
3738.375000 84.798004 0.254000 210.144913
3738.375000 84.798004 0.254000 210.344879
3738.500000 84.798004 0.254000 210.544983
3738.500000 84.798004 0.254000 210.744949
3738.500000 84.798004 0.245000 210.945023
3739.000000 84.798004 0.245000 211.144882
3743.000000 84.798004 0.245000 211.345032
3747.875000 85.000992 0.245000 211.544891
3751.125000 85.000992 0.245000 211.744919
3753.500000 85.201080 0.222000 211.944946
3756.000000 85.201080 0.222000 212.145004
3759.375000 85.401176 0.222000 212.344986
3761.875000 85.401176 0.222000 212.544922
3764.750000 85.601288 0.222000 212.744919
3767.375000 85.601288 0.234000 212.944992
3770.500000 85.801407 0.234000 213.144928
3774.875000 85.801407 0.234000 213.344925
3777.250000 86.001541 0.234000 213.544983
3779.500000 86.001541 0.234000 213.745010
3784.625000 86.201683 0.249000 213.944946
3786.375000 86.201683 0.249000 214.144882
3788.375000 86.201683 0.249000 214.344879
3791.500000 86.403267 0.249000 214.544952
3793.500000 86.403267 0.249000 214.744919
3796.125000 86.605904 0.249000 214.944931
3798.125000 86.605904 0.249000 215.144928
3800.750000 86.806679 0.249000 215.344925
3803.375000 86.806679 0.249000 215.544983
3804.500000 87.010529 0.249000 215.744949
3806.125000 87.010529 0.247000 215.944977
3808.125000 87.210800 0.247000 216.144928
3810.000000 87.210800 0.247000 216.344955
3813.125000 87.414749 0.247000 216.544891
3814.250000 87.414749 0.247000 216.744934
3817.750000 87.615440 0.252000 216.944962
3818.125000 87.615440 0.252000 217.144928
3818.125000 87.615440 0.252000 217.344910
3819.375000 87.615440 0.252000 217.544937
3821.000000 87.615440 0.252000 217.744949
3822.625000 87.817825 0.252000 217.944885
3824.250000 87.817825 0.252000 218.144882
3825.375000 88.018723 0.252000 218.344971
3826.125000 88.018723 0.252000 218.544891
3826.875000 88.223656 0.252000 218.744934
3828.375000 88.223656 0.234000 218.944916
3829.875000 88.428596 0.234000 219.144882
3831.000000 88.428596 0.234000 219.344879
3831.625000 88.632362 0.234000 219.544922
3833.125000 88.632362 0.234000 219.744949
3834.250000 88.832458 0.250000 219.944885
3835.500000 88.832458 0.250000 220.144928
3838.500000 89.032646 0.250000 220.344910
3840.375000 89.032646 0.250000 220.544968
3842.500000 89.232758 0.250000 220.744949
3842.750000 89.232758 0.248000 220.944901
3842.875000 89.232758 0.248000 221.144943
3843.375000 89.232758 0.248000 221.345001
3844.500000 89.232758 0.248000 221.544891
3845.750000 89.434288 0.248000 221.744934
3847.125000 89.434288 0.250000 221.944885
3849.000000 89.635742 0.250000 222.144897
3850.125000 89.635742 0.250000 222.344879
3851.375000 89.839821 0.250000 222.544952
3852.125000 89.839821 0.250000 222.744934
3854.250000 90.040588 0.228000 222.944885
3856.625000 90.040588 0.228000 223.144928
3858.000000 90.241272 0.228000 223.344879
3859.500000 90.241272 0.228000 223.544922
3861.250000 90.444168 0.228000 223.744873
3861.750000 90.444168 0.215000 223.944885
3862.000000 90.444168 0.215000 224.144913
3862.125000 90.444168 0.215000 224.344894
3863.625000 90.444168 0.215000 224.544922
3866.250000 90.646187 0.215000 224.744888
3866.500000 90.646187 0.213000 224.944931
3867.875000 90.846191 0.213000 225.144913
3869.125000 90.846191 0.213000 225.344940
3870.875000 91.051163 0.213000 225.544922
3872.500000 91.051163 0.213000 225.744934
3873.375000 91.256134 0.193000 225.945007
3874.500000 91.256134 0.193000 226.144882
3876.500000 91.456955 0.193000 226.344910
3878.375000 91.456955 0.193000 226.544907
3881.375000 91.456955 0.193000 226.744873
3884.125000 91.661812 0.210000 226.944870
3886.000000 91.661812 0.210000 227.145004
3887.625000 91.865387 0.210000 227.344940
3890.500000 91.865387 0.210000 227.544998
3895.875000 92.065659 0.210000 227.744949
3898.375000 92.065659 0.231000 227.944901
3901.000000 92.269745 0.231000 228.144913
3902.875000 92.269745 0.231000 228.344971
3904.500000 92.473663 0.231000 228.544891
3905.375000 92.473663 0.231000 228.744934
3908.125000 92.673744 0.206000 228.944977
3909.000000 92.673744 0.206000 229.144897
3910.375000 92.874733 0.206000 229.344879
3911.500000 92.874733 0.206000 229.544922
3913.750000 93.074829 0.206000 229.744904
3915.375000 93.074829 0.214000 229.945007
3916.250000 93.074829 0.214000 230.144928
3916.500000 93.074829 0.214000 230.344894
3917.000000 93.276237 0.214000 230.544907
3919.750000 93.276237 0.214000 230.744904
3923.375000 93.481201 0.211000 230.944931
3925.625000 93.481201 0.211000 231.144913
3929.000000 93.681259 0.211000 231.344910
3930.625000 93.681259 0.211000 231.544891
3931.500000 93.885323 0.211000 231.744904
3933.125000 93.885323 0.194000 231.944931
3933.375000 93.885323 0.194000 232.144897
3933.375000 93.885323 0.194000 232.344894
3933.375000 93.885323 0.194000 232.544907
3933.500000 93.885323 0.194000 232.744919
3933.500000 93.885323 0.217000 232.944931
3934.000000 94.087128 0.217000 233.144867
3934.625000 94.087128 0.217000 233.344971
3935.375000 94.288071 0.217000 233.544891
3936.250000 94.288071 0.217000 233.744995
3936.625000 94.488083 0.194000 233.944916
3937.000000 94.488083 0.194000 234.144897
3937.750000 94.688080 0.194000 234.344864
3938.625000 94.688080 0.194000 234.544907
3939.750000 94.688080 0.194000 234.744949
3939.750000 94.688080 0.194000 234.944977
3939.750000 94.688080 0.194000 235.144897
3939.750000 94.688080 0.194000 235.344940
3939.750000 94.688080 0.194000 235.544952
3939.750000 94.688080 0.194000 235.744873
3940.250000 94.888382 0.213000 235.944901
3941.375000 94.888382 0.213000 236.144943
3942.250000 95.088814 0.213000 236.344879
3943.125000 95.088814 0.213000 236.544891
3943.875000 95.088814 0.213000 236.744934
3946.000000 95.296227 0.183000 236.944946
3949.625000 95.296227 0.183000 237.144943
3950.625000 95.498627 0.183000 237.344910
3952.375000 95.498627 0.183000 237.544937
3955.000000 95.702515 0.183000 237.744888
3959.125000 95.702515 0.198000 237.944977
3960.875000 95.907509 0.198000 238.144913
3962.625000 95.907509 0.198000 238.344894
3964.250000 96.108315 0.198000 238.544998
3965.500000 96.108315 0.198000 238.744934
3970.250000 96.313232 0.207000 238.945007
3972.125000 96.313232 0.207000 239.144974
3973.875000 96.513954 0.207000 239.344879
3976.875000 96.513954 0.207000 239.544998
3980.250000 96.714005 0.207000 239.744995
3983.625000 96.714005 0.209000 239.944962
3986.500000 96.918152 0.209000 240.144913
3987.625000 96.918152 0.209000 240.344925
3988.625000 97.119766 0.209000 240.544922
3989.875000 97.119766 0.209000 240.744934
3992.250000 97.320503 0.222000 240.944916
3994.375000 97.320503 0.222000 241.144974
3998.375000 97.521317 0.222000 241.344986
4000.250000 97.521317 0.222000 241.544922
4001.875000 97.725113 0.222000 241.744904
4003.125000 97.725113 0.219000 241.944901
4004.250000 97.925270 0.219000 242.144882
4005.625000 97.925270 0.219000 242.344879
4008.125000 97.925270 0.219000 242.544907
4009.250000 98.131752 0.219000 242.744949
4010.625000 98.131752 0.210000 242.944962
4012.125000 98.333038 0.210000 243.144913
4014.000000 98.333038 0.210000 243.344955
4016.000000 98.333038 0.210000 243.544922
4017.125000 98.537941 0.210000 243.744873
4019.125000 98.537941 0.212000 243.945023
4020.000000 98.738853 0.212000 244.144958
4021.875000 98.738853 0.212000 244.344971
4023.000000 98.943665 0.212000 244.544891
4024.125000 98.943665 0.212000 244.744919
4026.250000 99.148468 0.204000 244.944977
4027.750000 99.148468 0.204000 245.144928
4028.500000 99.349174 0.204000 245.344971
4029.125000 99.349174 0.204000 245.544937
4030.625000 99.554108 0.204000 245.744904
4034.000000 99.554108 0.236000 245.945023
4037.375000 99.755997 0.236000 246.144882
4039.125000 99.755997 0.236000 246.344986
4040.500000 99.755997 0.236000 246.544907
4042.000000 99.958488 0.236000 246.744949
4042.875000 99.958488 0.201000 246.944962
4043.875000 100.158966 0.201000 247.144989
4044.875000 100.158966 0.201000 247.344971
4046.500000 100.363365 0.201000 247.544968
4047.125000 100.363365 0.201000 247.744904
4048.375000 100.565437 0.203000 247.944885
4049.375000 100.565437 0.203000 248.144943
4050.750000 100.767525 0.203000 248.344925
4052.500000 100.767525 0.203000 248.544922
4053.625000 100.969765 0.203000 248.744934
4053.875000 100.969765 0.203000 248.944962
4055.000000 100.969765 0.203000 249.144943
4055.000000 100.969765 0.203000 249.345001
4055.000000 100.969765 0.203000 249.544922
4055.000000 100.969765 0.203000 249.744934
4055.625000 100.969765 0.205000 249.944946
4056.750000 100.969765 0.205000 250.144958
4059.250000 101.172974 0.205000 250.344925
4061.250000 101.172974 0.205000 250.544968
4062.625000 101.373238 0.205000 250.745026
4063.625000 101.373238 0.185000 250.944946
4064.125000 101.574234 0.185000 251.144882
4065.500000 101.574234 0.185000 251.344910
4067.250000 101.774467 0.185000 251.544952
4067.875000 101.774467 0.185000 251.744934
4069.250000 101.974693 0.196000 251.944901
4070.125000 101.974693 0.196000 252.144928
4070.625000 102.174919 0.196000 252.345001
4071.375000 102.174919 0.196000 252.544907
4072.625000 102.174919 0.196000 252.745010
4073.375000 102.174919 0.185000 252.945023
4073.500000 102.174919 0.185000 253.144989
4074.750000 102.174919 0.185000 253.344986
4074.750000 102.174919 0.185000 253.544983
4075.500000 102.174919 0.185000 253.744919
4076.500000 102.379211 0.180000 253.944931
4077.125000 102.379211 0.180000 254.144897
4078.250000 102.583282 0.180000 254.344910
4078.625000 102.583282 0.180000 254.544876
4079.000000 102.783890 0.163000 254.745102
4079.375000 102.783890 0.163000 254.944931
4080.000000 102.985344 0.163000 255.145065
4080.750000 102.985344 0.163000 255.344925
4081.500000 103.186783 0.163000 255.544952
4081.750000 103.186783 0.163000 255.744995
4082.500000 103.387283 0.189000 255.944962
4083.625000 103.387283 0.189000 256.144958
4084.000000 103.591782 0.189000 256.344971
4084.875000 103.591782 0.189000 256.544891
4086.375000 103.791786 0.189000 256.744995
4087.625000 103.791786 0.182000 256.944916
4088.000000 103.996788 0.182000 257.144928
4088.750000 103.996788 0.182000 257.344879
4089.750000 104.197578 0.182000 257.544952
4090.625000 104.197578 0.182000 257.744995
4091.375000 104.402573 0.188000 257.944946
4092.750000 104.402573 0.188000 258.144928
4093.125000 104.402573 0.188000 258.344940
4094.000000 104.402573 0.188000 258.544891
4094.500000 104.402573 0.188000 258.744904
4095.000000 104.402573 0.191000 258.944885
4095.125000 104.402573 0.191000 259.144958
4095.875000 104.402573 0.191000 259.344910
4096.000000 104.402573 0.191000 259.544952
4096.250000 104.402573 0.191000 259.744965
4096.875000 104.603745 0.189000 259.944916
4098.125000 104.603745 0.189000 260.144958
4098.875000 104.804482 0.189000 260.344879
4099.375000 104.804482 0.189000 260.544922
4100.125000 105.008286 0.170000 260.744904
4101.125000 105.008286 0.170000 260.944885
4101.500000 105.212463 0.170000 261.144928
4102.125000 105.212463 0.170000 261.344910
4102.500000 105.417305 0.170000 261.544952
4102.875000 105.417305 0.170000 261.744904
4103.250000 105.417305 0.203000 261.944885
4103.375000 105.617783 0.203000 262.144989
4103.625000 105.617783 0.203000 262.344910
4103.625000 105.617783 0.203000 262.544861
4103.875000 105.822189 0.203000 262.744934
4103.875000 105.822189 0.213000 262.944977
4104.250000 106.022232 0.213000 263.144958
4104.875000 106.022232 0.213000 263.344879
4106.500000 106.223122 0.213000 263.544922
4107.375000 106.223122 0.213000 263.744965
4107.625000 106.428108 0.219000 263.944946
4107.875000 106.428108 0.219000 264.144928
4108.125000 106.628822 0.219000 264.344910
4108.750000 106.628822 0.219000 264.544891
4110.000000 106.828850 0.219000 264.744934
4111.500000 106.828850 0.214000 264.944916
4112.250000 107.028893 0.214000 265.144928
4113.000000 107.028893 0.214000 265.344940
4113.375000 107.228943 0.214000 265.544891
4114.750000 107.228943 0.214000 265.744904
4115.500000 107.428993 0.228000 265.944946
4116.125000 107.428993 0.228000 266.144897
4118.500000 107.629044 0.228000 266.344879
4120.000000 107.629044 0.228000 266.544952
4121.125000 107.829109 0.228000 266.744934
4122.000000 107.829109 0.219000 266.945007
4122.750000 108.029175 0.219000 267.144867
4123.750000 108.029175 0.219000 267.344879
4124.625000 108.229256 0.219000 267.544952
4125.250000 108.229256 0.219000 267.744965
4128.625000 108.429337 0.220000 267.944885
4131.375000 108.429337 0.220000 268.144958
4134.750000 108.629425 0.220000 268.344971
4136.000000 108.629425 0.220000 268.544983
4137.875000 108.829521 0.220000 268.744965
4139.250000 108.829521 0.221000 268.944946
4139.250000 108.829521 0.221000 269.144897
4139.625000 108.829521 0.221000 269.344910
4139.625000 108.829521 0.221000 269.544891
4140.000000 108.829521 0.221000 269.744873
4140.625000 108.829521 0.227000 269.944885
4141.125000 109.032463 0.227000 270.144958
4141.375000 109.032463 0.227000 270.344910
4141.750000 109.234055 0.227000 270.544891
4142.000000 109.234055 0.227000 270.744904
4143.125000 109.438927 0.199000 270.944977
4143.750000 109.438927 0.199000 271.144958
4144.500000 109.643715 0.199000 271.344910
4145.375000 109.643715 0.199000 271.544891
4145.750000 109.848007 0.199000 271.744934
4146.125000 109.848007 0.212000 271.944946
4146.875000 110.052483 0.212000 272.144928
4147.375000 110.052483 0.212000 272.344940
4148.125000 110.252510 0.212000 272.544983
4148.375000 110.252510 0.212000 272.744904
4148.750000 110.452545 0.221000 272.944855
4149.500000 110.452545 0.221000 273.144928
4149.875000 110.652580 0.221000 273.344879
4150.500000 110.652580 0.221000 273.544891
4150.750000 110.852615 0.221000 273.744934
4151.375000 110.852615 0.230000 273.944946
4152.000000 111.052658 0.230000 274.144958
4152.250000 111.052658 0.230000 274.344910
4152.625000 111.252708 0.230000 274.544922
4152.875000 111.252708 0.230000 274.744934
4153.000000 111.452759 0.219000 274.944885
4153.125000 111.452759 0.219000 275.144867
4153.375000 111.652809 0.219000 275.344879
4153.375000 111.652809 0.219000 275.544891
4153.500000 111.852875 0.219000 275.744934
4153.625000 111.852875 0.218000 275.944885
4153.875000 112.057747 0.218000 276.144928
4153.875000 112.057747 0.218000 276.344910
4154.000000 112.262634 0.218000 276.544952
4154.250000 112.262634 0.218000 276.744904
4154.375000 112.467491 0.228000 276.944916
4154.500000 112.467491 0.228000 277.144897
4154.750000 112.672333 0.228000 277.344879
4155.125000 112.672333 0.228000 277.544952
4155.375000 112.877159 0.228000 277.744873
4155.625000 112.877159 0.215000 277.944916
4156.125000 113.081963 0.215000 278.144897
4156.375000 113.081963 0.215000 278.344971
4156.375000 113.282837 0.215000 278.544891
4156.500000 113.282837 0.215000 278.744904
4156.875000 113.482849 0.216000 278.944946
4157.250000 113.482849 0.216000 279.144928
4157.625000 113.682877 0.216000 279.344910
4157.750000 113.682877 0.216000 279.544922
4157.750000 113.682877 0.216000 279.744873
4157.750000 113.883408 0.231000 279.944916
4158.000000 113.883408 0.231000 280.144928
4158.250000 113.883408 0.231000 280.344910
4158.250000 114.087921 0.231000 280.544891
4158.375000 114.087921 0.231000 280.744934
4158.875000 114.287964 0.216000 280.944885
4159.500000 114.287964 0.216000 281.144897
4160.125000 114.488007 0.216000 281.344879
4160.500000 114.488007 0.216000 281.544891
4161.000000 114.688049 0.216000 281.744873
4161.250000 114.688049 0.195000 281.944885
4161.250000 114.688049 0.195000 282.144897
4161.375000 114.688049 0.195000 282.344879
4161.375000 114.688049 0.195000 282.544891
4161.375000 114.688049 0.195000 282.744873
4161.375000 114.688049 0.217000 282.944916
4161.375000 114.688049 0.217000 283.144897
4161.375000 114.688049 0.217000 283.334930
4161.875000 114.888092 0.217000 283.544891
4161.875000 114.888092 0.217000 283.744904
4162.250000 115.088135 0.197000 283.944977
4163.500000 115.088135 0.197000 284.144897
4163.875000 115.292053 0.197000 284.344879
4164.250000 115.292053 0.197000 284.544922
4164.625000 115.497040 0.197000 284.744904
4165.125000 115.497040 0.190000 284.944946
4165.375000 115.497040 0.190000 285.144958
4166.250000 115.700584 0.190000 285.344910
4168.000000 115.700584 0.190000 285.544922
4168.250000 115.901810 0.190000 285.744904
4168.250000 115.901810 0.190000 285.944916
4168.250000 115.901810 0.190000 286.144897
4168.250000 115.901810 0.190000 286.344879
4168.250000 115.901810 0.190000 286.544922
4168.250000 115.901810 0.190000 286.744904
4168.250000 115.901810 0.207000 286.944916
4168.250000 115.901810 0.207000 287.144897
4168.250000 115.901810 0.207000 287.344910
4168.375000 115.901810 0.207000 287.544891
4168.375000 115.901810 0.207000 287.744934
4168.500000 115.901810 0.187000 287.944916
4168.875000 116.105614 0.187000 288.144928
4169.250000 116.105614 0.187000 288.344910
4169.500000 116.309402 0.187000 288.544922
4169.625000 116.309402 0.177000 288.744965
4170.000000 116.510170 0.177000 288.944916
4170.125000 116.510170 0.177000 289.144867
4170.500000 116.714073 0.177000 289.344910
4170.625000 116.714073 0.177000 289.544891
4170.875000 116.914268 0.177000 289.744904
4171.000000 116.914268 0.196000 289.944916
4171.000000 116.914268 0.196000 290.144928
4171.000000 116.914268 0.196000 290.344910
4171.125000 117.117599 0.196000 290.544952
4171.375000 117.117599 0.196000 290.744904
4171.875000 117.318527 0.200000 290.944916
4172.000000 117.318527 0.200000 291.144897
4172.000000 117.523468 0.200000 291.344910
4172.000000 117.523468 0.200000 291.544891
4172.250000 117.523468 0.200000 291.744934
4172.625000 117.724800 0.194000 291.944977
4173.625000 117.724800 0.194000 292.144928
4174.125000 117.927261 0.194000 292.344940
4174.375000 117.927261 0.194000 292.544891
4174.625000 118.128029 0.194000 292.744904
4175.625000 118.128029 0.209000 292.944946
4176.625000 118.332977 0.209000 293.144928
4176.875000 118.332977 0.209000 293.344910
4177.125000 118.537895 0.209000 293.544891
4177.250000 118.537895 0.209000 293.744904
4177.375000 118.742805 0.211000 293.944885
4178.500000 118.742805 0.211000 294.144897
4179.750000 118.947701 0.211000 294.344879
4180.125000 118.947701 0.211000 294.544891
4180.750000 119.152588 0.211000 294.744904
4181.125000 119.152588 0.202000 294.944885
4181.125000 119.152588 0.202000 295.144897
4181.125000 119.152588 0.202000 295.34