0.125685 0.161611 0.750000 0.000000 -0.000000 1.045071 0.000000
0.211799 0.343111 0.750000 0.000000 -0.000000 1.147006 0.409964
0.279644 0.535388 0.750000 0.000000 -0.000000 1.248541 0.829941
0.344479 0.729865 0.750000 0.000000 -0.000000 1.249088 1.240036
0.409208 0.924113 0.750000 0.000000 -0.000000 1.253177 1.649958
0.456056 1.119776 0.750000 0.000000 -0.000000 1.344992 2.069966
0.501875 1.319588 0.750000 0.000000 -0.000000 1.345430 2.480015
0.546153 1.515889 0.750000 0.000000 -0.000000 1.416121 2.889962
0.478430 1.705295 0.756579 0.000267 -0.001044 2.048721 3.720070
0.374055 1.880334 0.766835 0.000247 -0.002264 2.150215 4.140075
0.264859 2.047895 0.774264 0.000132 -0.002836 2.148369 4.540037
0.142408 2.210816 0.779305 -0.000747 -0.003283 2.251323 4.960010
0.016752 2.366412 0.782116 -0.001962 -0.004123 2.250221 5.360010
-0.114568 2.522384 0.784003 -0.003784 -0.004744 2.345434 5.780010
-0.255609 2.664182 0.785449 -0.005153 -0.005449 2.351729 6.180019
-0.396409 2.806223 0.786890 -0.006222 -0.006022 2.351801 6.580042
-0.537208 2.948264 0.790695 -0.008078 -0.007052 2.351801 8.159980
-0.678009 3.090304 0.791301 -0.008476 -0.007441 2.351801 8.560017
-0.818809 3.232344 0.791957 -0.008968 -0.008089 2.351801 8.960029
-0.959610 3.374385 0.792731 -0.009491 -0.008849 2.351801 9.360020
-1.100410 3.516425 0.793679 -0.009970 -0.009547 2.351801 9.760010
-1.241211 3.658465 0.794860 -0.010321 -0.010125 2.351801 10.159981
-1.382011 3.800505 0.796335 -0.010556 -0.010650 2.351801 10.560013
-1.518124 3.947799 0.798814 -0.008078 -0.013366 2.125699 11.060018
-1.604971 4.128419 0.800783 -0.005098 -0.015143 1.912682 11.489970
-1.663884 4.323970 0.803119 -0.004303 -0.015783 1.859986 11.899988
-1.711242 4.519104 0.805857 -0.002804 -0.016448 1.760225 12.320024
-1.748215 4.716897 0.808741 -0.001888 -0.016817 1.693017 12.740028
-1.767805 4.920705 0.811635 -0.001512 -0.017033 1.667005 13.149929
-1.786993 5.119794 0.814726 -0.001527 -0.017100 1.666895 13.549963
-1.806182 5.321386 0.820957 -0.000999 -0.017135 1.637697 14.280003
-1.807083 5.524864 0.823916 0.000198 -0.017138 1.570845 14.699986
-1.807039 5.724869 0.827020 0.000137 -0.017097 1.570555 15.100025
-1.806991 5.924873 0.830245 0.000082 -0.017047 1.570554 15.500034
-1.806943 6.124878 0.833397 0.000016 -0.016994 1.570554 15.900007
-1.806896 6.324883 0.836481 -0.000061 -0.016941 1.570554 16.299986
-1.806846 6.524885 0.842122 -0.000236 -0.016843 1.570553 17.300030
-1.806798 6.724890 0.844116 -0.000331 -0.016806 1.570553 17.700033
-1.806750 6.924894 0.846608 -0.000436 -0.016731 1.570553 18.099983
-1.806703 7.124899 0.849588 -0.000511 -0.016567 1.570553 18.499994
-1.806655 7.324903 0.852829 -0.000547 -0.016266 1.570553 18.899981
-1.806607 7.524908 0.856262 -0.000551 -0.015803 1.570553 19.300022
-1.766228 7.722189 0.862408 0.006676 -0.013100 1.056641 20.410019
-1.653357 7.888394 0.864051 0.007720 -0.012044 0.957525 20.820061
-1.535360 8.056019 0.866905 0.007213 -0.011337 0.957355 21.230713
-1.406619 8.210259 0.869207 0.007887 -0.010102 0.861562 21.649981
-1.273482 8.365141 0.871625 0.007583 -0.009435 0.848749 22.060040
-1.128548 8.505416 0.873687 0.007935 -0.008055 0.760560 22.480003
-0.983590 8.643211 0.875223 0.007350 -0.007405 0.760017 22.880058
-0.838626 8.780998 0.876406 0.006781 -0.006609 0.760014 23.280073
-0.693663 8.918785 0.877234 0.006188 -0.005597 0.760012 23.680042
-0.548698 9.056572 0.877744 0.005534 -0.004441 0.760012 24.080030
-0.403732 9.194359 0.877984 0.004840 -0.003325 0.760011 24.480007
-0.258766 9.332146 0.877931 0.004143 -0.002334 0.760011 24.880022
-0.113801 9.469933 0.877753 0.003461 -0.001456 0.760011 25.280014
0.031165 9.607719 0.877556 0.002773 -0.000762 0.760010 25.680059
0.176131 9.745506 0.877415 0.002108 -0.000276 0.760010 26.080017
0.321096 9.883293 0.877513 0.001509 -0.000059 0.760010 26.480043
0.466062 10.021080 0.877829 0.000363 0.000116 0.760009 28.080036
0.611030 10.158867 0.877788 0.000251 0.000085 0.760009 28.480030
0.755998 10.296654 0.877746 0.000167 0.000036 0.760009 28.879999
0.900966 10.434441 0.877701 0.000029 -0.000088 0.760009 29.280029
1.045934 10.572227 0.877658 -0.000284 -0.000244 0.760009 29.679987
1.190902 10.710014 0.877532 -0.000612 -0.000328 0.760009 30.079988
1.338242 10.851444 0.877441 -0.000897 -0.000264 0.817334 30.499981
1.471980 11.006463 0.877393 -0.001077 -0.000144 0.861278 30.909986
1.592965 11.167749 0.877371 -0.001123 0.000120 1.039081 31.340014
1.676546 11.351200 0.877319 -0.000974 0.000407 1.251776 31.759995
1.733811 11.543794 0.877272 -0.000680 0.000445 1.353918 32.180031
1.770531 11.741797 0.877354 -0.000296 0.000318 1.461822 32.595013
1.791934 11.943152 0.877554 0.000088 0.000064 1.463225 33.000015
1.807699 12.146373 0.877446 0.000290 -0.000081 1.568105 33.421173
1.809112 12.351338 0.877274 0.000239 0.000012 1.562772 33.829987
1.810763 12.556304 0.877409 0.000161 0.000157 1.562732 34.240040
1.812415 12.761270 0.877840 0.000157 0.000250 1.562732 34.649963
1.814067 12.966235 0.878208 0.000217 0.000244 1.562732 35.060020
1.815719 13.171201 0.878449 0.000274 0.000182 1.562732 35.469967
1.817371 13.376166 0.878437 0.000353 0.000112 1.562732 35.880024
1.819023 13.581132 0.877961 0.000432 -0.000016 1.562732 36.289948
1.756411 13.773422 0.876171 0.000356 -0.000633 2.107395 38.529991
1.635846 13.934972 0.876092 0.000205 -0.000812 2.323576 38.950008
1.493049 14.082054 0.876486 0.000138 -0.000899 2.340503 39.360035
1.350368 14.229229 0.877026 0.000079 -0.000836 2.340613 39.769951
1.207690 14.376404 0.877607 0.000018 -0.000760 2.340599 40.179989
1.063272 14.525373 0.877681 -0.000083 -0.000626 2.340584 40.595058
0.927259 14.673831 0.877487 -0.000144 -0.000457 2.235219 41.009956
0.821393 14.845102 0.877935 -0.000309 -0.000263 2.023600 41.430000
0.748049 15.031644 0.878378 -0.000429 -0.000154 1.921735 41.840008
0.693967 15.228277 0.878876 -0.000527 -0.000104 1.816281 42.260059
0.660813 15.427232 0.879280 -0.000542 -0.000236 1.727905 42.680004
0.629830 15.626050 0.879448 -0.000460 -0.000422 1.689860 43.089966
0.616807 15.830377 0.879380 -0.000442 -0.000425 1.631557 43.509926
0.604736 16.030025 0.879155 -0.000576 -0.000225 1.631166 43.909931
0.592370 16.234600 0.878856 -0.000745 0.000094 1.631161 44.320042
0.580004 16.439175 0.878580 -0.000870 0.000478 1.631161 44.729961
0.567639 16.643749 0.878385 -0.000969 0.000757 1.631161 45.140034
0.568066 16.844522 0.878238 -0.001126 0.000759 1.528453 45.560055
0.576165 17.044413 0.878106 -0.001183 0.000725 1.530164 45.959991
0.584288 17.244303 0.877483 -0.001366 0.000261 1.530168 46.879986
0.592413 17.444193 0.877259 -0.001400 0.000081 1.530168 47.340012
0.600538 17.644083 0.877041 -0.001427 -0.000096 1.530168 47.739990
0.608663 17.843973 0.877105 -0.001415 -0.000257 1.530168 48.140049
0.616789 18.043863 0.877346 -0.001358 -0.000341 1.530168 48.540028
0.624914 18.243753 0.877593 -0.001270 -0.000341 1.530168 48.940025
0.626117 18.443838 0.877868 -0.000877 -0.000659 1.218362 50.140034
0.723728 18.622185 0.877816 -0.000638 -0.000828 0.978154 50.649975
0.843735 18.786900 0.877845 -0.000524 -0.000898 0.872758 51.069988
0.974331 18.944916 0.878365 -0.000468 -0.000891 0.880977 51.480022
1.104782 19.103039 0.879041 -0.000349 -0.000881 0.881046 51.889977
1.239882 19.251587 0.879680 -0.000144 -0.000830 0.781116 52.309959
1.384967 19.396404 0.880005 -0.000031 -0.000817 0.784695 52.720036
1.530020 19.541233 0.880043 0.000157 -0.000784 0.784727 53.129974
1.675074 19.686062 0.879993 0.000367 -0.000496 0.784748 53.540005
1.820124 19.830891 0.879754 0.000524 -0.000072 0.784770 53.949951
1.965168 19.975719 0.879414 0.000615 0.000372 0.784793 54.360001
2.110212 20.120548 0.879003 0.000632 0.000790 0.784820 54.769962
2.255256 20.265377 0.878514 0.000619 0.001131 0.784852 55.179989
2.402057 20.411972 0.878103 0.000575 0.001324 0.784885 55.595005
2.545312 20.555035 0.877826 0.000487 0.001320 0.784916 56.000015
2.690337 20.699863 0.877779 0.000342 0.001128 0.784955 56.410103
2.835357 20.844692 0.877772 0.000200 0.000858 0.785033 56.821274
2.976826 20.986069 0.877637 0.000002 0.000403 0.785061 57.620319
3.121831 21.130959 0.877539 -0.000141 0.000025 0.785043 59.449997
3.263299 21.272335 0.877636 -0.000149 0.000018 0.785044 59.849983
3.404768 21.413715 0.877669 -0.000158 0.000037 0.785044 60.249962
3.549772 21.558617 0.877524 -0.000116 0.000039 0.785043 60.660019
3.694777 21.703518 0.877325 0.000205 -0.000420 0.785044 61.069939
3.839782 21.848423 0.877186 0.000413 -0.000691 0.785045 61.480007
3.984787 21.993326 0.877169 0.000589 -0.000862 0.785041 61.889965
4.126272 22.134689 0.877208 0.000717 -0.000840 0.785049 62.289974
4.267759 22.276085 0.877250 0.000850 -0.000787 0.785049 62.689972
4.409246 22.417484 0.877225 0.000994 -0.000716 0.785051 63.089943
4.550733 22.558887 0.877210 0.000987 -0.000639 0.785048 63.489952
4.692220 22.700281 0.877210 0.000987 -0.000639 0.785050 63.889965
4.833707 22.841684 0.877210 0.000987 -0.000639 0.785048 64.289940
4.975194 22.983089 0.877210 0.000987 -0.000639 0.785052 64.689972
5.116682 23.124493 0.877210 0.000987 -0.000639 0.785048 65.089966
5.258169 23.265890 0.877210 0.000987 -0.000639 0.785050 65.489983
5.399656 23.407291 0.877110 0.000728 -0.000084 0.785048 65.889961
5.541143 23.548683 0.877012 0.000301 0.000097 0.785050 66.289948
5.682630 23.690083 0.876957 -0.000002 0.000153 0.785050 66.689987
5.824117 23.831486 0.876881 -0.000201 0.000128 0.785051 67.089981
5.965604 23.972891 0.876861 -0.000257 0.000152 0.785048 67.490036
6.107091 24.114294 0.876953 -0.000247 0.000158 0.785048 67.889999
6.248576 24.255699 0.877032 -0.000203 0.000117 0.785049 68.289993
6.390058 24.397089 0.877096 -0.000153 0.000052 0.785046 68.689980
6.507292 24.559887 0.877154 0.000112 -0.000197 1.245318 69.399994
6.551701 24.759045 0.877171 0.000233 -0.000512 1.454857 69.825020
6.574049 24.960293 0.877230 0.000581 -0.000909 1.458819 70.229935
6.596403 25.159115 0.877290 0.001070 -0.001354 1.458794 70.629959
6.602810 25.359911 0.877171 0.001376 -0.001884 1.558727 71.049965
6.605142 25.559954 0.876971 0.001762 -0.002214 1.559296 71.450005
6.650209 25.755159 0.876971 0.002570 -0.001185 1.088535 72.460052
6.763635 25.922794 0.876971 0.002751 -0.000662 0.896937 72.880020
6.897145 26.076773 0.876971 0.002804 -0.000383 0.796774 73.300034
7.039769 26.224018 0.876971 0.002802 -0.000398 0.801791 73.709984
7.178853 26.367756 0.877281 0.002673 -0.000215 0.801811 74.110001
7.317936 26.511494 0.877706 0.002452 0.000105 0.801803 74.509933
7.457020 26.655231 0.877944 0.002250 0.000359 0.801794 74.909966
7.596104 26.798969 0.878020 0.002136 0.000586 0.801783 75.309937
7.735188 26.942707 0.878019 0.002071 0.000860 0.801770 75.709976
7.874272 27.086445 0.878002 0.001918 0.001068 0.801754 76.110008
8.013356 27.230183 0.877969 0.001633 0.001134 0.801737 76.510086
8.152440 27.373920 0.877932 0.001137 0.000912 0.801714 76.909981
8.291524 27.517658 0.877906 0.000672 0.000606 0.801690 77.309929
8.430608 27.661396 0.877798 0.000350 0.000377 0.801658 77.709938
8.569692 27.805134 0.877661 0.000074 0.000192 0.801621 78.109955
8.708776 27.948872 0.877571 -0.000097 0.000044 0.801572 78.509949
8.853286 28.091343 0.877503 -0.000209 -0.000035 0.833469 78.930031
8.933110 28.275335 0.877411 -0.000295 0.000038 1.298402 79.600006
8.982402 28.475243 0.877322 -0.000227 -0.000004 1.405350 80.029953
9.009443 28.674278 0.877303 -0.000109 -0.000120 1.512455 80.449974
9.021945 28.873888 0.877324 0.000005 -0.000243 1.506302 80.849976
9.018833 29.077780 0.877168 0.000027 -0.000223 1.600462 81.269951
9.007137 29.277918 0.877349 -0.000088 0.000028 1.889047 82.119987
8.907694 29.454702 0.877783 -0.000038 0.000044 2.181027 82.680016
8.780565 29.611303 0.878085 0.000061 -0.000132 2.260872 83.089951
8.651379 29.767206 0.878183 0.000151 -0.000417 2.290838 83.500015
8.507415 29.910988 0.877990 0.000191 -0.000810 2.362219 83.920013
8.365067 30.051521 0.877456 0.000315 -0.001183 2.362675 84.320015
8.222703 30.192055 0.877301 0.000401 -0.001419 2.362678 84.720016
8.080826 30.334410 0.877607 0.000614 -0.001395 2.249139 85.140022
8.005813 30.521996 0.878057 0.001035 -0.000958 1.894823 85.800018
7.955717 30.716469 0.878402 0.001038 -0.000773 1.794510 86.220039
7.910210 30.916351 0.878489 0.000929 -0.000691 1.794438 86.629959
7.882579 31.118349 0.878143 0.000816 -0.000475 1.686454 87.049965
7.859020 31.321985 0.878120 0.000691 -0.000348 1.685830 87.460030
7.835482 31.525621 0.878329 0.000589 -0.000205 1.685815 87.869965
7.777088 31.717194 0.878849 0.000388 -0.000172 2.148105 88.589989
7.654353 31.876160 0.879229 0.000342 0.000019 2.257876 89.000000
7.524475 32.034756 0.879501 0.000350 0.000093 2.257077 89.410011
7.394582 32.193348 0.879577 0.000344 0.000061 2.257080 89.820251
7.262641 32.348480 0.879346 0.000302 0.000306 2.350110 90.260300
7.118732 32.490910 0.879031 0.000287 0.000692 2.358925 90.665207
7.264110 32.346394 0.878636 0.000310 0.001250 2.359051 91.614883
7.118733 32.490910 0.878592 0.000279 0.001213 2.358994 92.744896
6.973357 32.635426 0.878581 0.000318 0.001374 2.358964 93.154991
6.828013 32.779942 0.878519 0.000390 0.001472 2.358937 93.564903
6.676421 32.915020 0.878295 0.000847 0.001228 2.616550 94.224907
6.492697 32.997990 0.878156 0.001099 0.000856 2.824409 94.644875
6.295434 33.039658 0.878086 0.001178 0.000255 3.034877 95.064926
6.092095 33.054062 0.878063 0.001064 -0.000266 -3.136040 95.484955
5.892091 33.053413 0.878128 0.001021 -0.000937 -3.140257 95.885796
5.688876 33.036289 0.878261 0.001039 -0.001533 -3.045349 96.304932
5.484841 33.016483 0.878257 0.001397 -0.002275 -3.044440 97.134941
5.280814 32.996544 0.878326 0.001521 -0.002231 -3.044562 97.544952
5.080277 32.986992 0.878590 0.001839 -0.001766 3.117400 97.965172
4.880313 32.990757 0.878961 0.001943 -0.001480 3.123662 98.365303
4.680346 32.994419 0.879150 0.002049 -0.001158 3.123800 98.764946
4.880313 32.990757 0.879377 0.002154 -0.000828 3.123893 99.544952
4.675347 32.994453 0.879535 0.002149 -0.000757 3.124048 100.574921
4.470382 32.998051 0.879487 0.002166 -0.000688 3.124054 100.984917
4.265416 33.001644 0.879487 0.002166 -0.000688 3.124050 101.394997
4.060451 33.005249 0.879487 0.002166 -0.000688 3.124054 101.804909
3.855485 33.008842 0.879487 0.002166 -0.000688 3.124050 102.214905
3.650519 33.012428 0.879487 0.002166 -0.000688 3.124048 102.624962
3.445554 33.016029 0.878910 0.001752 -0.000440 3.124039 103.034950
3.240588 33.019630 0.878647 0.001501 -0.000189 3.124018 103.444954
3.087651 33.154114 0.878710 0.000057 0.001177 1.891628 105.184906
3.033215 33.350677 0.878729 -0.000081 0.001284 1.783371 105.604912
3.000216 33.548904 0.878646 -0.000218 0.001358 1.668743 106.024925
2.985450 33.748447 0.878536 -0.000122 0.001268 1.645358 106.424919
2.979747 33.953232 0.878237 0.000026 0.000914 1.568274 106.834908
2.979856 34.158119 0.877883 0.000167 0.000705 1.570275 107.244911
2.979954 34.363007 0.877597 0.000238 0.000571 1.570279 107.654938
2.980052 34.567894 0.877597 0.000248 0.000469 1.570271 108.064903
2.980160 34.772781 0.877730 0.000209 0.000344 1.570270 108.474899
2.980268 34.977669 0.878107 0.000177 0.000233 1.570270 108.884979
2.980376 35.182556 0.878465 0.000161 0.000229 1.570269 109.295174
2.926170 35.376972 0.879408 -0.000119 0.000048 2.028723 110.834900
2.864174 35.570137 0.879341 -0.000518 -0.000264 1.760438 112.484940
2.846970 35.770981 0.879229 -0.000688 -0.000589 1.548786 112.904915
2.858443 35.974560 0.878931 -0.000859 -0.000864 1.440163 113.324905
2.891523 36.175728 0.878506 -0.000916 -0.001034 1.336986 113.744904
2.939574 36.374954 0.878046 -0.001040 -0.001119 1.335286 114.155655
2.902129 36.573570 0.877527 -0.001681 -0.000020 2.075587 115.824936
2.788449 36.738998 0.877511 -0.001634 0.000378 2.229935 116.234924
2.655617 36.893536 0.877549 -0.001581 0.000648 2.329725 116.654900
2.518385 37.039066 0.877653 -0.001509 0.000673 2.326960 117.054970
2.381151 37.184635 0.877788 -0.001554 0.000783 2.326976 117.454979
2.243917 37.330204 0.877760 -0.001510 0.000890 2.327022 117.854950
2.106680 37.475773 0.877668 -0.001455 0.001007 2.327078 118.254944
1.969427 37.621342 0.877604 -0.001396 0.001150 2.327160 118.654945
1.868078 37.797081 0.877401 -0.001423 0.000384 1.847985 119.594910
1.834317 37.997921 0.877398 -0.001191 -0.000022 1.656254 120.015167
1.815162 38.201958 0.877369 -0.001046 -0.000098 1.665630 120.425270
1.796165 38.401443 0.877288 -0.000980 -0.000161 1.665701 120.834915
1.786318 38.601414 0.877200 -0.000834 -0.000362 1.569404 122.844917
1.785983 38.804310 0.877153 -0.000866 -0.000354 1.572591 123.254890
1.785618 39.006268 0.877177 -0.001030 -0.000305 1.572594 124.414902
1.785246 39.211155 0.877407 -0.001078 -0.000268 1.572592 124.824944
1.784875 39.416042 0.877642 -0.001151 -0.000254 1.572588 125.234894
1.784506 39.620930 0.877813 -0.001208 -0.000224 1.572585 125.644913
1.784138 39.825817 0.877893 -0.001248 -0.000210 1.572584 126.054939
1.783777 40.027729 0.877784 -0.001284 -0.000212 1.572584 126.494919
1.783414 40.230671 0.877453 -0.001324 -0.000269 1.572585 128.464905
1.783049 40.435558 0.877421 -0.001310 -0.000312 1.572584 128.874908
1.782682 40.640446 0.877508 -0.001264 -0.000304 1.572584 129.284958
1.782315 40.845333 0.877691 -0.001213 -0.000237 1.572584 129.694946
1.781950 41.050220 0.877795 -0.001166 -0.000208 1.572583 130.104889
1.781586 41.253170 0.877924 -0.001135 0.000120 1.572585 131.074905
1.781226 41.455074 0.877895 -0.001131 0.000208 1.572584 131.494965
1.780859 41.659962 0.877785 -0.001104 0.000223 1.572585 131.905197
1.780493 41.864849 0.877729 -0.001027 0.000214 1.572584 132.315155
1.780126 42.069736 0.877946 -0.000961 0.000151 1.572584 132.725006
1.779755 42.274624 0.878512 -0.000819 -0.000007 1.572584 134.514908
1.779389 42.479511 0.878615 -0.000769 0.000030 1.572583 134.924896
1.779019 42.686897 0.878712 -0.000707 0.000114 1.572584 135.339935
1.778657 42.889286 0.878841 -0.000657 0.000073 1.572584 135.744873
1.778290 43.094173 0.879000 -0.000648 -0.000017 1.572583 136.155090
1.777924 43.299061 0.879184 -0.000598 -0.000052 1.572584 136.564926
1.777558 43.503948 0.879243 -0.000501 -0.000068 1.572583 136.974930
1.708290 43.692524 0.878970 -0.000289 0.000102 2.119642 137.674911
1.596037 43.864048 0.878737 -0.000255 0.000001 2.150248 138.084915
1.483756 44.035465 0.878644 -0.000289 -0.000131 2.150399 138.494965
1.362891 44.195801 0.878695 -0.000383 -0.000138 2.252357 138.914902
1.237130 44.351353 0.878727 -0.000486 -0.000047 2.250972 139.314880
1.096395 44.502258 0.878646 -0.000539 0.000103 2.350465 139.739914
0.954113 44.646305 0.878388 -0.000565 0.000165 2.350072 140.144989
0.810050 44.792072 0.878137 -0.000656 0.000192 2.350004 140.555023
0.666000 44.937901 0.877999 -0.000853 0.000328 2.349948 141.204971
0.521955 45.083668 0.877908 -0.000903 0.000382 2.349891 141.614929
0.377920 45.229435 0.877788 -0.000891 0.000400 2.349827 142.024887
0.233894 45.375202 0.877641 -0.000832 0.000388 2.349756 142.434937
0.089879 45.520969 0.877496 -0.000739 0.000369 2.349680 142.844940
-0.054124 45.666737 0.877430 -0.000595 0.000331 2.349596 143.254898
-0.198114 45.812504 0.877447 -0.000347 0.000252 2.349504 143.664948
-0.342098 45.958427 0.877572 -0.000072 0.000138 2.349499 144.074890
-0.482570 46.100796 0.877741 0.000196 0.000003 2.349496 144.474915
-0.623041 46.243176 0.877818 0.000395 -0.000096 2.349495 144.874893
-0.763512 46.385616 0.877948 0.000573 -0.000180 2.349507 145.274902
-0.903984 46.527981 0.878161 0.000712 -0.000229 2.349508 145.674911
-1.047968 46.673901 0.878246 0.000831 -0.000272 2.349512 146.084915
-1.191952 46.819817 0.878289 0.000905 -0.000282 2.349514 146.494873
-1.335936 46.965733 0.878198 0.000926 -0.000301 2.349516 146.904953
-1.479920 47.111649 0.878150 0.000893 -0.000295 2.349519 147.314926
-1.623905 47.257553 0.878157 0.000851 -0.000237 2.349503 147.724884
-1.740009 47.425819 0.878198 0.000788 0.000128 2.014003 148.474884
-1.807296 47.615868 0.878225 0.000717 0.000332 1.800122 148.894958
-1.835542 47.814655 0.878323 0.000616 0.000390 1.674582 149.304947
-1.853399 48.014835 0.878380 0.000464 0.000329 1.585329 149.724930
-1.849760 48.223145 0.878273 0.000369 0.000299 1.488726 150.149826
-1.832932 48.423931 0.878074 0.000412 0.000350 1.488866 150.564941
-1.740677 48.607891 0.878097 0.000176 0.000956 0.943838 151.739914
-1.620939 48.771187 0.878226 0.000177 0.001020 0.940170 152.144943
-1.498235 48.930176 0.878181 0.000046 0.000936 0.834931 152.564987
-1.364039 49.078503 0.877860 0.000015 0.000644 0.836876 152.964981
-1.230077 49.227123 0.877196 -0.000022 0.000164 0.836821 153.364944
-1.083498 49.364498 0.876563 -0.000040 -0.000551 0.737233 153.784927
-0.931651 49.502155 0.876711 -0.000020 -0.000855 0.736574 154.194901
-0.779796 49.639790 0.877021 -0.000002 -0.001002 0.736650 154.605133
-0.770957 49.841736 0.877880 -0.001272 -0.000441 2.059348 156.284897
-0.872039 50.015411 0.878015 -0.001361 -0.000337 2.167831 156.704910
-0.990872 50.182415 0.878068 -0.001439 -0.000292 2.188724 157.114883
-1.120254 50.339264 0.877971 -0.001498 -0.000140 2.289763 157.539963
-1.253535 50.491669 0.877843 -0.001500 -0.000128 2.289376 157.944931
-1.397261 50.631966 0.877773 -0.001518 0.000044 2.389482 158.364960
-1.543348 50.768581 0.877726 -0.001517 0.000047 2.389903 158.764923
-1.631948 50.951099 0.877722 -0.000536 -0.001369 1.124772 160.114914
-1.530456 51.124393 0.877659 -0.000378 -0.001385 1.008326 160.524887
-1.419725 51.292652 0.877790 -0.000238 -0.001368 0.913958 160.939972
-1.294759 51.451962 0.878252 -0.000185 -0.001326 0.907155 161.344894
-1.168480 51.613369 0.878783 -0.000116 -0.001191 0.907187 161.755020
-1.030496 51.763451 0.879112 0.000043 -0.000979 0.808817 162.174911
-0.892381 51.908104 0.879235 0.000139 -0.000755 0.808374 162.574905
-0.754244 52.052757 0.879120 0.000204 -0.000354 0.808346 162.974899
-0.581713 52.161385 0.878980 0.000238 0.000192 0.426063 163.504883
-0.390428 52.225002 0.878735 0.000033 0.000673 0.213286 163.924896
-0.188759 52.251011 0.878568 -0.000230 0.001000 0.101465 164.339874
0.012526 52.256165 0.878380 -0.000566 0.001177 0.000109 164.755005
0.213344 52.251057 0.878199 -0.000866 0.001156 -0.093247 165.164902
0.415504 52.232616 0.877963 -0.001037 0.001111 -0.089597 165.574921
0.616694 52.214474 0.877738 -0.001103 0.001000 -0.089534 166.414917
0.815893 52.196468 0.877724 -0.001030 0.000905 -0.089420 166.814911
1.019485 52.187401 0.877813 -0.000779 0.000866 0.017864 167.234909
1.219468 52.189987 0.877975 -0.000610 0.000743 0.012763 167.634888
1.419454 52.192429 0.878065 -0.000459 0.000584 0.012833 168.034866
1.621439 52.194977 0.877826 -0.000371 0.000419 0.013024 168.454895
1.808483 52.273979 0.877162 -0.000170 0.000303 0.555559 169.739914
1.981803 52.383438 0.876910 -0.000228 0.000296 0.562054 170.149857
2.143161 52.503880 0.876690 -0.000318 0.000222 0.663800 170.564957
2.300692 52.627171 0.876650 -0.000437 0.000138 0.663881 170.964905
2.450420 52.765564 0.876526 -0.000629 0.000141 0.761991 171.384903
2.592451 52.911774 0.876455 -0.000752 0.000219 0.872064 171.804962
2.722081 53.064102 0.876300 -0.000876 0.000197 0.864829 172.204910
2.851849 53.216385 0.876191 -0.000929 0.000214 0.864697 172.604980
2.958288 53.390888 0.875998 -0.000839 0.000186 1.188785 173.454926
3.013813 53.584702 0.875981 -0.000902 -0.000309 1.403158 173.874908
3.039254 53.787056 0.876077 -0.000997 -0.000932 1.512524 174.294937
3.045950 53.991932 0.876296 -0.001021 -0.001457 1.538066 174.704971
3.038612 54.192623 0.876655 -0.001203 -0.001763 1.642019 175.124878
3.024572 54.392208 0.876917 -0.001273 -0.001937 1.641146 175.524887
3.010516 54.591732 0.877054 -0.001322 -0.001942 1.641142 176.384918
2.996459 54.791317 0.877054 -0.001322 -0.001942 1.641148 176.784927
2.982402 54.990902 0.877054 -0.001322 -0.001942 1.641154 177.184967
2.975802 55.191647 0.877054 -0.001099 -0.002076 1.530502 177.604919
2.982582 55.391537 0.877054 -0.001114 -0.002068 1.537839 178.004898
2.989310 55.595928 0.877054 -0.001114 -0.002068 1.537888 178.414871
2.995911 55.796391 0.877054 -0.001114 -0.002068 1.537889 179.394897
3.002656 56.001278 0.877054 -0.001114 -0.002068 1.537889 179.804916
3.009401 56.206165 0.877092 -0.000890 -0.001664 1.537889 180.214981
3.016146 56.411053 0.877320 -0.000635 -0.000969 1.537889 180.624954
3.022891 56.615940 0.877598 -0.000522 -0.000448 1.537889 181.034882
3.023627 56.817833 0.877986 -0.000454 -0.000071 1.603526 181.444962
3.016984 57.020790 0.878366 -0.000239 0.000272 1.603528 182.424973
3.010278 57.225677 0.878287 -0.000060 0.000076 1.603530 182.834930
3.003573 57.430565 0.878270 0.000100 -0.000228 1.603531 183.244919
2.996867 57.635452 0.878529 0.000191 -0.000486 1.603535 183.654907
2.990161 57.840340 0.878947 0.000233 -0.000684 1.603540 184.064911
2.983852 58.040756 0.879426 0.000258 -0.000719 1.596790 184.514877
2.978534 58.245193 0.880091 0.000227 -0.000703 1.596787 185.474884
2.973206 58.450081 0.880107 0.000243 -0.000680 1.596787 185.884918
2.967880 58.654968 0.880073 0.000310 -0.000630 1.596787 186.294876
2.962554 58.859856 0.880178 0.000309 -0.000500 1.596787 186.704926
2.970225 59.063587 0.880363 0.000260 -0.000311 1.501814 187.124954
2.984063 59.266148 0.880655 0.000091 -0.000035 1.502476 188.124908
2.998026 59.470211 0.880738 0.000062 0.000004 1.502476 188.539871
3.011683 59.669796 0.880643 0.000045 -0.000027 1.502476 188.939896
3.025340 59.869381 0.880475 0.000039 -0.000103 1.502476 189.339905
3.023658 60.070736 0.880543 0.000016 -0.000174 1.604432 189.754898
3.016973 60.270626 0.880570 0.000024 -0.000189 1.604322 190.155014
3.010137 60.474445 0.880681 0.000081 -0.000131 1.604329 191.139938
3.003395 60.675327 0.880676 0.000105 -0.000087 1.604323 191.544952
2.996690 60.875217 0.880724 0.000102 -0.000017 1.604323 191.944962
2.989985 61.075108 0.880759 0.000084 0.000104 1.604323 192.344971
2.983281 61.274998 0.880862 0.000063 0.000192 1.604323 192.744904
2.976577 61.474888 0.880835 0.000051 0.000266 1.604321 193.144882
2.979580 61.677956 0.880729 0.000057 0.000404 1.536909 194.149933
2.986411 61.879589 0.880704 0.000070 0.000448 1.536905 194.555099
2.993182 62.079479 0.880655 0.000094 0.000447 1.536898 194.955170
2.999953 62.279369 0.880614 0.000098 0.000435 1.536892 195.355011
3.006730 62.479259 0.880602 -0.000045 0.000117 1.536886 195.755020
3.013507 62.679150 0.880448 -0.000311 -0.000365 1.536887 196.155182
3.019746 62.879612 0.880045 -0.000868 -0.000918 1.543644 197.155243
3.025304 63.084003 0.880020 -0.000995 -0.000966 1.543650 197.564957
3.030876 63.288891 0.880020 -0.001132 -0.000984 1.543657 197.974945
3.036444 63.493778 0.880026 -0.001169 -0.000949 1.543660 198.384995
3.041963 63.698170 0.880026 -0.001172 -0.000945 1.551831 198.794907
3.029932 63.902321 0.880026 -0.001254 -0.000833 1.639757 199.214905
3.016076 64.101868 0.880026 -0.001255 -0.000832 1.640205 200.214905
3.002210 64.301453 0.880026 -0.001255 -0.000832 1.640213 200.614868
2.988343 64.501038 0.880026 -0.001255 -0.000832 1.640222 201.014908
2.974644 64.702621 0.880026 -0.001230 -0.000869 1.606745 201.424911
2.980009 64.906563 0.880026 -0.001165 -0.000953 1.540205 201.844910
2.986228 65.106758 0.880026 -0.001165 -0.000954 1.539655 202.244965
2.992461 65.306892 0.880217 -0.001499 -0.000104 1.539640 203.224945
2.998698 65.507088 0.880219 -0.001550 0.000140 1.539638 203.624878
3.004936 65.707283 0.880282 -0.001608 0.000441 1.539637 204.024887
3.011173 65.907478 0.880460 -0.001585 0.000617 1.539633 204.424927
3.017410 66.107674 0.880605 -0.001477 0.000603 1.539629 204.824997
3.023409 66.307869 0.880601 -0.001273 0.000506 1.560882 205.224899
3.002142 66.510506 0.880535 -0.000789 0.000405 1.866854 206.324829
2.923359 66.696060 0.880419 -0.000631 0.000456 2.075846 206.744919
2.812065 66.863304 0.880319 -0.000531 0.000436 2.179117 207.155182
2.692529 67.024719 0.880243 -0.000461 0.000451 2.287455 207.574921
2.558402 67.179703 0.880291 -0.000547 0.000571 2.282534 207.984894
2.412295 67.321983 0.880163 -0.000523 0.000796 2.380662 208.405090
2.258796 67.456085 0.879841 -0.000451 0.000963 2.488257 208.824905
2.096898 67.581718 0.879395 -0.000514 0.001062 2.480454 209.234879
1.937479 67.705681 0.878962 -0.000545 0.001183 2.480213 209.674911
1.788601 67.843658 0.878232 -0.000700 0.001293 2.389894 211.504898
1.642504 67.980377 0.878048 -0.000670 0.001272 2.389859 211.904953
1.496396 68.117096 0.877787 -0.000564 0.001188 2.389947 212.304901
1.350276 68.253815 0.877610 -0.000456 0.001060 2.390049 212.704910
1.204140 68.390533 0.877469 -0.000301 0.000854 2.390161 213.104919
1.057988 68.527252 0.877399 -0.000115 0.000583 2.390280 213.504929
0.911821 68.663971 0.877546 0.000125 0.000296 2.390417 213.904953
0.791386 68.825623 0.877785 0.000420 0.000123 2.066957 214.424973
0.716140 69.013771 0.877861 0.000516 0.000142 1.880651 214.844879
0.662820 69.207336 0.877915 0.000560 0.000116 1.787010 215.264908
0.630262 69.408569 0.877893 0.000521 0.000128 1.681346 215.684906
0.607519 69.607544 0.878000 0.000455 0.000087 1.684828 216.084869
0.596886 69.811218 0.877968 0.000424 0.000127 1.583992 216.504959
0.593960 70.011887 0.877744 0.000495 0.000191 1.585344 216.914932
0.681033 70.194580 0.877557 0.000293 0.000730 0.975244 217.784943
0.806778 70.351257 0.877693 0.000088 0.000731 0.878645 218.194885
0.937710 70.508911 0.877600 -0.000059 0.000610 0.877915 218.604904
1.068651 70.666565 0.877279 -0.000249 0.000311 0.877952 219.014984
1.205757 70.817299 0.876773 -0.000422 -0.000062 0.770749 219.434937
1.348534 70.957489 0.876404 -0.000557 -0.000387 0.776257 219.834930
1.491248 71.097870 0.876586 -0.000632 -0.000630 0.776130 220.234924
1.633992 71.238113 0.876770 -0.000660 -0.000749 0.775904 220.634949
1.738857 71.410210 0.877021 -0.001020 -0.000547 1.269979 221.634964
1.787539 71.605690 0.876884 -0.000997 -0.000490 1.364516 222.044952
1.816700 71.807671 0.876600 -0.000889 -0.000474 1.431662 222.464905
1.834080 72.007683 0.876691 -0.000806 -0.000454 1.531296 222.884964
1.831063 72.208344 0.877188 -0.000767 -0.000440 1.629144 223.304901
1.819735 72.410919 0.877765 -0.000741 -0.000565 1.626671 223.714905
1.901977 72.595436 0.878809 0.000060 -0.000836 0.916143 224.704956
2.026879 72.751640 0.879099 -0.000111 -0.001100 0.897055 225.104950
2.154800 72.911797 0.879343 -0.000341 -0.001509 0.896940 225.514923
2.282717 73.071953 0.879468 -0.000315 -0.001360 0.896958 225.924896
2.418192 73.220192 0.879559 -0.000159 -0.000946 0.800253 226.344910
2.560855 73.367210 0.879576 -0.000179 -0.000438 0.801041 226.754868
2.693558 73.521584 0.879412 -0.000137 0.000228 1.059716 227.275040
2.775890 73.704147 0.879153 0.000030 0.000497 1.196915 227.684891
2.848588 73.894844 0.878857 0.000163 0.000684 1.274692 228.104950
2.900618 74.092010 0.878463 0.000236 0.000815 1.384944 228.524872
2.934937 74.289124 0.878134 0.000169 0.000916 1.396816 228.924896
2.966392 74.487633 0.877847 0.000266 0.000823 1.487930 229.344879
2.980690 74.687218 0.877480 0.000329 0.000747 1.497243 229.744904
3.016947 74.885338 0.876870 0.000192 0.000831 1.069151 230.484909
3.122266 75.061172 0.876757 0.000234 0.000809 0.963102 230.914917
3.239645 75.223175 0.876788 0.000360 0.000716 0.944912 231.314972
3.362281 75.386276 0.877003 0.000432 0.000680 0.851289 231.734955
3.185641 75.483856 0.877575 -0.000074 0.000952 -0.310628 233.104874
2.996543 75.551826 0.877794 -0.000081 0.001160 -0.414543 233.524933
2.814714 75.635147 0.878070 -0.000050 0.001324 -0.427863 233.924927
2.632753 75.718155 0.878076 -0.000019 0.001466 -0.427976 234.324905
2.456837 75.813942 0.877636 -0.000187 0.001481 -0.539118 235.934982
2.284783 75.916756 0.877721 -0.000171 0.001438 -0.539214 236.344879
2.106730 76.023140 0.878091 -0.000131 0.001311 -0.539365 236.759918
1.932985 76.126961 0.878643 -0.000081 0.001035 -0.539516 237.164917
1.767367 76.245880 0.879380 -0.000057 0.000697 -0.640811 237.584915
1.603094 76.368500 0.879464 -0.000001 0.000633 -0.641387 237.994934
1.446453 76.494148 0.879413 -0.000017 0.000443 -0.752064 238.414917
1.295532 76.632759 0.879268 0.000020 0.000030 -0.742137 238.825012
1.153497 76.774590 0.879086 0.000087 -0.000463 -0.850353 239.244934
1.020518 76.924042 0.879038 0.000093 -0.000796 -0.842731 239.644958
0.885621 77.077271 0.878966 0.000137 -0.000967 -0.903049 240.064911
0.778152 77.247856 0.878779 0.000383 -0.000994 -1.120889 240.484909
0.707695 77.435822 0.878572 0.000622 -0.000904 -1.258475 240.894943
0.657211 77.630188 0.878323 0.000863 -0.000671 -1.358336 241.314911
0.628390 77.831932 0.878066 0.001025 -0.000443 -1.463294 241.734940
0.606647 78.030907 0.877964 0.001019 -0.000433 -1.462008 242.134933
0.599904 78.237282 0.878000 0.000952 -0.000381 -1.564822 242.559967
0.586481 78.438118 0.877955 0.000531 -0.000721 -1.305827 243.074890
0.498831 78.623329 0.877945 -0.000052 -0.000766 -0.969924 243.594925
0.372638 78.779671 0.877966 -0.000344 -0.000608 -0.879681 244.004929
0.241898 78.937325 0.878078 -0.000544 -0.000497 -0.879193 244.414886
0.111165 79.094978 0.878317 -0.000656 -0.000401 -0.879339 244.824997
-0.023254 79.244026 0.878593 -0.000763 -0.000246 -0.777890 245.244949
-0.168606 79.388489 0.878860 -0.000830 -0.000238 -0.783105 245.654953
-0.310687 79.531914 0.878878 -0.000843 -0.000312 -0.890042 246.074905
-0.406158 79.710487 0.878650 -0.000703 -0.000524 -1.182574 246.584946
-0.466799 79.901573 0.878519 -0.000604 -0.000590 -1.284183 246.994934
-0.507671 80.101845 0.878311 -0.000469 -0.000638 -1.381420 247.414948
-0.545253 80.300392 0.878137 -0.000341 -0.000566 -1.415175 247.824890
-0.563514 80.501656 0.877869 -0.000174 -0.000502 -1.487763 248.234924
-0.580173 80.703209 0.877369 -0.000061 -0.000416 -1.488258 248.644882
-0.596911 80.905724 0.876294 0.000248 -0.000163 -1.488245 250.224960
-0.613404 81.105309 0.876290 0.000366 -0.000123 -1.488225 250.624878
-0.621371 81.306145 0.876440 0.000490 -0.000046 -1.596433 251.044907
-0.617652 81.506340 0.876635 0.000665 0.000002 -1.588523 251.444977
-0.614113 81.706535 0.876893 0.000852 0.000474 -1.588488 251.844910
-0.610575 81.906731 0.876952 0.001146 0.001149 -1.588493 252.244980
-0.535188 82.096603 0.876595 -0.000802 0.002933 -2.595633 253.759903
-0.350035 82.182419 0.876464 -0.001448 0.002956 -2.806265 254.184921
-0.154311 82.226395 0.876816 -0.002326 0.002983 -3.025444 254.604889
0.046923 82.235870 0.877398 -0.003012 0.002961 -3.111291 255.014893
0.248089 82.225342 0.877997 -0.003797 0.002687 3.079649 255.434998
0.448197 82.212860 0.878579 -0.004269 0.002545 3.079089 255.874939
0.652297 82.200172 0.879070 -0.004805 0.002352 3.078979 256.284882
0.851906 82.187584 0.879367 -0.005363 0.002160 3.078992 256.684937
1.056504 82.174759 0.879601 -0.005947 0.001818 3.078998 257.094910
1.257293 82.174561 0.879778 -0.006136 0.002094 -3.101191 257.515015
1.462145 82.182243 0.879832 -0.006271 0.001621 -3.103518 257.924988
1.661723 82.156982 0.879716 -0.002111 -0.005575 1.973268 259.824890
1.720788 81.965134 0.879740 -0.001020 -0.005821 1.805951 260.254974
1.758227 81.764801 0.879752 -0.000390 -0.005668 1.706629 260.674988
1.784256 81.562286 0.879840 0.000002 -0.005125 1.633312 261.094910
1.791855 81.357582 0.879952 0.000238 -0.003651 1.607959 261.504883
1.804692 81.157516 0.879926 -0.000071 -0.002249 1.828310 261.994904
1.905096 80.979469 0.879828 -0.000498 -0.001647 2.189353 262.594940
2.020551 80.816109 0.879420 -0.000116 -0.001215 2.184908 262.994965
2.141838 80.655968 0.879088 -0.000088 -0.001064 2.288776 263.414978
2.275644 80.500679 0.878781 0.000072 -0.001002 2.281024 263.824921
2.412829 80.354164 0.878454 0.000069 -0.000976 2.382395 264.244904
2.557208 80.215729 0.878225 0.000107 -0.000959 2.376745 264.644958
2.701499 80.077179 0.878048 0.000158 -0.000939 2.376756 265.044922
2.845805 79.938629 0.877905 0.000184 -0.000855 2.376796 265.444977
2.990115 79.800079 0.877737 0.000213 -0.000740 2.376843 265.844971
3.134425 79.661530 0.877585 0.000202 -0.000625 2.376897 266.244904
3.278752 79.522980 0.877544 0.000173 -0.000550 2.376953 266.644989
3.423081 79.384430 0.877511 0.000112 -0.000446 2.377016 267.044922
3.567423 79.245880 0.877582 0.000033 -0.000351 2.377083 267.444916
3.711771 79.107330 0.877662 -0.000088 -0.000214 2.377162 267.844910
3.856134 78.968781 0.877761 -0.000197 -0.000088 2.377242 268.244934
4.000507 78.830231 0.877779 -0.000209 -0.000010 2.377363 268.644989
4.047772 78.632874 0.877525 -0.000061 -0.000205 1.107656 269.994904
3.936854 78.464539 0.877452 0.000038 -0.000116 0.907240 270.414886
3.811489 78.302498 0.877374 0.000091 0.000086 0.913523 270.824921
3.686257 78.140465 0.877203 0.000160 0.000183 0.913689 271.234894
3.560671 77.979332 0.877293 0.000247 0.000255 0.859705 271.654907
3.420007 77.830925 0.877586 0.000327 0.000404 0.808669 272.064911
3.281853 77.686272 0.877825 0.000377 0.000613 0.808210 272.464935
3.143685 77.541618 0.877983 0.000400 0.000836 0.808167 272.864929
3.005517 77.396965 0.877943 0.000410 0.001016 0.808140 273.264954
2.867348 77.252312 0.877881 0.000378 0.001127 0.808106 273.664917
2.729174 77.107658 0.878059 0.000302 0.001080 0.808069 274.064911
2.590986 76.963005 0.878456 0.000198 0.000974 0.808035 274.464905
2.452799 76.81