178.000000 0.000000 0.145000 0.000000
193.750000 0.000000 0.145000 0.200003
215.625000 0.000000 0.145000 0.400016
231.250000 0.204999 0.157000 0.599998
241.000000 0.204999 0.157000 0.799984
252.000000 0.404999 0.157000 0.999961
266.375000 0.404999 0.157000 1.199981
277.500000 0.605864 0.157000 1.400000
286.500000 0.605864 0.170000 1.599990
296.750000 0.810863 0.170000 1.799994
308.125000 0.810863 0.170000 2.000008
320.125000 1.010865 0.170000 2.199981
329.250000 1.010865 0.170000 2.399988
339.000000 1.210869 0.169000 2.599980
346.875000 1.210869 0.169000 2.799978
347.500000 1.210869 0.169000 2.999980
354.250000 1.413212 0.169000 3.199971
365.000000 1.413212 0.169000 3.399990
376.375000 1.614694 0.160000 3.599986
387.500000 1.614694 0.160000 3.799977
399.125000 1.815874 0.160000 3.999987
411.750000 1.815874 0.160000 4.200008
419.750000 2.016002 0.160000 4.399995
430.250000 2.016002 0.176000 4.599974
441.000000 2.016002 0.176000 4.799965
453.000000 2.219387 0.176000 4.999954
461.375000 2.219387 0.176000 5.199955
472.625000 2.421903 0.176000 5.399977
486.875000 2.421903 0.208000 5.599976
497.500000 2.625777 0.208000 5.799991
515.125000 2.625777 0.208000 5.999953
523.375000 2.825781 0.208000 6.199988
535.625000 2.825781 0.208000 6.400000
544.000000 3.025784 0.179000 6.599991
555.250000 3.025784 0.179000 6.800000
564.250000 3.229799 0.179000 6.999964
575.000000 3.229799 0.179000 7.199975
582.000000 3.429807 0.179000 7.400034
594.250000 3.429807 0.170000 7.599986
604.250000 3.629814 0.170000 7.799994
618.500000 3.629814 0.170000 7.999994
628.625000 3.829824 0.170000 8.199966
642.500000 3.829824 0.170000 8.399965
651.250000 4.029832 0.180000 8.599960
659.750000 4.029832 0.180000 8.799988
667.250000 4.229836 0.180000 8.999978
676.625000 4.229836 0.180000 9.199976
684.500000 4.429836 0.180000 9.399991
693.875000 4.429836 0.178000 9.599991
697.750000 4.429836 0.178000 9.799995
700.625000 4.632465 0.178000 9.999981
708.250000 4.632465 0.178000 10.200000
713.750000 4.834151 0.178000 10.400007
717.500000 4.834151 0.181000 10.599983
725.250000 5.037964 0.181000 10.799988
732.500000 5.037964 0.181000 11.000005
740.500000 5.242216 0.181000 11.200048
744.625000 5.242216 0.181000 11.399986
749.125000 5.443191 0.177000 11.600033
756.500000 5.443191 0.177000 11.799951
759.000000 5.647953 0.177000 11.999954
764.625000 5.647953 0.177000 12.199982
773.250000 5.847967 0.177000 12.399961
776.375000 5.847967 0.207000 12.599990
777.625000 5.847967 0.207000 12.799982
781.500000 6.048016 0.207000 12.999986
784.750000 6.048016 0.207000 13.199996
790.500000 6.248029 0.207000 13.400014
797.000000 6.248029 0.217000 13.599987
800.000000 6.448043 0.217000 13.799957
807.000000 6.448043 0.217000 13.999991
810.500000 6.448043 0.217000 14.199994
812.125000 6.648940 0.217000 14.399969
814.250000 6.648940 0.213000 14.600006
822.625000 6.848957 0.213000 14.799973
828.375000 6.848957 0.213000 14.999993
832.125000 7.048972 0.213000 15.199991
833.000000 7.048972 0.213000 15.399994
833.500000 7.048972 0.210000 15.600019
834.500000 7.048972 0.210000 15.799980
837.500000 7.249055 0.210000 15.999978
844.750000 7.249055 0.210000 16.199984
850.250000 7.249055 0.210000 16.399996
853.625000 7.454054 0.199000 16.599958
858.125000 7.454054 0.199000 16.799997
861.500000 7.654058 0.199000 16.999998
865.000000 7.654058 0.199000 17.200005
869.750000 7.854069 0.199000 17.399979
872.375000 7.854069 0.209000 17.599979
875.625000 8.054081 0.209000 17.799963
877.250000 8.054081 0.209000 17.999979
880.000000 8.259051 0.209000 18.200020
880.875000 8.259051 0.209000 18.399975
880.875000 8.259051 0.215000 18.599997
884.375000 8.259051 0.215000 18.800016
886.750000 8.259051 0.215000 19.000010
890.000000 8.459126 0.215000 19.199957
892.250000 8.459126 0.215000 19.399963
895.375000 8.659126 0.217000 19.599997
900.625000 8.659126 0.217000 19.799973
909.125000 8.859130 0.217000 19.999985
914.250000 8.859130 0.217000 20.199959
917.125000 9.059136 0.217000 20.400005
922.750000 9.059136 0.210000 20.599993
929.250000 9.259143 0.210000 20.799982
933.250000 9.259143 0.210000 20.999989
936.250000 9.459146 0.210000 21.199984
938.500000 9.459146 0.210000 21.399971
941.250000 9.459146 0.222000 21.599991
943.000000 9.459146 0.222000 21.799978
945.250000 9.459146 0.222000 21.999996
948.250000 9.459146 0.222000 22.199989
952.250000 9.660418 0.222000 22.399965
957.625000 9.660418 0.203000 22.599951
962.125000 9.860885 0.203000 22.799999
966.000000 9.860885 0.203000 22.999964
971.375000 10.064673 0.203000 23.199959
981.000000 10.064673 0.203000 23.399984
987.500000 10.264675 0.225000 23.599989
996.500000 10.264675 0.225000 23.799973
1006.375000 10.464684 0.225000 23.999977
1012.625000 10.464684 0.225000 24.199957
1021.250000 10.665472 0.225000 24.399960
1030.375000 10.665472 0.221000 24.599981
1039.250000 10.870471 0.221000 24.799984
1045.500000 10.870471 0.221000 24.999981
1053.500000 11.075469 0.221000 25.199961
1063.000000 11.075469 0.221000 25.399973
1070.000000 11.280463 0.224000 25.599987
1075.875000 11.280463 0.224000 25.799997
1084.375000 11.485457 0.224000 25.999992
1092.000000 11.485457 0.224000 26.200005
1100.000000 11.485457 0.224000 26.399990
1105.125000 11.690453 0.236000 26.599998
1110.875000 11.690453 0.236000 26.799988
1116.750000 11.895447 0.236000 26.999973
1120.125000 11.895447 0.236000 27.199987
1124.625000 12.100441 0.236000 27.399967
1128.250000 12.100441 0.224000 27.599985
1132.750000 12.304281 0.224000 27.799967
1136.125000 12.304281 0.224000 27.999966
1138.750000 12.504283 0.224000 28.199970
1141.625000 12.504283 0.224000 28.399960
1144.000000 12.704299 0.227000 28.600002
1148.625000 12.704299 0.227000 28.799976
1150.125000 12.904318 0.227000 28.999973
1154.125000 12.904318 0.227000 29.199972
1162.250000 13.104339 0.227000 29.399969
1171.500000 13.104339 0.229000 29.599983
1173.625000 13.304360 0.229000 29.799992
1174.000000 13.304360 0.229000 29.999998
1177.000000 13.304360 0.229000 30.199980
1183.375000 13.507795 0.229000 30.399977
1186.125000 13.507795 0.227000 30.599985
1190.750000 13.709389 0.227000 30.799995
1193.000000 13.709389 0.227000 30.999981
1195.875000 13.910229 0.227000 31.199959
1197.500000 13.910229 0.227000 31.399994
1200.500000 13.910229 0.226000 31.599979
1203.750000 14.114977 0.226000 31.799978
1206.750000 14.114977 0.226000 31.999983
1210.250000 14.316526 0.226000 32.199963
1212.250000 14.316526 0.226000 32.399990
1215.750000 14.521520 0.228000 32.599983
1219.125000 14.521520 0.228000 32.799992
1222.375000 14.726251 0.228000 32.999996
1223.750000 14.726251 0.228000 33.199966
1226.750000 14.930431 0.228000 33.399990
1229.375000 14.930431 0.232000 33.599991
1231.625000 15.135422 0.232000 33.799969
1236.375000 15.135422 0.232000 33.999985
1238.625000 15.340412 0.232000 34.199963
1239.125000 15.340412 0.232000 34.399967
1239.125000 15.340412 0.231000 34.599976
1240.125000 15.340412 0.231000 34.799957
1243.250000 15.340412 0.231000 34.999969
1245.875000 15.540412 0.231000 35.199959
1248.750000 15.540412 0.231000 35.399963
1250.375000 15.745402 0.222000 35.599983
1251.875000 15.745402 0.222000 35.799980
1253.375000 15.950392 0.222000 35.999996
1256.750000 15.950392 0.222000 36.199997
1258.875000 16.155382 0.222000 36.399986
1261.500000 16.155382 0.218000 36.599976
1262.125000 16.359295 0.218000 36.799973
1263.625000 16.359295 0.218000 36.999992
1264.625000 16.564018 0.218000 37.199955
1264.625000 16.564018 0.218000 37.400002
1264.625000 16.564018 0.207000 37.599987
1264.625000 16.564018 0.207000 37.799973
1264.875000 16.564018 0.207000 37.999981
1265.750000 16.564018 0.207000 38.199978
1266.875000 16.564018 0.207000 38.399994
1270.375000 16.767347 0.210000 38.599987
1272.875000 16.767347 0.210000 38.799965
1275.500000 16.972338 0.210000 38.999996
1277.125000 16.972338 0.210000 39.199955
1279.500000 17.177319 0.210000 39.399963
1282.375000 17.177319 0.211000 39.599953
1285.250000 17.382315 0.211000 39.800003
1287.125000 17.382315 0.211000 39.999996
1289.625000 17.583109 0.211000 40.199970
1291.750000 17.583109 0.211000 40.399998
1294.750000 17.788103 0.242000 40.599964
1298.125000 17.788103 0.242000 40.799984
1298.750000 17.788103 0.242000 40.999977
1302.250000 17.992659 0.242000 41.199970
1304.250000 17.992659 0.242000 41.399967
1307.000000 18.194265 0.207000 41.599998
1308.375000 18.194265 0.207000 41.799973
1312.000000 18.395107 0.207000 41.999977
1314.125000 18.395107 0.207000 42.200035
1318.250000 18.599346 0.207000 42.399967
1322.375000 18.599346 0.204000 42.599987
1325.250000 18.804031 0.204000 42.799995
1327.250000 18.804031 0.204000 42.999973
1329.375000 19.007805 0.204000 43.199986
1332.125000 19.007805 0.204000 43.399986
1334.000000 19.207830 0.202000 43.599991
1336.625000 19.207830 0.202000 43.799953
1339.500000 19.407862 0.202000 44.000004
1341.750000 19.407862 0.202000 44.199974
1343.250000 19.607893 0.202000 44.399986
1344.625000 19.607893 0.205000 44.599976
1346.125000 19.812149 0.205000 44.799999
1347.625000 19.812149 0.205000 44.999985
1349.750000 20.016855 0.205000 45.199955
1350.500000 20.016855 0.205000 45.399979
1352.500000 20.221790 0.203000 45.600006
1353.875000 20.221790 0.203000 45.799995
1354.875000 20.426725 0.203000 45.999977
1356.125000 20.426725 0.203000 46.199993
1356.375000 20.426725 0.203000 46.399979
1356.375000 20.426725 0.204000 46.599953
1356.875000 20.426725 0.204000 46.799957
1356.875000 20.426725 0.204000 46.999958
1356.875000 20.426725 0.204000 47.199955
1357.125000 20.426725 0.204000 47.399994
1357.875000 20.627773 0.187000 47.599957
1359.375000 20.627773 0.187000 47.799976
1362.375000 20.627773 0.187000 47.999981
1363.875000 20.829359 0.187000 48.199955
1364.375000 20.829359 0.187000 48.399963
1366.500000 21.030958 0.204000 48.599987
1367.250000 21.030958 0.204000 48.800007
1369.250000 21.231869 0.204000 48.999969
1370.375000 21.231869 0.204000 49.199974
1371.625000 21.432785 0.204000 49.399979
1372.125000 21.432785 0.202000 49.599976
1372.375000 21.633270 0.202000 49.799980
1372.875000 21.633270 0.202000 49.999973
1374.000000 21.633270 0.202000 50.199997
1375.250000 21.633270 0.202000 50.399979
1376.375000 21.835871 0.193000 50.599972
1379.250000 21.835871 0.193000 50.800014
1380.000000 21.835871 0.193000 50.999989
1382.250000 22.040867 0.193000 51.199978
1384.625000 22.040867 0.193000 51.400024
1388.000000 22.245827 0.213000 51.599979
1389.250000 22.245827 0.213000 51.799973
1389.875000 22.450785 0.213000 51.999958
1390.000000 22.450785 0.213000 52.199959
1397.125000 22.654661 0.213000 52.400009
1400.625000 22.654661 0.219000 52.600018
1405.125000 22.859377 0.219000 52.799995
1407.625000 22.859377 0.219000 52.999996
1412.250000 23.061729 0.219000 53.200001
1416.875000 23.061729 0.219000 53.400036
1418.125000 23.265905 0.219000 53.600079
1419.375000 23.265905 0.219000 53.799995
1422.625000 23.470133 0.219000 53.999958
1429.375000 23.470133 0.219000 54.199997
1431.375000 23.671085 0.219000 54.399967
1433.000000 23.671085 0.214000 54.599953
1434.250000 23.875830 0.214000 54.800034
1436.750000 23.875830 0.214000 54.999996
1443.500000 24.076759 0.214000 55.199955
1446.750000 24.076759 0.214000 55.399979
1448.000000 24.281757 0.215000 55.599995
1448.875000 24.281757 0.215000 55.799980
1450.750000 24.486748 0.215000 56.000004
1455.125000 24.486748 0.215000 56.199978
1456.750000 24.486748 0.215000 56.399994
1463.000000 24.691740 0.216000 56.600002
1466.750000 24.691740 0.216000 56.799980
1472.250000 24.896732 0.216000 56.999962
1474.000000 24.896732 0.216000 57.199986
1476.000000 25.100595 0.216000 57.399975
1479.000000 25.100595 0.228000 57.599976
1487.625000 25.305590 0.228000 57.799984
1493.875000 25.305590 0.228000 58.000065
1495.625000 25.510584 0.228000 58.199989
1497.750000 25.510584 0.228000 58.399994
1498.500000 25.510584 0.219000 58.599976
1501.125000 25.510584 0.219000 58.799950
1505.875000 25.710592 0.219000 58.999966
1508.125000 25.710592 0.219000 59.200008
1511.750000 25.910606 0.219000 59.400009
1517.125000 25.910606 0.208000 59.600006
1524.000000 26.110620 0.208000 59.799992
1529.375000 26.110620 0.208000 59.999981
1531.500000 26.310638 0.208000 60.200008
1536.250000 26.310638 0.208000 60.399963
1540.750000 26.510654 0.222000 60.600010
1548.250000 26.510654 0.222000 60.799961
1554.500000 26.710655 0.222000 60.999989
1556.750000 26.710655 0.222000 61.200008
1556.875000 26.710655 0.222000 61.399971
1557.625000 26.710655 0.222000 61.599987
1557.625000 26.710655 0.233000 61.799980
1558.500000 26.710655 0.233000 61.999981
1561.250000 26.710655 0.233000 62.199993
1566.875000 26.910746 0.233000 62.399986
1571.250000 26.910746 0.215000 62.599998
1578.375000 27.112337 0.215000 62.799984
1584.750000 27.112337 0.215000 62.999954
1590.000000 27.312340 0.215000 63.199982
1593.250000 27.312340 0.215000 63.399960
1596.625000 27.513262 0.215000 63.599983
1601.875000 27.513262 0.235000 63.799961
1608.625000 27.718254 0.235000 63.999985
1613.000000 27.718254 0.235000 64.199997
1619.625000 27.923239 0.235000 64.400009
1627.750000 27.923239 0.241000 64.600006
1631.250000 28.124451 0.241000 64.799988
1633.625000 28.124451 0.241000 64.999947
1637.125000 28.124451 0.241000 65.199982
1641.375000 28.327581 0.241000 65.400009
1647.250000 28.327581 0.241000 65.599968
1652.500000 28.532581 0.230000 65.799980
1656.250000 28.532581 0.230000 65.999992
1660.250000 28.736467 0.230000 66.200066
1664.375000 28.736467 0.230000 66.399994
1670.875000 28.937283 0.242000 66.599983
1673.750000 28.937283 0.242000 66.800018
1674.000000 28.937283 0.242000 66.999954
1674.250000 28.937283 0.242000 67.199989
1674.250000 28.937283 0.242000 67.399979
1674.250000 28.937283 0.242000 67.599968
1674.375000 28.937283 0.220000 67.799980
1676.750000 28.937283 0.220000 67.999977
1680.875000 29.142027 0.220000 68.199982
1683.500000 29.142027 0.220000 68.399956
1688.000000 29.343210 0.211000 68.599976
1691.125000 29.343210 0.211000 68.799980
1691.500000 29.343210 0.211000 68.999977
1693.875000 29.343210 0.211000 69.199982
1694.875000 29.343210 0.211000 69.399956
1695.750000 29.343210 0.220000 69.599968
1698.875000 29.544552 0.220000 69.799980
1704.000000 29.544552 0.220000 69.999954
1707.875000 29.748804 0.220000 70.199959
1710.875000 29.748804 0.220000 70.399994
1716.625000 29.953781 0.226000 70.600006
1721.250000 29.953781 0.226000 70.799957
1727.125000 30.154688 0.226000 70.999962
1731.000000 30.154688 0.226000 71.199982
1735.500000 30.359671 0.226000 71.399986
1741.875000 30.359671 0.226000 71.599976
1747.500000 30.564611 0.238000 71.799942
1753.125000 30.564611 0.238000 71.999985
1762.000000 30.564611 0.238000 72.199982
1770.750000 30.769552 0.238000 72.399979
1774.125000 30.769552 0.238000 72.599998
1775.375000 30.973413 0.241000 72.799988
1778.125000 30.973413 0.241000 72.999954
1787.500000 31.178341 0.241000 73.199974
1792.375000 31.178341 0.241000 73.399994
1797.375000 31.382244 0.241000 73.599960
1801.375000 31.382244 0.253000 73.799988
1803.000000 31.582285 0.253000 73.999985
1804.375000 31.582285 0.253000 74.199974
1804.625000 31.582285 0.253000 74.400009
1805.125000 31.582285 0.240000 74.599998
1806.750000 31.582285 0.240000 74.800003
1808.875000 31.582285 0.240000 74.999977
1810.625000 31.783369 0.240000 75.199951
1816.500000 31.783369 0.240000 75.399986
1819.500000 31.783369 0.240000 75.599991
1824.000000 31.985620 0.221000 75.799980
1827.875000 31.985620 0.221000 76.000008
1832.000000 32.190620 0.221000 76.200020
1836.375000 32.190620 0.221000 76.399971
1849.000000 32.390629 0.257000 76.600037
1856.500000 32.390629 0.257000 76.799973
1861.125000 32.591881 0.257000 76.999985
1867.125000 32.591881 0.257000 77.199989
1874.875000 32.796608 0.257000 77.399971
1878.500000 32.796608 0.257000 77.599983
1882.375000 32.996632 0.249000 77.799973
1891.500000 32.996632 0.249000 77.999977
1899.750000 33.196674 0.249000 78.199982
1907.750000 33.196674 0.249000 78.400009
1913.625000 33.396706 0.251000 78.599998
1920.500000 33.396706 0.251000 78.799995
1927.000000 33.596722 0.251000 79.000008
1932.250000 33.596722 0.251000 79.200005
1937.875000 33.796757 0.251000 79.400009
1942.500000 33.796757 0.251000 79.599983
1950.750000 33.996799 0.245000 79.800026
1956.500000 33.996799 0.245000 79.999969
1964.125000 34.196819 0.245000 80.199959
1968.750000 34.196819 0.245000 80.400002
1974.250000 34.396862 0.249000 80.599998
1977.375000 34.396862 0.249000 80.799995
1982.250000 34.596893 0.249000 80.999992
1987.750000 34.596893 0.249000 81.199966
1993.250000 34.796925 0.249000 81.399994
1995.750000 34.796925 0.252000 81.599983
1998.250000 34.998207 0.252000 81.799995
1998.750000 34.998207 0.252000 81.999985
1999.250000 34.998207 0.252000 82.199997
1999.250000 34.998207 0.252000 82.400002
1999.375000 34.998207 0.254000 82.610428
1999.375000 34.998207 0.254000 82.810493
1999.375000 34.998207 0.254000 83.010437
1999.625000 34.998207 0.254000 83.220383
1999.625000 34.998207 0.254000 83.410454
1999.875000 34.998207 0.223000 83.610428
2001.750000 34.998207 0.223000 83.810387
2008.000000 35.201992 0.223000 84.010391
2014.500000 35.201992 0.223000 84.210403
2020.125000 35.401997 0.223000 84.410416
2021.750000 35.401997 0.223000 84.610413
2022.000000 35.401997 0.223000 84.810478
2022.375000 35.401997 0.223000 85.010460
2023.250000 35.401997 0.223000 85.210442
2023.375000 35.401997 0.223000 85.410423
2023.375000 35.401997 0.233000 85.610420
2024.000000 35.401997 0.233000 85.810394
2027.750000 35.606796 0.233000 86.010437
2033.000000 35.606796 0.233000 86.210495
2036.375000 35.606796 0.233000 86.410431
2041.000000 35.810623 0.229000 86.610451
2048.000000 35.810623 0.229000 86.810425
2054.500000 36.010658 0.229000 87.010460
2059.875000 36.010658 0.229000 87.210480
2065.000000 36.211514 0.229000 87.410431
2068.750000 36.211514 0.244000 87.610489
2070.875000 36.411518 0.244000 87.810448
2074.250000 36.411518 0.244000 88.010429
2081.500000 36.615162 0.244000 88.210396
2091.250000 36.615162 0.244000 88.410439
2096.750000 36.816780 0.236000 88.610451
2101.750000 36.816780 0.236000 88.810425
2105.375000 37.021767 0.236000 89.010483
2111.750000 37.021767 0.236000 89.210419
2120.500000 37.021767 0.236000 89.410454
2127.625000 37.222649 0.253000 89.610443
2132.250000 37.222649 0.253000 89.820473
2138.500000 37.430115 0.253000 90.020355
2144.875000 37.430115 0.253000 90.210411
2150.250000 37.632568 0.253000 90.410431
2152.000000 37.632568 0.258000 90.610458
2152.875000 37.632568 0.258000 90.810432
2157.625000 37.632568 0.258000 91.010414
2160.250000 37.833241 0.258000 91.210388
2164.250000 37.833241 0.258000 91.410461
2168.750000 38.034630 0.247000 91.610489
2179.125000 38.034630 0.247000 91.810440
2183.625000 38.239616 0.247000 92.010414
2188.250000 38.239616 0.247000 92.210419
2190.625000 38.440422 0.247000 92.410500
2194.000000 38.440422 0.259000 92.610443
2197.000000 38.644245 0.259000 92.810402
2206.875000 38.644245 0.259000 93.010445
2213.375000 38.844280 0.259000 93.210434
2221.000000 38.844280 0.259000 93.410484
2224.750000 38.844280 0.256000 93.610397
2230.250000 39.048203 0.256000 93.810463
2233.625000 39.048203 0.256000 94.010468
2237.250000 39.248207 0.256000 94.210480
2244.750000 39.248207 0.256000 94.410416
2252.125000 39.449043 0.268000 94.610443
2256.000000 39.449043 0.268000 94.810402
2262.625000 39.649063 0.268000 95.010429
2268.000000 39.649063 0.268000 95.210495
2273.125000 39.849106 0.268000 95.410393
2278.250000 39.849106 0.262000 95.610435
2282.875000 40.049149 0.262000 95.810486
2287.875000 40.049149 0.262000 96.010490
2293.000000 40.254150 0.262000 96.210480
2296.750000 40.254150 0.262000 96.410492
2300.375000 40.459129 0.264000 96.610405
2303.875000 40.459129 0.264000 96.810440
2307.750000 40.664108 0.264000 97.010429
2311.500000 40.664108 0.264000 97.210449
2317.250000 40.869083 0.264000 97.410423
2320.750000 40.869083 0.264000 97.610451
2322.500000 41.070293 0.264000 97.810387
2323.750000 41.070293 0.264000 98.010445
2325.500000 41.070293 0.264000 98.210495
2327.500000 41.272682 0.264000 98.410454
2329.375000 41.272682 0.258000 98.610435
2331.125000 41.272682 0.258000 98.810387
2332.875000 41.473583 0.258000 99.010506
2335.500000 41.473583 0.258000 99.210464
2337.750000 41.673588 0.258000 99.410439
2339.625000 41.673588 0.260000 99.610397
2341.375000 41.874454 0.260000 99.810486
2342.750000 41.874454 0.260000 100.010422
2343.875000 42.074459 0.260000 100.210426
2346.750000 42.074459 0.260000 100.410431
2347.875000 42.074459 0.255000 100.610397
2349.125000 42.274715 0.255000 100.810425
2351.125000 42.274715 0.255000 101.010399
2352.750000 42.274715 0.255000 101.210464
2354.500000 42.479473 0.255000 101.410423
2357.000000 42.479473 0.255000 101.610435
2358.875000 42.679482 0.270000 101.810455
2360.000000 42.679482 0.270000 102.010414
2361.250000 42.679482 0.270000 102.210419
2361.625000 42.679482 0.270000 102.410416
2361.875000 42.679482 0.252000 102.610413
2362.500000 42.679482 0.252000 102.810432
2365.250000 42.679482 0.252000 103.010391
2368.000000 42.679482 0.252000 103.210411
2372.375000 42.879490 0.252000 103.410385
2375.500000 42.879490 0.238000 103.610420
2378.375000 43.079498 0.238000 103.810417
2381.125000 43.079498 0.238000 104.010445
2383.000000 43.279507 0.238000 104.210419
2384.000000 43.279507 0.238000 104.410439
2384.000000 43.279507 0.241000 104.610428
2385.375000 43.482010 0.241000 104.810440
2386.875000 43.482010 0.241000 105.010460
2388.625000 43.684517 0.241000 105.210426
2390.750000 43.684517 0.241000 105.410439
2391.875000 43.884525 0.225000 105.610443
2393.000000 43.884525 0.225000 105.810448
2394.000000 44.084534 0.225000 106.010437
2395.250000 44.084534 0.225000 106.210442
2397.250000 44.284542 0.225000 106.410439
2398.625000 44.284542 0.229000 106.610390
2399.250000 44.484550 0.229000 106.810440
2408.250000 44.484550 0.229000 107.010414
2416.250000 44.484550 0.229000 107.210396
2423.375000 44.484550 0.229000 107.410446
2429.250000 44.484550 0.233000 107.610413
2435.250000 44.686058 0.233000 107.810387
2441.375000 44.686058 0.233000 108.010406
2444.500000 44.686058 0.233000 108.210442
2448.500000 44.889565 0.233000 108.410431
2451.125000 44.889565 0.224000 108.610397
2453.250000 45.089573 0.224000 108.810486
2455.250000 45.089573 0.224000 109.010422
2456.875000 45.289581 0.224000 109.210396
2458.125000 45.289581 0.224000 109.410446
2458.500000 45.489590 0.232000 109.620369
2459.750000 45.689598 0.232000 109.820389
2461.250000 45.689598 0.232000 110.010460
2462.125000 45.689598 0.232000 110.210426
2462.125000 45.689598 0.232000 110.420395
2462.125000 45.689598 0.226000 110.620445
2462.750000 45.689598 0.226000 110.820442
2464.125000 45.890354 0.226000 111.020348
2465.250000 45.890354 0.226000 111.220459
2467.000000 46.094601 0.226000 111.420372
2468.125000 46.094601 0.217000 111.620399
2470.375000 46.299599 0.217000 111.820450
2471.875000 46.299599 0.217000 112.020386
2473.000000 46.504597 0.217000 112.220398
2474.125000 46.504597 0.217000 112.420456
2475.000000 46.709595 0.221000 112.620384
2476.000000 46.709595 0.221000 112.820374
2476.875000 46.914597 0.221000 113.020370
2478.000000 46.914597 0.221000 113.220482
2478.125000 46.914597 0.221000 113.420387
2478.125000 46.914597 0.216000 113.620384
2478.250000 46.914597 0.216000 113.820358
2478.375000 46.914597 0.216000 114.020393
2479.500000 47.114967 0.216000 114.220375
2481.125000 47.114967 0.216000 114.420349
2483.000000 47.114967 0.216000 114.620354
2484.625000 47.315815 0.216000 114.820358
2486.625000 47.315815 0.216000 115.020370
2488.000000 47.519657 0.216000 115.220345
2488.750000 47.519657 0.216000 115.420334
2490.875000 47.724648 0.220000 115.620445
2492.500000 47.724648 0.220000 115.820366
2494.500000 47.929626 0.220000 116.020393
2496.000000 47.929626 0.220000 116.220375
2498.750000 48.130543 0.220000 116.420387
2501.250000 48.130543 0.252000 116.620377
2504.875000 48.334053 0.252000 116.820335
2506.375000 48.334053 0.252000 117.020378
2512.125000 48.536419 0.252000 117.220367
2514.250000 48.536419 0.252000 117.420410
2516.625000 48.736874 0.229000 117.620369
2523.125000 48.736874 0.229000 117.820427
2525.375000 48.940655 0.229000 118.020348
2528.625000 48.940655 0.229000 118.220360
2535.250000 49.141628 0.229000 118.420380
2536.500000 49.141628 0.221000 118.620377
2541.000000 49.341648 0.221000 118.820396
2541.875000 49.341648 0.221000 119.020386
2550.500000 49.545509 0.221000 119.220413
2552.625000 49.545509 0.221000 119.420380
2556.375000 49.745552 0.224000 119.620346
2558.375000 49.745552 0.224000 119.820358
2565.375000 49.945702 0.224000 120.020348
2566.375000 49.945702 0.224000 120.220375
2568.375000 50.145851 0.224000 120.420357
2569.250000 50.145851 0.226000 120.620407
2571.625000 50.346001 0.226000 120.820351
2576.750000 50.346001 0.226000 121.020363
2577.250000 50.546150 0.226000 121.220360
2578.000000 50.546150 0.226000 121.420357
2579.875000 50.749977 0.223000 121.620354
2583.000000 50.749977 0.223000 121.820343
2588.875000 50.950096 0.223000 122.020363
2595.250000 50.950096 0.223000 122.220390
2595.625000 50.950096 0.223000 122.420425
2595.875000 50.950096 0.235000 122.620361
2596.000000 50.950096 0.235000 122.820374
2597.875000 50.950096 0.235000 123.020348
2600.000000 51.152103 0.235000 123.220345
2603.875000 51.152103 0.235000 123.420372
2608.125000 51.356468 0.209000 123.620377
2611.375000 51.356468 0.209000 123.820366
2613.625000 51.556938 0.209000 124.020386
2616.125000 51.556938 0.209000 124.220367
2618.125000 51.760738 0.209000 124.420372
2620.875000 51.760738 0.227000 124.620346
2625.875000 51.960739 0.227000 124.820343
2628.000000 51.960739 0.227000 125.020348
2628.875000 52.160767 0.227000 125.220375
2632.875000 52.160767 0.227000 125.420364
2634.625000 52.360798 0.235000 125.620468
2637.375000 52.360798 0.235000 125.820381
2642.500000 52.560829 0.235000 126.020378
2645.500000 52.560829 0.235000 126.220367
2647.750000 52.760864 0.235000 126.420410
2649.750000 52.760864 0.234000 126.620369
2651.500000 52.960903 0.234000 126.820381
2654.250000 52.960903 0.234000 127.020370
2658.000000 53.160946 0.234000 127.220345
2662.000000 53.160946 0.234000 127.420403
2664.250000 53.360992 0.231000 127.620346
2665.875000 53.360992 0.231000 127.820374
2667.125000 53.561047 0.231000 128.020416
2667.625000 53.561047 0.231000 128.220337
2670.250000 53.761105 0.231000 128.420349
2674.875000 53.761105 0.229000 128.620361
2677.250000 53.961166 0.229000 128.820374
2679.875000 53.961166 0.229000 129.020386
2682.000000 54.161236 0.229000 129.220337
2683.750000 54.161236 0.229000 129.420380
2687.000000 54.366150 0.233000 129.620346
2688.500000 54.366150 0.233000 129.820358
2689.000000 54.567162 0.233000 130.020370
2689.375000 54.567162 0.233000 130.220352
2691.375000 54.767170 0.233000 130.420380
2694.875000 54.767170 0.249000 130.620361
2698.625000 54.967175 0.249000 130.820404
2702.125000 54.967175 0.249000 131.020340
2705.125000 55.167179 0.249000 131.220337
2707.750000 55.167179 0.249000 131.420380
2709.500000 55.367191 0.245000 131.620346
2711.750000 55.367191 0.245000 131.820389
2714.875000 55.567204 0.245000 132.020401
2717.250000 55.567204 0.245000 132.220367
2720.500000 55.767216 0.245000 132.420364
2722.625000 55.767216 0.249000 132.620361
2723.500000 55.767216 0.249000 132.820419
2724.000000 55.967777 0.249000 133.020340
2725.750000 55.967777 0.249000 133.220367
2727.125000 56.171448 0.249000 133.420334
2730.500000 56.171448 0.241000 133.620331
2734.500000 56.372246 0.241000 133.820389
2737.250000 56.372246 0.241000 134.020447
2739.125000 56.573940 0.241000 134.220383
2741.375000 56.573940 0.241000 134.420364
2744.500000 56.778156 0.241000 134.620346
2748.000000 56.778156 0.265000 134.820358
2749.625000 56.978920 0.265000 135.020370
2751.625000 56.978920 0.265000 135.220367
2753.250000 57.179008 0.265000 135.420395
2753.750000 57.179008 0.259000 135.620331
2754.250000 57.179008 0.259000 135.820343
2756.250000 57.179008 0.259000 136.020370
2761.000000 57.379021 0.259000 136.220337
2763.250000 57.379021 0.259000 136.420380
2765.875000 57.579109 0.269000 136.620377
2767.500000 57.579109 0.269000 136.820374
2772.000000 57.779198 0.269000 137.020340
2775.250000 57.779198 0.269000 137.220398
2777.000000 57.979286 0.269000 137.420380
2781.750000 57.979286 0.260000 137.620377
2784.750000 58.183182 0.260000 137.820404
2787.375000 58.183182 0.260000 138.020355
2788.625000 58.383228 0.260000 138.220367
2789.250000 58.383228 0.260000 138.420410
2790.125000 58.383228 0.264000 138.620392
2790.875000 58.383228 0.264000 138.820389
2792.000000 58.383228 0.264000 139.020370
2792.750000 58.383228 0.264000 139.220352
2795.750000 58.383228 0.264000 139.420349
2798.625000 58.583504 0.241000 139.620361
2802.000000 58.583504 0.241000 139.820389
2804.625000 58.785965 0.241000 140.020340
2809.125000 58.785965 0.241000 140.220398
2811.125000 58.986065 0.241000 140.420364
2813.125000 58.986065 0.265000 140.620392
2814.750000 59.186153 0.265000 140.820358
2816.250000 59.186153 0.265000 141.020355
2820.375000 59.387409 0.265000 141.220352
2824.375000 59.387409 0.265000 141.420425
2828.750000 59.592155 0.259000 141.620361
2830.625000 59.592155 0.259000 141.820343
2830.625000 59.592155 0.259000 142.020340
2830.625000 59.592155 0.259000 142.220352
2830.750000 59.592155 0.259000 142.420364
2831.000000 59.592155 0.238000 142.620331
2831.500000 59.592155 0.238000 142.820343
2832.750000 59.592155 0.238000 143.020340
2833.750000 59.792873 0.238000 143.220352
2835.625000 59.792873 0.238000 143.420395
2837.500000 59.996674 0.237000 143.620361
2838.750000 59.996674 0.237000 143.820374
2840.250000 60.200474 0.237000 144.020370
2842.000000 60.200474 0.237000 144.220352
2844.125000 60.402214 0.237000 144.420349
2847.625000 60.402214 0.254000 144.620346
2850.125000 60.606445 0.254000 144.820358
2853.000000 60.606445 0.254000 145.020355
2855.500000 60.806503 0.254000 145.220383
2857.375000 60.806503 0.254000 145.420425
2858.500000 61.006569 0.252000 145.620361
2862.625000 61.006569 0.252000 145.820450
2866.125000 61.206638 0.252000 146.020355
2870.000000 61.206638 0.252000 146.220352
2871.625000 61.407455 0.252000 146.420380
2872.750000 61.407455 0.255000 146.620361
2874.500000 61.607468 0.255000 146.820358
2876.875000 61.607468 0.255000 147.020386
2882.000000 61.807514 0.255000 147.220337
2884.750000 61.807514 0.255000 147.420364
2886.125000 62.007515 0.253000 147.620346
2886.875000 62.007515 0.253000 147.820343
2887.250000 62.212509 0.253000 148.020401
2890.125000 62.212509 0.253000 148.220367
2893.500000 62.412510 0.253000 148.420349
2895.500000 62.412510 0.271000 148.620361
2898.250000 62.617500 0.271000 148.820404
2902.125000 62.617500 0.271000 149.020355
2903.375000 62.822495 0.271000 149.220352
2905.500000 62.822495 0.271000 149.420364
2907.750000 63.022499 0.261000 149.620361
2910.750000 63.022499 0.261000 149.820343
2913.125000 63.222500 0.261000 150.020340
2916.625000 63.222500 0.261000 150.220367
2920.250000 63.222500 0.261000 150.420349
2921.500000 63.427494 0.226000 150.620377
2923.875000 63.427494 0.226000 150.820374
2925.750000 63.627514 0.226000 151.020340
2928.500000 63.627514 0.226000 151.220367
2931.125000 63.827522 0.226000 151.420349
2933.125000 63.827522 0.225000 151.620361
2935.875000 64.027527 0.225000 151.820404
2938.875000 64.027527 0.225000 152.020355
2941.625000 64.227531 0.225000 152.220383
2943.125000 64.227531 0.225000 152.420380
2946.750000 64.432526 0.227000 152.620377
2948.875000 64.432526 0.227000 152.820389
2952.125000 64.632530 0.227000 153.020401
2954.000000 64.632530 0.227000 153.220367
2955.375000 64.832527 0.227000 153.420380
2957.125000 64.832527 0.262000 153.620361
2958.125000 65.033363 0.262000 153.820374
2959.500000 65.033363 0.262000 154.020340
2961.750000 65.033363 0.262000 154.220352
2964.875000 65.234093 0.262000 154.420364
2969.000000 65.234093 0.229000 154.620361
2973.625000 65.434120 0.229000 154.820374
2975.000000 65.434120 0.229000 155.020370
2977.875000 65.634193 0.229000 155.220352
2982.250000 65.634193 0.229000 155.420364
2987.125000 65.838013 0.216000 155.620422
2989.125000 65.838013 0.216000 155.820343
2991.250000 66.042923 0.216000 156.020386
2993.875000 66.042923 0.216000 156.220367
2998.750000 66.247826 0.216000 156.420364
3002.750000 66.247826 0.218000 156.620361
3004.750000 66.452728 0.218000 156.820358
3005.750000 66.452728 0.218000 157.020340
3007.250000 66.452728 0.218000 157.220398
3009.500000 66.653526 0.218000 157.420380
3012.000000 66.653526 0.215000 157.620361
3017.125000 66.858452 0.215000 157.820389
3019.500000 66.858452 0.215000 158.020340
3022.000000 67.062241 0.215000 158.220367
3024.250000 67.062241 0.215000 158.420364
3027.625000 67.267181 0.216000 158.620361
3031.375000 67.267181 0.216000 158.820358
3035.375000 67.472115 0.216000 159.020355
3039.500000 67.472115 0.216000 159.220367
3042.750000 67.472115 0.216000 159.420364
3043.875000 67.472115 0.219000 159.620346
3044.375000 67.472115 0.219000 159.820389
3046.875000 67.672493 0.219000 160.020370
3048.875000 67.672493 0.219000 160.220367
3052.625000 67.672493 0.219000 160.420380
3055.625000 67.876022 0.200000 160.620361
3059.375000 67.876022 0.200000 160.820343
3062.875000 68.076714 0.200000 161.020355
3065.250000 68.076714 0.200000 161.220383
3067.375000 68.277901 0.200000 161.420349
3069.375000 68.277901 0.217000 161.620346
3072.875000 68.482841 0.217000 161.820343
3075.250000 68.482841 0.217000 162.020386
3080.125000 68.687744 0.217000 162.220367
3082.750000 68.687744 0.217000 162.420349
3084.750000 68.892700 0.229000 162.620377
3086.375000 68.892700 0.229000 162.820374
3087.500000 69.097694 0.229000 163.020386
3089.750000 69.097694 0.229000 163.220383
3091.500000 69.301949 0.229000 163.420364
3091.500000 69.301949 0.234000 163.620407
3092.625000 69.301949 0.234000 163.820389
3093.750000 69.301949 0.234000 164.020370
3095.125000 69.502731 0.234000 164.220367
3096.375000 69.502731 0.234000 164.420349
3098.125000 69.707733 0.242000 164.620361
3100.750000 69.707733 0.242000 164.820343
3102.250000 69.907730 0.242000 165.020386
3103.000000 69.907730 0.242000 165.220413
3104.375000 70.107735 0.242000 165.420395
3107.125000 70.107735 0.235000 165.620392
3109.250000 70.312729 0.235000 165.820358
3115.375000 70.312729 0.235000 166.020386
3116.500000 70.512726 0.235000 166.220383
3119.625000 70.512726 0.235000 166.420380
3125.625000 70.717728 0.238000 166.620407
3128.625000 70.717728 0.238000 166.820389
3132.125000 70.717728 0.238000 167.020370
3135.000000 70.920258 0.238000 167.220367
3136.625000 70.920258 0.238000 167.420380
3139.125000 71.121841 0.233000 167.620361
3141.750000 71.121841 0.233000 167.820389
3144.500000 71.322762 0.233000 168.020401
3146.625000 71.322762 0.233000 168.220367
3147.125000 71.522827 0.233000 168.420395
3148.500000 71.522827 0.238000 168.620377
3150.125000 71.726685 0.238000 168.820358
3153.500000 71.726685 0.238000 169.020370
3159.000000 71.931610 0.238000 169.220367
3161.500000 71.931610 0.238000 169.420395
3162.125000 72.134506 0.234000 169.620377
3162.375000 72.134506 0.234000 169.820374
3162.625000 72.134506 0.234000 170.020370
3163.750000 72.134506 0.234000 170.220383
3165.375000 72.134506 0.234000 170.420364
3168.500000 72.338951 0.222000 170.620377
3172.125000 72.338951 0.222000 170.820328
3178.375000 72.538956 0.222000 171.020340
3180.125000 72.538956 0.222000 171.220367
3185.000000 72.738991 0.222000 171.420364
3186.625000 72.738991 0.249000 171.620392
3188.875000 72.942841 0.249000 171.820389
3190.750000 72.942841 0.249000 172.020386
3193.875000 73.147804 0.249000 172.220352
3196.750000 73.147804 0.249000 172.420364
3201.375000 73.351700 0.238000 172.620346
3205.000000 73.351700 0.238000 172.820343
3206.500000 73.556656 0.238000 173.020340
3210.250000 73.556656 0.238000 173.220337
3212.125000 73.761612 0.238000 173.420349
3212.625000 73.761612 0.239000 173.620392
3212.625000 73.761612 0.239000 173.820343
3212.750000 73.761612 0.239000 174.020340
3213.750000 73.761612 0.239000 174.220428
3215.125000 73.963081 0.239000 174.420410
3219.000000 73.963081 0.213000 174.620361
3221.625000 74.163879 0.213000 174.820374
3222.625000 74.163879 0.213000 175.020355
3224.000000 74.363998 0.213000 175.220367
3225.750000 74.363998 0.213000 175.420364
3230.000000 74.564789 0.249000 175.620361
3231.375000 74.564789 0.249000 175.820374
3235.000000 74.769714 0.249000 176.020340
3237.125000 74.769714 0.249000 176.220352
3239.375000 74.769714 0.249000 176.420380
3239.375000 74.970917 0.221000 176.620361
3240.500000 74.970917 0.221000 176.820374
3242.000000 74.970917 0.221000 177.020370
3244.000000 75.174652 0.221000 177.220367
3247.000000 75.174652 0.221000 177.420395
3249.625000 75.379578 0.211000 177.620361
3250.875000 75.379578 0.211000 177.820374
3252.750000 75.584503 0.211000 178.020340
3254.500000 75.584503 0.211000 178.220367
3256.500000 75.789429 0.211000 178.420380
3260.375000 75.789429 0.211000 178.620392
3260.375000 75.789429 0.211000 178.820374
3260.750000 75.789429 0.211000 179.020401
3260.750000 75.789429 0.211000 179.220383
3260.750000 75.789429 0.211000 179.420380
3260.750000 75.789429 0.200000 179.620392
3261.125000 75.789429 0.200000 179.820343
3261.875000 75.789429 0.200000 180.020370
3264.000000 75.994354 0.200000 180.220398
3266.500000 75.994354 0.200000 180.420380
3269.625000 76.199280 0.194000 180.620361
3273.250000 76.199280 0.194000 180.820465
3274.875000 76.404205 0.194000 181.020340
3279.125000 76.404205 0.194000 181.220367
3284.125000 76.609131 0.194000 181.420410
3286.500000 76.609131 0.208000 181.620392
3290.375000 76.609131 0.208000 181.820343
3292.625000 76.814056 0.208000 182.020447
3295.250000 76.814056 0.208000 182.220352
3298.750000 77.018982 0.208000 182.420395
3300.625000 77.018982 0.211000 182.620377
3305.500000 77.222832 0.211000 182.820374
3307.500000 77.222832 0.211000 183.020355
3307.625000 77.222832 0.211000 183.220367
3307.625000 77.222832 0.211000 183.420380
3307.625000 77.222832 0.207000 183.620377
3307.625000 77.222832 0.207000 183.820374
3307.750000 77.222832 0.207000 184.020370
3310.500000 77.424339 0.207000 184.220383
3314.875000 77.424339 0.207000 184.420425
3318.875000 77.625671 0.194000 184.620438
3321.625000 77.625671 0.194000 184.820343
3324.875000 77.830597 0.194000 185.020386
3329.000000 77.830597 0.194000 185.220383
3333.625000 77.830597 0.194000 185.420395
3334.000000 78.031830 0.219000 185.620346
3334.000000 78.031830 0.219000 185.820450
3334.000000 78.031830 0.219000 186.020355
3334.000000 78.031830 0.219000 186.220352
3334.000000 78.031830 0.219000 186.420349
3334.000000 78.031830 0.194000 186.620361
3334.750000 78.031830 0.194000 186.820343
3338.375000 78.031830 0.194000 187.020340
3344.250000 78.235657 0.194000 187.220367
3348.000000 78.235657 0.194000 187.430389
3351.125000 78.435753 0.211000 187.620361
3355.000000 78.435753 0.211000 187.820374
3361.250000 78.635857 0.211000 188.020416
3365.875000 78.635857 0.211000 188.220337
3367.250000 78.835907 0.211000 188.420364
3370.500000 78.835907 0.224000 188.630417
3372.375000 78.835907 0.224000 188.830414
3376.875000 79.037300 0.224000 189.030472
3382.000000 79.037300 0.224000 189.230408
3385.750000 79.240173 0.224000 189.430420
3390.125000 79.240173 0.228000 189.630386
3391.250000 79.440918 0.228000 189.830444
3396.000000 79.440918 0.228000 190.030411
3400.500000 79.644684 0.228000 190.230423
3403.500000 79.644684 0.228000 190.430405
3407.250000 79.848549 0.229000 190.630417
3410.500000 79.848549 0.229000 190.830383
3415.375000 80.048630 0.229000 191.030426
3419.625000 80.048630 0.229000 191.230453
3419.875000 80.048630 0.229000 191.430420
3420.000000 80.048630 0.247000 191.630447
3422.000000 80.048630 0.247000 191.830460
3426.375000 80.253624 0.247000 192.030426
3431.250000 80.253624 0.247000 192.230392
3437.250000 80.453697 0.247000 192.430466
3443.125000 80.453697 0.236000 192.630417
3447.750000 80.653770 0.236000 192.830429
3453.625000 80.653770 0.236000 193.030396
3461.375000 80.853844 0.236000 193.230423
3468.000000 80.853844 0.236000 193.430420
3471.250000 81.053917 0.264000 193.630417
3475.625000 81.053917 0.264000 193.830414
3480.625000 81.253990 0.264000 194.030396
3483.500000 81.253990 0.264000 194.230515
3483.625000 81.253990 0.264000 194.430435
3484.125000 81.253990 0.246000 194.630432
3484.750000 81.253990 0.246000 194.830460
3486.125000 81.253990 0.246000 195.030411
3487.625000 81.253990 0.246000 195.230392
3492.000000 81.455452 0.246000 195.430435
3495.250000 81.455452 0.246000 195.630447
3495.625000 81.455452 0.246000 195.830444
3495.625000 81.455452 0.246000 196.030426
3495.625000 81.455452 0.246000 196.230453
3495.625000 81.455452 0.246000 196.430405
3495.625000 81.455452 0.232000 196.630417
3497.250000 81.455452 0.232000 196.830399
3500.625000 81.659164 0.232000 197.030411
3506.500000 81.659164 0.232000 197.230423
3512.125000 81.860001 0.232000 197.430420
3518.250000 81.860001 0.248000 197.630417
3526.000000 82.060043 0.248000 197.830414
3531.375000 82.060043 0.248000 198.030426
3536.500000 82.260139 0.248000 198.230408
3540.750000 82.260139 0.248000 198.430466
3545.750000 82.460953 0.263000 198.630447
3548.500000 82.460953 0.263000 198.830444
3553.250000 82.660988 0.263000 199.030441
3557.750000 82.660988 0.263000 199.230453
3562.750000 82.861069 0.263000 199.430450
3568.375000 82.861069 0.243000 199.630463
3572.000000 83.062294 0.243000 199.830414
3572.000000 83.062294 0.243000 200.030457
3572.375000 83.062294 0.243000 200.230408
3572.875000 83.062294 0.243000 200.430511
3574.125000 83.062294 0.234000 200.630447
3574.875000 83.062294 0.234000 200.830444
3578.750000 83.062294 0.234000 201.030441
3581.750000 83.264450 0.234000 201.230408
3584.625000 83.264450 0.234000 201.430450
3589.750000 83.469437 0.229000 201.630402
3595.000000 83.469437 0.229000 201.830429
3601.000000 83.674385 0.229000 202.030441
3608.625000 83.674385 0.229000 202.230438
3613.250000 83.875282 0.229000 202.430435
3616.250000 83.875282 0.245000 202.630432
3622.125000 84.080261 0.245000 202.830444
3627.000000 84.080261 0.245000 203.030457
3630.750000 84.080261 0.245000 203.230423
3638.250000 84.285248 0.245000 203.430450
3642.500000 84.285248 0.242000 203.630402
3646.000000 84.490234 0.242000 203.830414
3651.250000 84.490234 0.242000 204.030426
3656.250000 84.695221 0.242000 204.230408
3660.500000 84.695221 0.242000 204.430435
3663.500000 84.900208 0.243000 204.630432
3666.875000 84.900208 0.243000 204.830444
3674.000000 85.105194 0.243000 205.030426
3680.125000 85.105194 0.243000 205.230392
3684.125000 85.310181 0.243000 205.430420
3687.375000 85.310181 0.255000 205.630478
3691.500000 85.515167 0.255000 205.830414
3696.250000 85.515167 0.255000 206.030426
3701.750000 85.720154 0.255000 206.230423
3706.750000 85.720154 0.255000 206.430420
3710.875000 85.925140 0.242000 206.630432
3712.000000 85.925140 0.242000 206.830444
3712.375000 85.925140 0.242000 207.030411
3712.750000 85.925140 0.242000 207.230392
3713.250000 85.925140 0.242000 207.430420
3713.750000 85.925140 0.231000 207.630402
3715.375000 85.925140 0.231000 207.830429
3716.875000 86.126831 0.231000 208.030426
3718.375000 86.126831 0.231000 208.230438
3720.750000 86.327271 0.231000 208.430435
3722.125000 86.327271 0.228000 208.630432
3724.000000 86.527321 0.228000 208.830429
3724.375000 86.527321 0.228000 209.030396
3724.500000 86.527321 0.228000 209.230423
3725.375000 86.527321 0.228000 209.430435
3726.875000 86.527321 0.219000 209.630432
3729.250000 86.527321 0.219000 209.830414
3732.750000 86.730202 0.219000 210.030457
3736.875000 86.730202 0.219000 210.230423
3739.375000 86.935181 0.219000 210.430420
3742.750000 86.935181 0.225000 210.630432
3747.000000 87.138954 0.225000 210.830429
3750.625000 87.138954 0.225000 211.030411
3753.625000 87.342758 0.225000 211.230453
3756.250000 87.342758 0.225000 211.430450
3758.250000 87.547676 0.233000 211.630402
3760.125000 87.547676 0.233000 211.830429
3764.000000 87.547676 0.233000 212.030487
3768.500000 87.748482 0.233000 212.230423
3773.375000 87.748482 0.233000 212.430420
3773.750000 87.948517 0.250000 212.630432
3774.250000 87.948517 0.250000 212.830399
3776.500000 87.948517 0.250000 213.030411
3779.000000 88.153381 0.250000 213.230423
3783.125000 88.153381 0.250000 213.430435
3788.000000 88.353477 0.228000 213.630432
3793.375000 88.353477 0.228000 213.830429
3797.125000 88.557358 0.228000 214.030441
3800.375000 88.557358 0.228000 214.230438
3803.625000 88.757545 0.228000 214.430435
3806.375000 88.757545 0.250000 214.630432
3813.250000 88.958435 0.250000 214.830444
3816.750000 88.958435 0.250000 215.030457
3822.875000 89.158569 0.250000 215.230438
3826.750000 89.158569 0.250000 215.430389
3831.250000 89.362442 0.249000 215.630417
3832.500000 89.362442 0.249000 215.830429
3832.625000 89.362442 0.249000 216.030426
3833.000000 89.362442 0.249000 216.230453
3833.500000 89.362442 0.249000 216.430435
3833.875000 89.362442 0.229000 216.630447
3835.000000 89.563560 0.229000 216.830414
3836.500000 89.563560 0.229000 217.030426
3839.000000 89.764046 0.229000 217.230423
3841.000000 89.764046 0.229000 217.430435
3843.625000 89.968895 0.236000 217.630478
3846.125000 89.968895 0.236000 217.830460
3848.750000 90.173470 0.236000 218.030472
3851.125000 90.173470 0.236000 218.230408
3854.375000 90.373482 0.236000 218.430405
3856.125000 90.373482 0.243000 218.630432
3857.500000 90.373482 0.243000 218.830414
3860.000000 90.577316 0.243000 219.030441
3861.875000 90.577316 0.243000 219.230438
3865.625000 90.782310 0.243000 219.430435
3866.875000 90.782310 0.238000 219.630417
3868.625000 90.983177 0.238000 219.830414
3871.500000 90.983177 0.238000 220.030411
3872.625000 91.186668 0.238000 220.230453
3872.625000 91.186668 0.238000 220.430405
3872.625000 91.186668 0.244000 220.630402
3872.625000 91.186668 0.244000 220.830414
3872.625000 91.186668 0.244000 221.030457
3874.500000 91.186668 0.244000 221.230423
3877.875000 91.186668 0.244000 221.430389
3882.125000 91.387138 0.234000 221.630402
3883.875000 91.387138 0.234000 221.830460
3886.000000 91.587906 0.234000 222.030411
3887.625000 91.587906 0.234000 222.230408
3890.250000 91.791840 0.234000 222.430481
3891.375000 91.791840 0.240000 222.630417
3893.875000 91.996826 0.240000 222.830444
3896.875000 91.996826 0.240000 223.030426
3899.125000 92.201759 0.240000 223.230408
3903.625000 92.201759 0.240000 223.430466
3906.500000 92.201759 0.259000 223.630402
3908.250000 92.405586 0.259000 223.830490
3911.000000 92.405586 0.259000 224.030396
3915.500000 92.606445 0.259000 224.230438
3917.750000 92.606445 0.259000 224.430450
3919.875000 92.806610 0.259000 224.630447
3921.750000 92.806610 0.262000 224.830444
3923.750000 93.006805 0.262000 225.030426
3926.125000 93.006805 0.262000 225.230408
3928.125000 93.210709 0.262000 225.430450
3929.875000 93.210709 0.269000 225.630432
3932.125000 93.415543 0.269000 225.830414
3935.875000 93.415543 0.269000 226.030396
3937.875000 93.620354 0.269000 226.230392
3939.875000 93.620354 0.269000 226.430389
3940.625000 93.825142 0.254000 226.630417
3941.875000 93.825142 0.254000 226.830460
3943.875000 94.030037 0.254000 227.030457
3947.500000 94.030037 0.254000 227.230423
3949.000000 94.235023 0.254000 227.430450
3949.375000 94.235023 0.250000 227.630402
3951.375000 94.235023 0.250000 227.830414
3953.625000 94.235023 0.250000 228.030411
3955.250000 94.435089 0.250000 228.230423
3958.125000 94.435089 0.250000 228.430435
3959.625000 94.635124 0.240000 228.630463
3961.000000 94.635124 0.240000 228.830399
3963.375000 94.835129 0.240000 229.030426
3966.500000 94.835129 0.240000 229.230423
3969.750000 95.040115 0.240000 229.430481
3973.250000 95.040115 0.251000 229.630386
3974.125000 95.240128 0.251000 229.830475
3975.375000 95.240128 0.251000 230.030396
3976.625000 95.440132 0.251000 230.230423
3977.625000 95.440132 0.251000 230.430435
3980.125000 95.640137 0.249000 230.630432
3982.000000 95.640137 0.249000 230.830414
3983.375000 95.843872 0.249000 231.030441
3985.125000 95.843872 0.249000 231.230484
3986.625000 96.045456 0.249000 231.430450
3988.625000 96.045456 0.245000 231.630402
3989.750000 96.045456 0.245000 231.830399
3994.125000 96.246338 0.245000 232.030426
3996.500000 96.246338 0.245000 232.230423
3998.000000 96.451241 0.245000 232.430389
3999.125000 96.451241 0.248000 232.630417
4000.125000 96.654984 0.248000 232.830414
4002.000000 96.654984 0.248000 233.030457
4004.375000 96.855171 0.248000 233.230423
4006.250000 96.855171 0.248000 233.430420
4008.750000 97.055382 0.243000 233.630417
4009.125000 97.055382 0.243000 233.830414
4009.250000 97.055382 0.243000 234.030411
4011.250000 97.055382 0.243000 234.230392
4013.000000 97.257492 0.243000 234.430420
4014.375000 97.257492 0.232000 234.630417
4016.125000 97.458298 0.232000 234.830444
4017.250000 97.458298 0.232000 235.030396
4018.375000 97.662109 0.232000 235.230408
4019.125000 97.662109 0.232000 235.430420
4020.500000 97.862183 0.254000 235.630432
4021.500000 97.862183 0.254000 235.830399
4022.500000 98.062286 0.254000 236.030457
4023.625000 98.062286 0.254000 236.230392
4024.750000 98.062286 0.254000 236.430405
4026.000000 98.263176 0.254000 236.630417
4027.625000 98.263176 0.254000 236.830399
4030.875000 98.468102 0.254000 237.030396
4032.750000 98.468102 0.254000 237.230408
4033.875000 98.672974 0.254000 237.430435
4034.000000 98.672974 0.261000 237.630463
4034.750000 98.672974 0.261000 237.830399
4036.500000 98.877892 0.261000 238.030411
4037.750000 98.877892 0.261000 238.230408
4040.375000 99.082733 0.261000 238.430420
4042.250000 99.082733 0.242000 238.630432
4044.000000 99.287560 0.242000 238.830414
4045.125000 99.287560 0.242000 239.030411
4047.500000 99.492371 0.242000 239.230438
4049.625000 99.492371 0.242000 239.430481
4051.250000 99.492371 0.263000 239.630508
4053.500000 99.697243 0.263000 239.830490
4056.500000 99.697243 0.263000 240.030411
4060.000000 99.897247 0.263000 240.230392
4062.125000 99.897247 0.263000 240.430435
4064.500000 100.098145 0.216000 240.630417
4065.875000 100.098145 0.216000 240.830399
4066.500000 100.301216 0.216000 241.030472
4067.625000 100.301216 0.216000 241.230392
4069.125000 100.501999 0.216000 241.430420
4071.000000 100.501999 0.210000 241.630371
4071.500000 100.501999 0.210000 241.840393
4071.625000 100.501999 0.210000 242.030396
4071.625000 100.501999 0.210000 242.230438
4071.875000 100.501999 0.210000 242.430389
4072.375000 100.501999 0.199000 242.630417
4072.625000 100.501999 0.199000 242.830429
4073.000000 100.501999 0.199000 243.030411
4073.625000 100.703033 0.199000 243.230408
4074.625000 100.703033 0.199000 243.430420
4075.250000 100.703033 0.199000 243.630402
4076.250000 100.907051 0.199000 243.830444
4077.875000 100.907051 0.199000 244.030426
4078.625000 101.111885 0.199000 244.230423
4079.500000 101.111885 0.199000 244.430466
4081.625000 101.316689 0.208000 244.630417
4082.500000 101.316689 0.208000 244.830444
4082.500000 101.316689 0.208000 245.030457
4082.500000 101.316689 0.208000 245.230423
4082.750000 101.316689 0.208000 245.430435
4082.750000 101.316689 0.205000 245.630417
4082.750000 101.316689 0.205000 245.830444
4082.750000 101.316689 0.205000 246.030426
4082.750000 101.316689 0.205000 246.230408
4083.625000 101.519371 0.205000 246.440369
4085.125000 101.519371 0.195000 246.630417
4086.125000 101.519371 0.195000 246.830429
4087.125000 101.720963 0.195000 247.030441
4088.750000 101.720963 0.195000 247.230438
4089.500000 101.924812 0.195000 247.430405
4090.375000 101.924812 0.213000 247.630463
4090.750000 102.124901 0.213000 247.830444
4091.625000 102.124901 0.213000 248.030457
4093.250000 102.325104 0.213000 248.240494
4095.625000 102.325104 0.213000 248.430435
4096.500000 102.525322 0.213000 248.630463
4097.125000 102.525322 0.213000 248.830429
4098.500000 102.725510 0.213000 249.030396
4099.500000 102.725510 0.213000 249.230438
4100.500000 102.925537 0.213000 249.430450
4102.625000 102.925537 0.214000 249.630402
4103.625000 103.129784 0.214000 249.830460
4104.750000 103.129784 0.214000 250.030441
4106.875000 103.334694 0.214000 250.230423
4107.125000 103.334694 0.214000 250.430450
4108.375000 103.535599 0.211000 250.630402
4108.750000 103.535599 0.211000 250.830429
4109.375000 103.535599 0.211000 251.040421
4110.500000 103.739502 0.211000 251.230438
4111.000000 103.739502 0.211000 251.430450
4111.875000 103.939598 0.214000 251.630417
4113.625000 103.939598 0.214000 251.830429
4114.000000 104.143539 0.214000 252.030426
4115.125000 104.143539 0.214000 252.230453
4115.875000 104.344795 0.214000 252.430405
4116.125000 104.344795 0.209000 252.630478
4116.500000 104.344795 0.209000 252.830490
4118.125000 104.344795 0.209000 253.030396
4120.000000 104.344795 0.209000 253.230423
4122.125000 104.547829 0.209000 253.430450
4122.875000 104.547829 0.201000 253.630493
4123.125000 104.547829 0.201000 253.830399
4124.625000 104.751732 0.201000 254.030457
4126.750000 104.751732 0.201000 254.230484
4129.625000 104.951797 0.201000 254.430542
4132.125000 104.951797 0.211000 254.630447
4135.625000 105.151970 0.211000 254.830414
4136.625000 105.151970 0.211000 255.030396
4139.000000 105.352936 0.211000 255.230484
4140.500000 105.352936 0.211000 255.430466
4143.500000 105.557922 0.217000 255.630478
4145.250000 105.557922 0.217000 255.830414
4148.375000 105.762917 0.217000 256.030487
4150.250000 105.762917 0.217000 256.230438
4151.000000 105.967903 0.217000 256.430450
4151.125000 105.967903 0.223000 256.630432
4151.250000 105.967903 0.223000 256.830475
4151.500000 105.967903 0.223000 257.030426
4152.750000 105.967903 0.223000 257.230499
4154.875000 106.170227 0.223000 257.430481
4157.375000 106.170227 0.198000 257.630402
4158.000000 106.374168 0.198000 257.830444
4159.375000 106.374168 0.198000 258.030426
4160.000000 106.578056 0.198000 258.230499
4161.250000 106.578056 0.198000 258.430450
4162.500000 106.782829 0.218000 258.630432
4163.250000 106.782829 0.218000 258.830444
4165.625000 106.986572 0.218000 259.030426
4166.625000 106.986572 0.218000 259.230438
4167.875000 106.986572 0.218000 259.430450
4168.250000 107.187454 0.209000 259.630402
4168.250000 107.187454 0.209000 259.830444
4168.625000 107.187454 0.209000 260.030426
4168.875000 107.187454 0.209000 260.230438
4171.000000 107.187454 0.209000 260.430389
4172.125000 107.387817 0.196000 260.630463
4175.375000 107.387817 0.196000 260.830414
4177.000000 107.592789 0.196000 261.030426
4180.375000 107.592789 0.196000 261.230408
4181.500000 107.797752 0.196000 261.440369
4182.125000 107.797752 0.211000 261.630432
4183.000000 107.797752 0.211000 261.830414
4183.750000 107.998581 0.211000 262.030487
4184.375000 107.998581 0.211000 262.230438
4187.125000 108.203407 0.211000 262.430420
4187.750000 108.203407 0.207000 262.630432
4189.125000 108.408234 0.207000 262.830383
4192.625000 108.408234 0.207000 263.030426
4194.625000 108.613045 0.207000 263.230438
4196.000000 108.613045 0.207000 263.430420
4197.375000 108.814133 0.207000 263.630463
4198.125000 108.814133 0.207000 263.830414
4199.375000 108.814133 0.207000 264.030426
4200.125000 108.814133 0.207000 264.230469
4201.625000 109.014320 0.207000 264.430420
4202.625000 109.014320 0.189000 264.630493
4205.000000 109.218513 0.189000 264.830475
4206.250000 109.218513 0.189000 265.030396
4206.750000 109.422424 0.189000 265.230438
4208.125000 109.422424 0.189000 265.430389
4209.500000 109.622620 0.199000 265.630402
4211.000000 109.622620 0.199000 265.830414
4211.625000 109.822815 0.199000 266.030426
4213.000000 109.822815 0.199000 266.230438
4213.125000 109.822815 0.199000 266.430450
4213.125000 109.822815 0.201000 266.630432
4213.250000 109.822815 0.201000 266.830383
4213.500000 109.822815 0.201000 267.030396
4214.125000 109.822815 0.201000 267.230469
4214.375000 110.022919 0.201000 267.430420
4214.500000 110.022919 0.180000 267.630463
4215.250000 110.022919 0.180000 267.830414
4215.875000 110.022919 0.180000 268.040344
4216.750000 110.226189 0.180000 268.230377
4217.250000 110.226189 0.180000 268.430420
4218.375000 110.430031 0.188000 268.630402
4218.625000 110.430031 0.188000 268.830414
4219.625000 110.633850 0.188000 269.030426
4220.750000 110.633850 0.188000 269.230408
4221.500000 110.838844 0.188000 269.430389
4221.750000 110.838844 0.198000 269.630402
4221.875000 111.040054 0.198000 269.830444
4222.250000 111.040054 0.198000 270.030426
4222.250000 111.040054 0.198000 270.230408
4223.125000 111.240837 0.198000 270.430420
4223.625000 111.240837 0.198000 270.630493
4224.125000 111.445038 0.198000 270.830444
4225.125000 111.445038 0.198000 271.030457
4225.375000 111.649910 0.198000 271.230499
4225.750000 111.649910 0.198000 271.440369
4226.000000 111.854858 0.212000 271.630432
4227.125000 111.854858 0.212000 271.830475
4227.500000 112.059845 0.212000 272.030487
4228.500000 112.059845 0.212000 272.230408
4228.875000 112.260681 0.212000 272.430481
4229.125000 112.260681 0.215000 272.630402
4229.500000 112.260681 0.215000 272.830475
4229.625000 112.260681 0.215000 273.030426
4229.875000 112.460808 0.215000 273.230438
4230.000000 112.460808 0.215000 273.430450
4230.125000 112.460808 0.201000 273.630463
4230.375000 112.460808 0.201000 273.830475
4230.750000 112.662712 0.201000 274.030457
4231.125000 112.662712 0.201000 274.230469
4231.500000 112.862762 0.201000 274.430420
4231.625000 112.862762 0.200000 274.640350
4232.000000 113.062958 0.200000 274.830414
4232.375000 113.062958 0.200000 275.030457
4232.750000 113.062958 0.200000 275.230469
4233.000000 113.266937 0.200000 275.430420
4233.250000 113.266937 0.203000 275.630493
4233.500000 113.466995 0.203000 275.830383
4233.875000 113.466995 0.203000 276.030426
4234.375000 113.667137 0.203000 276.230469
4234.375000 113.667137 0.203000 276.430420
4234.625000 113.867287 0.207000 276.630371
4234.625000 113.867287 0.207000 276.830536
4234.875000 114.068253 0.207000 277.030457
4235.000000 114.068253 0.207000 277.230499
4235.125000 114.269096 0.207000 277.430450
4235.375000 114.269096 0.209000 277.630463
4235.375000 114.472534 0.209000 277.830475
4235.375000 114.472534 0.209000 278.030548
4235.375000 114.472534 0.209000 278.230438
4235.375000 114.472534 0.209000 278.430450
4235.625000 114.674461 0.198000 278.630402
4236.000000 114.674461 0.198000 278.830444
4236.000000 114.674461 0.198000 279.030487
4236.000000 114.674461 0.198000 279.230408
4236.000000 114.674461 0.198000 279.430481
4236.250000 114.877258 0.196000 279.630493
4236.250000 114.877258 0.196000 279.830414
4236.250000 114.877258 0.196000 280.030426
4236.250000 114.877258 0.196000 280.230408
4236.250000 114.877258 0.196000 280.430420
4236.250000 115.081757 0.199000 280.630493
4236.250000 115.081757 0.199000 280.830414
4236.250000 115.081757 0.199000 281.030426
4236.250000 115.081757 0.199000 281.240356
4236.250000 115.081757 0.199000 281.430450
4236.250000 115.284721 0.191000 281.630432
4236.375000 115.284721 0.191000 281.830414
4236.375000 115.284721 0.191000 282.030487
4236.375000 115.284721 0.191000 282.230469
4236.375000 115.284721 0.191000 282.430420
4236.375000 115.485756 0.194000 282.630463
4236.375000 115.485756 0.194000 282.830444
4236.375000 115.485756 0.194000 283.030426
4236.375000 115.485756 0.194000 283.230438
4236.375000 115.485756 0.194000 283.430420
4236.375000 115.689827 0.197000 283.630402
4236.750000 115.689827 0.197000 283.830414
4236.750000 115.689827 0.197000 284.030396
4236.750000 115.689827 0.197000 284.230438
4236.750000 115.689827 0.197000 284.430450
4236.750000 115.893517 0.207000 284.630493
4236.750000 115.893517 0.207000 284.830414
4236.750000 115.893517 0.207000 285.030487
4236.750000 115.893517 0.207000 285.230438
4236.750000 115.893517 0.207000 285.430420
4236.750000 115.893517 0.185000 285.630402
4236.750000 115.893517 0.185000 285.830444
4236.750000 115.893517 0.185000 286.030457
4236.750000 115.893517 0.185000 286.230377
4236.750000 115.893517 0.185000 286.430481
4236.875000 116.094612 0.189000 286.640350
4237.125000 116.094612 0.189000 286.830444
4237.375000 116.294655 0.189000 287.030396
4237.750000 116.294655 0.189000 287.230438
4237.750000 116.494705 0.189000 287.430389
4238.000000 116.494705 0.205000 287.630493
4238.500000 116.694763 0.205000 287.830414
4239.375000 116.694763 0.205000 288.030457
4239.375000 116.694763 0.205000 288.230469
4239.375000 116.694763 0.205000 288.430450
4239.375000 116.694763 0.200000 288.630432
4239.500000 116.694763 0.200000 288.830414
4240.000000 116.897224 0.200000 289.030487
4240.375000 116.897224 0.200000 289.230408
4241.375000 117.098564 0.200000 289.430450
4242.000000 117.098564 0.194000 289.630493
4242.500000 117.298569 0.194000 289.830414
4242.625000 117.298569 0.194000 290.030487
4244.125000 117.502808 0.194000 290.230499
4244.875000 117.502808 0.194000 290.430420
4246.000000 117.707504 0.211000 290.630402
4246.500000 117.707504 0.211000 290.830444
4246.750000 117.707504 0.211000 291.030457
4246.875000 117.707504 0.211000 291.230469
4247.000000 117.707504 0.211000 291.430420
4247.000000 117.707504 0.200000 291.630493
4247.000000 117.707504 0.200000 291.830475
4247.000000 117.707504 0.200000 292.030396
4247.250000 117.707504 0.200000 292.230469
4247.750000 117.707504 0.200000 292.430481
4249.625000 117.911034 0.191000 292.630493
4251.000000 117.911034 0.191000 292.830444
4251.500000 118.115273 0.191000 293.030426
4254.000000 118.115273 0.191000 293.230408
4255.375000 118.319984 0.191000 293.430420
4259.500000 118.319984 0.208000 293.630432
4261.750000 118.520065 0.208000 293.830414
4263.000000 118.520065 0.208000 294.030426
4264.500000 118.720901 0.208000 294.230377
4268.875000 118.720901 0.208000 294.430389
4271.500000 118.925842 0.213000 294.630402
4273.625000 118.925842 0.213000 294.830475
4274.