0.103789 0.171010 0.750000 0.000000 -0.000000 1.198066 0.000000
0.176704 0.362603 0.750000 0.000000 -0.000000 1.205209 0.410057
0.248194 0.549390 0.750000 0.000000 -0.000000 1.205242 0.810024
0.315239 0.738735 0.750000 0.000000 -0.000000 1.308819 1.230020
0.368519 0.936689 0.750000 0.000000 -0.000000 1.305865 1.639997
0.420895 1.129711 0.750000 0.000000 -0.000000 1.305810 2.040020
0.473273 1.322735 0.750000 0.000000 -0.000000 1.305808 2.440873
0.498350 1.523518 0.750000 0.000000 -0.000000 1.806481 3.150045
0.432082 1.713658 0.757083 0.000457 -0.000733 2.015924 3.570039
0.339195 1.891820 0.767274 0.000389 -0.002031 2.123602 3.990066
0.231881 2.060589 0.774480 0.000107 -0.002716 2.135234 4.390064
0.110861 2.223977 0.779354 -0.000843 -0.003243 2.236099 4.815006
-0.014081 2.383335 0.782106 -0.002050 -0.004147 2.235940 5.219984
-0.144307 2.540173 0.784811 -0.004536 -0.005165 2.341294 5.641140
-0.282984 2.684285 0.786255 -0.005702 -0.005912 2.334813 6.041286
-0.421346 2.828704 0.787026 -0.006175 -0.006189 2.334772 6.440015
-0.562472 2.976014 0.789290 -0.007334 -0.006851 2.334774 6.959991
-0.700831 3.120438 0.790560 -0.008030 -0.007410 2.334780 7.359984
-0.839190 3.264863 0.791613 -0.008749 -0.008204 2.334783 7.759993
-0.977553 3.409287 0.792712 -0.009400 -0.009029 2.334786 8.159962
-1.115913 3.553711 0.793968 -0.009940 -0.009721 2.334791 8.559978
-1.254272 3.698128 0.795425 -0.010325 -0.010282 2.334799 8.959995
-1.392631 3.842538 0.797029 -0.010597 -0.010818 2.334798 9.360001
-1.528206 3.993108 0.799599 -0.008238 -0.013494 2.119363 9.859987
-1.613124 4.176033 0.801660 -0.005512 -0.015208 1.929795 10.290046
-1.676847 4.369614 0.804068 -0.004008 -0.016002 1.830324 10.710042
-1.729455 4.566956 0.806793 -0.003342 -0.016422 1.779358 11.130009
-1.761661 4.765314 0.809570 -0.001573 -0.016875 1.667710 11.550043
-1.774874 4.969628 0.812517 -0.001026 -0.017030 1.634466 11.959980
-1.787568 5.169213 0.815730 -0.000992 -0.017061 1.634325 12.359962
-1.800263 5.368802 0.820473 -0.000879 -0.017030 1.634326 12.999986
-1.812957 5.568387 0.823620 -0.000903 -0.017014 1.634330 13.400014
-1.825654 5.767972 0.826827 -0.000934 -0.016992 1.634330 13.799957
-1.833858 5.968675 0.830093 0.000737 -0.016970 1.534091 14.219994
-1.826020 6.168512 0.833337 0.000727 -0.016923 1.533757 14.620003
-1.818609 6.368364 0.836544 0.000660 -0.016846 1.533758 15.019995
-1.811201 6.568222 0.842473 0.000515 -0.016712 1.533760 15.999978
-1.803610 6.773070 0.844493 0.000428 -0.016663 1.533761 16.410011
-1.796206 6.972922 0.846954 0.000326 -0.016548 1.533761 16.810036
-1.788801 7.172774 0.849906 0.000253 -0.016330 1.533761 17.210066
-1.781397 7.372626 0.852976 0.000214 -0.015986 1.533760 17.610029
-1.776925 7.577523 0.856156 -0.000774 -0.015466 1.596744 18.020018
-1.783224 7.777415 0.861949 -0.000871 -0.014317 1.602454 19.020000
-1.789556 7.977305 0.863916 -0.000887 -0.013843 1.602453 19.419998
-1.795889 8.177196 0.866170 -0.000898 -0.013189 1.602452 19.819958
-1.802221 8.377086 0.868674 -0.000902 -0.012427 1.602450 20.219995
-1.808554 8.576976 0.871230 -0.000915 -0.011560 1.602448 20.619984
-1.814886 8.776866 0.873540 -0.000931 -0.010483 1.602442 21.019991
-1.766196 8.972107 0.878033 0.002962 -0.007200 1.094381 22.310034
-1.657105 9.140290 0.878667 0.003668 -0.006080 0.934787 22.719971
-1.527943 9.297919 0.879197 0.003668 -0.005118 0.833797 23.139956
-1.393986 9.446433 0.879439 0.003117 -0.004318 0.837030 23.539984
-1.260052 9.594977 0.879627 0.002651 -0.003355 0.837038 23.939960
-1.116856 9.735727 0.879694 0.002486 -0.002210 0.731527 24.359999
-0.964586 9.872980 0.879536 0.002089 -0.001444 0.733530 24.770050
-0.812309 10.010223 0.879277 0.001859 -0.000700 0.733546 25.179976
-0.660036 10.147467 0.879035 0.001677 -0.000068 0.733550 25.590034
-0.507764 10.284710 0.878773 0.001539 0.000430 0.733553 25.999992
-0.355490 10.421953 0.878537 0.001431 0.000786 0.733558 26.410007
-0.203217 10.559196 0.878298 0.001317 0.001037 0.733563 26.819990
-0.050945 10.696440 0.878020 0.001168 0.001126 0.733569 27.230061
0.096240 10.837463 0.877793 0.000948 0.000981 0.841937 27.650085
0.230565 10.985643 0.877734 0.000673 0.000882 0.832458 28.050722
0.365183 11.133577 0.877810 0.000444 0.000753 0.832402 28.450005
0.499805 11.281511 0.877939 0.000281 0.000574 0.832383 28.850021
0.634430 11.429445 0.877982 0.000200 0.000419 0.832367 29.250732
0.769056 11.577379 0.877924 0.000177 0.000318 0.832349 29.650036
0.832062 11.770811 0.877779 0.000240 0.000046 1.440753 30.370028
0.837356 11.972335 0.877708 0.000254 -0.000070 1.652053 30.790051
0.804246 12.170426 0.877763 0.000301 -0.000206 1.765019 31.199959
0.749667 12.367766 0.877576 0.000287 -0.000266 1.916320 31.610046
0.700854 12.563315 0.877359 0.000204 0.000019 1.714139 32.041290
0.670748 12.766086 0.877654 0.000208 0.000107 1.720140 32.451263
0.640287 12.968537 0.878096 0.000268 0.000099 1.716131 32.859985
0.627776 13.172335 0.878329 0.000363 0.000063 1.621922 33.279991
0.617457 13.377066 0.878289 0.000483 -0.000072 1.621045 33.690033
0.607162 13.581797 0.877872 0.000660 -0.000270 1.621040 34.099979
0.597118 13.781542 0.876844 0.000880 -0.000579 1.621039 35.019974
0.586825 13.986273 0.876455 0.001001 -0.000713 1.621040 35.430054
0.576532 14.191004 0.876433 0.001098 -0.000821 1.621040 35.840031
0.566237 14.395735 0.876904 0.001144 -0.001008 1.621039 36.251259
0.573485 14.599518 0.877397 0.001197 -0.000981 1.523003 36.670010
0.583396 14.804000 0.877931 0.001152 -0.001030 1.522287 37.079994
0.509190 14.993302 0.878573 0.000164 -0.001482 2.213424 38.530029
0.380273 15.152680 0.878353 0.000081 -0.001329 2.252202 38.939995
0.251092 15.311833 0.878384 -0.000003 -0.001097 2.252540 39.350014
0.121913 15.471006 0.878909 -0.000101 -0.000859 2.252530 39.759979
-0.014485 15.618362 0.879515 -0.000248 -0.000554 2.354737 40.179970
-0.158974 15.763778 0.879865 -0.000299 -0.000331 2.353129 40.590038
-0.288768 15.921880 0.879945 -0.000302 -0.000389 2.152831 41.019981
-0.380259 16.101532 0.879659 -0.000413 -0.000209 1.943692 41.440815
-0.447895 16.290642 0.879232 -0.000643 0.000122 1.838556 41.859993
-0.503656 16.487122 0.878816 -0.000888 0.000482 1.837050 42.270004
-0.541740 16.688232 0.878426 -0.001176 0.000634 1.747820 42.690063
-0.568218 16.890278 0.878079 -0.001399 0.000666 1.641876 43.110027
-0.583601 17.089710 0.877797 -0.001496 0.000786 1.648191 43.510040
-0.599073 17.289143 0.877649 -0.001566 0.000815 1.648246 43.910007
-0.614546 17.488575 0.877694 -0.001559 0.000804 1.648250 44.310032
-0.629344 17.692295 0.877866 -0.001548 0.000668 1.590928 44.730038
-0.625260 17.896961 0.878097 -0.001533 0.000500 1.549513 45.139961
-0.620820 18.101849 0.878225 -0.001502 0.000378 1.549120 45.550003
-0.616378 18.306736 0.878164 -0.001510 0.000225 1.549119 45.959980
-0.550952 18.496840 0.877295 -0.000804 -0.001437 0.552993 47.599957
-0.369117 18.583862 0.877184 -0.000417 -0.001629 0.343076 48.019989
-0.172913 18.630184 0.877335 0.000003 -0.001663 0.132986 48.440002
0.027737 18.640385 0.877995 0.000186 -0.001455 0.034220 48.850067
0.228364 18.629601 0.878379 0.000257 -0.001241 -0.065837 49.270004
0.428441 18.616831 0.878710 0.000103 -0.001049 0.018282 49.710011
0.606097 18.714224 0.879053 -0.000468 -0.000646 0.668119 50.599972
0.765858 18.842676 0.878990 -0.000406 -0.000489 0.675267 51.010048
0.925860 18.970770 0.878922 -0.000291 -0.000237 0.675345 51.420013
1.085859 19.098864 0.878926 -0.000156 0.000012 0.675393 51.830044
1.234009 19.238926 0.879024 0.000075 0.000370 0.776799 52.250019
1.379957 19.382479 0.878992 0.000279 0.000634 0.773433 52.659996
1.541466 19.504387 0.878870 0.000251 0.000887 0.538467 53.090019
1.726952 19.589725 0.878670 0.000118 0.001088 0.363577 53.510052
1.917881 19.662216 0.878549 0.000073 0.001149 0.310934 53.930000
2.111908 19.714518 0.878473 -0.000053 0.001162 0.199272 54.350052
2.313805 19.748545 0.878390 -0.000049 0.001160 0.166026 54.760017
2.512407 19.779034 0.878137 -0.000068 0.001068 0.081232 55.179970
2.716964 19.792465 0.877832 0.000001 0.000947 0.066877 55.590054
2.921500 19.806103 0.877656 0.000034 0.000769 0.066814 56.000004
3.126035 19.819778 0.877530 0.000006 0.000569 0.066798 56.410046
3.330571 19.833462 0.877563 -0.000054 0.000419 0.066798 56.820015
3.534418 19.830873 0.877698 -0.000241 0.000198 -0.034800 57.241280
3.739287 19.823700 0.877816 -0.000354 0.000022 -0.035291 57.651222
3.944155 19.816505 0.877766 -0.000493 -0.000194 -0.035351 58.059998
4.144040 19.809456 0.877551 -0.000727 -0.000561 -0.035376 58.939960
4.343930 19.802437 0.877392 -0.000853 -0.000630 -0.035428 59.339977
4.543820 19.795401 0.877275 -0.000942 -0.000646 -0.035488 59.739967
4.743710 19.788269 0.877301 -0.000991 -0.000596 -0.035484 60.139980
4.943600 19.781176 0.877435 -0.001036 -0.000571 -0.035483 60.539974
5.143507 19.775047 0.877739 -0.001079 -0.000545 0.004495 60.939980
5.339304 19.816277 0.878230 -0.001221 0.000058 0.481786 62.230061
5.506220 19.929319 0.878137 -0.001188 0.000435 0.692061 62.650021
5.661088 20.055878 0.877988 -0.001203 0.000504 0.683510 63.050060
5.805035 20.196053 0.877865 -0.001169 0.000665 0.786212 63.470036
5.949796 20.341194 0.877837 -0.001214 0.000640 0.786904 63.879955
6.094546 20.486336 0.877789 -0.001202 0.000616 0.786938 64.290024
6.237121 20.628317 0.877677 -0.001224 0.000496 0.716483 64.699974
6.415164 20.726107 0.877512 -0.001305 0.000055 0.392405 65.220032
6.604931 20.803652 0.877299 -0.001334 0.000050 0.389480 65.630043
6.799192 20.865553 0.877101 -0.001408 -0.000108 0.291229 66.050690
6.993526 20.916157 0.877024 -0.001452 -0.000300 0.180245 66.470016
7.194630 20.954599 0.876978 -0.001563 -0.000283 0.186193 68.059990
7.394799 20.974773 0.876994 -0.001481 -0.000337 0.090639 68.479988
7.575763 21.063036 0.876864 -0.000753 0.001152 1.189141 69.730034
7.634304 21.258718 0.876801 -0.000535 0.001221 1.328182 70.150009
7.684207 21.457527 0.876830 -0.000543 0.001204 1.324799 70.559998
7.730538 21.653019 0.876944 -0.000427 0.001180 1.409542 70.979973
7.759564 21.855936 0.877084 -0.000337 0.000950 1.427954 71.390045
7.788733 22.058790 0.877118 -0.000152 0.000492 1.428038 71.799942
7.817903 22.261644 0.877084 0.000058 0.000023 1.428049 72.210052
7.831463 22.465054 0.877087 0.000123 -0.000172 1.526867 72.630066
7.840441 22.669785 0.877307 0.000137 -0.000240 1.527186 73.040031
7.832327 22.873526 0.877527 0.000122 -0.000170 1.625312 73.459984
7.821310 23.073263 0.877730 0.000112 -0.000053 1.626011 73.859955
7.820249 23.274343 0.878542 -0.000014 0.000170 1.223969 75.080040
7.934109 23.441500 0.878626 -0.000157 0.000237 0.886553 75.679985
8.062449 23.601355 0.878563 -0.000215 0.000250 0.895183 76.090042
8.187495 23.757452 0.878597 -0.000208 0.000147 0.895215 76.490082
8.313614 23.914284 0.878471 -0.000186 0.000033 0.857890 76.899994
8.456631 24.060776 0.878299 -0.000114 -0.000051 0.792198 77.320000
8.597134 24.203140 0.878039 -0.000041 -0.000085 0.791923 77.719986
8.737667 24.345505 0.877790 0.000091 -0.000127 0.791921 78.119987
8.878185 24.487869 0.877592 0.000202 -0.000117 0.791924 78.520004
9.018681 24.630234 0.877448 0.000282 -0.000116 0.791923 78.919998
9.159204 24.772598 0.877505 0.000312 -0.000113 0.791923 79.319992
9.299737 24.914963 0.877459 0.000331 -0.000073 0.791925 79.719994
9.440237 25.057327 0.877298 0.000354 -0.000038 0.791922 80.119972
9.580770 25.199692 0.877165 0.000353 -0.000005 0.791923 80.520035
9.721288 25.342056 0.877076 0.000284 0.000002 0.791919 80.919983
9.861805 25.484421 0.877114 0.000171 -0.000014 0.791922 81.320007
10.003206 25.627672 0.877131 0.000056 -0.000034 0.791931 81.750069
9.874175 25.785402 0.877073 -0.000028 -0.000017 1.969466 83.950378
9.790353 25.966993 0.876943 0.000137 -0.000238 2.004242 84.350388
9.696804 26.149176 0.876253 0.000559 -0.000586 2.091418 86.000397
9.582346 26.317831 0.876412 0.000568 -0.000635 2.196951 86.420410
9.465274 26.480026 0.876839 0.000676 -0.000730 2.196239 86.820343
9.335802 26.633581 0.877395 0.000691 -0.000917 2.296840 87.240562
9.202994 26.783127 0.877792 0.000769 -0.001099 2.297293 87.640671
9.104823 26.961546 0.877891 0.001268 -0.000967 1.926580 88.170464
9.054255 27.156721 0.877769 0.001505 -0.000692 1.716350 88.590508
9.028605 27.360096 0.877731 0.001535 -0.000723 1.697436 89.000404
9.006804 27.559792 0.877943 0.001524 -0.000526 1.604368 89.420349
9.001880 27.767199 0.878245 0.001402 -0.000362 1.596265 89.835411
8.996704 27.969587 0.878659 0.001270 -0.000172 1.596191 90.240662
8.959760 28.166828 0.879333 0.001091 -0.000079 1.919810 91.130417
8.871120 28.347662 0.879165 0.001058 -0.000153 2.135645 91.550438
8.755008 28.516590 0.878878 0.001052 -0.000033 2.174235 91.960365
8.631593 28.674995 0.878755 0.001017 0.000104 2.272549 92.380394
8.489767 28.821384 0.878819 0.001003 0.000156 2.373574 92.800369
8.346058 28.960531 0.878960 0.000996 0.000341 2.372541 93.200371
8.196350 29.098991 0.879101 0.000986 0.000245 2.471326 93.620338
8.039055 29.222521 0.879116 0.001033 0.000031 2.474075 94.020370
7.891090 29.358322 0.878917 0.001394 -0.000055 2.373517 94.440582
7.747207 29.497265 0.878766 0.001756 -0.000039 2.373558 94.840607
7.603354 29.636272 0.878467 0.002023 0.000129 2.373598 95.240692
7.459502 29.775280 0.878132 0.002216 0.000329 2.373650 95.640709
7.312054 29.917702 0.877952 0.002355 0.000457 2.373650 96.050507
7.164605 30.060095 0.877817 0.002467 0.000363 2.373656 96.461716
7.017157 30.202484 0.877851 0.002560 0.000166 2.373660 96.870392
6.869708 30.344868 0.878010 0.002566 -0.000023 2.373664 97.280350
6.724456 30.484108 0.878156 0.002568 -0.000308 2.458630 97.710480
6.533437 30.550993 0.878215 0.002100 -0.001447 2.938237 98.410454
6.335448 30.585062 0.878151 0.002180 -0.001712 3.045827 98.830383
6.136244 30.602934 0.878176 0.002452 -0.001912 3.050171 99.230408
5.935818 30.616245 0.878053 0.002111 -0.002464 -3.129370 99.651192
5.735817 30.614964 0.878109 0.001809 -0.002842 -3.136905 100.051254
5.535564 30.614044 0.878412 0.001565 -0.003321 -3.136945 100.800377
5.330810 30.613110 0.878729 0.001632 -0.003453 -3.136928 101.220337
5.130805 30.612194 0.879103 0.001983 -0.003479 -3.136913 101.620399
4.930800 30.611279 0.879659 0.002830 -0.003352 -3.136898 103.240753
4.730796 30.610363 0.879613 0.003230 -0.003193 -3.136876 103.640602
4.530791 30.609447 0.879613 0.003230 -0.003193 -3.136843 104.040573
4.328289 30.608496 0.879613 0.003230 -0.003193 -3.136811 104.800385
4.125784 30.607563 0.879613 0.003229 -0.003193 -3.136781 105.210426
3.925779 30.606647 0.879613 0.003229 -0.003194 -3.136737 105.610443
3.725775 30.605732 0.879613 0.003229 -0.003194 -3.136685 106.010437
3.525770 30.604799 0.879613 0.003229 -0.003194 -3.136624 106.410439
3.325766 30.603807 0.879613 0.003229 -0.003194 -3.136617 106.810440
3.124263 30.602789 0.879391 0.008536 -0.001072 -3.136662 107.810387
2.920758 30.601824 0.879345 0.009421 -0.000774 -3.136643 108.220352
2.720754 30.600834 0.879206 0.009896 -0.000525 -3.136639 108.620354
2.520749 30.599834 0.879067 0.010029 -0.000309 -3.136619 109.020363
2.320745 30.598837 0.879208 0.009991 -0.000362 -3.136620 109.420372
2.120740 30.597849 0.879450 0.009894 -0.000581 -3.136615 109.820389
1.919988 30.596838 0.880235 0.009614 -0.000838 -3.136658 110.840408
1.715743 30.595865 0.880368 0.009572 -0.000853 -3.136646 111.250443
1.510748 30.594852 0.880575 0.009357 -0.000735 -3.136644 111.661064
1.305753 30.593838 0.880587 0.009216 -0.000658 -3.136643 112.070427
1.100758 30.592817 0.880570 0.009108 -0.000630 -3.136645 112.480446
0.895761 30.591803 0.880495 0.009008 -0.000565 -3.136649 112.890411
0.697410 30.620188 0.880442 0.007904 0.003766 2.653726 114.220375
0.528444 30.728769 0.880321 0.007259 0.004570 2.542428 114.630424
0.369374 30.856236 0.880193 0.006496 0.005193 2.441054 115.050438
0.212664 30.988384 0.880180 0.006278 0.005019 2.440801 115.460365
0.055977 31.120544 0.880413 0.005828 0.004571 2.440779 115.870407
-0.085512 31.263189 0.880500 0.004695 0.004512 2.338019 116.290443
-0.226610 31.409843 0.880176 0.003465 0.003392 2.317148 116.700378
-0.345128 31.573874 0.879794 0.001890 0.002903 2.084931 117.130432
-0.426019 31.757282 0.879365 0.001054 0.002410 1.925156 117.540359
-0.486999 31.951727 0.879116 0.000605 0.001994 1.824135 117.960365
-0.536130 32.146603 0.879006 0.000341 0.001664 1.751751 118.380348
-0.566709 32.344273 0.878927 0.000222 0.001416 1.724066 118.780373
-0.584762 32.547333 0.878883 0.000074 0.001186 1.620619 119.200348
-0.594998 32.747112 0.878742 0.000118 0.000950 1.621856 119.600365
-0.605208 32.947002 0.878648 0.000189 0.000726 1.621875 120.000351
-0.615421 33.146893 0.878808 0.000211 0.000662 1.621881 120.400391
-0.625635 33.346783 0.879219 0.000217 0.000663 1.621888 120.800400
-0.635849 33.546673 0.879410 0.000188 0.000679 1.621894 121.200371
-0.632225 33.750469 0.879410 0.000027 0.000658 1.522042 121.620354
-0.622671 33.950359 0.879174 -0.000097 0.000511 1.522796 122.020363
-0.586982 34.149185 0.877824 -0.000366 0.000075 1.229947 123.100403
-0.497148 34.332748 0.877515 -0.000429 -0.000048 1.004345 123.530426
-0.373445 34.490501 0.877663 -0.000383 -0.000194 0.846125 123.940369
-0.231035 34.636288 0.877864 -0.000255 -0.000274 0.748393 124.360397
-0.085013 34.772953 0.878135 -0.000107 -0.000341 0.752388 124.760384
0.060998 34.909672 0.878296 0.000021 -0.000369 0.752388 125.160378
0.207012 35.046391 0.878222 0.000180 -0.000357 0.752360 125.560349
0.353029 35.183109 0.878346 0.000328 -0.000335 0.752329 125.960358
0.499052 35.319828 0.878615 0.000461 -0.000321 0.752295 126.360374
0.645079 35.456547 0.878977 0.000561 -0.000201 0.752259 126.760376
0.791112 35.593266 0.879277 0.000640 -0.000100 0.752219 127.160385
0.937150 35.729984 0.879427 0.000717 -0.000154 0.752174 127.560341
1.083195 35.866703 0.879436 0.000767 0.000008 0.752125 127.960373
1.229248 36.003422 0.879196 0.000769 0.000268 0.752072 128.360352
1.375307 36.140141 0.878754 0.000700 0.000507 0.752012 128.760391
1.521375 36.276859 0.878312 0.000584 0.000685 0.751945 129.160339
1.665162 36.422855 0.877916 0.000497 0.000811 0.825758 129.570419
1.801674 36.570404 0.877584 0.000381 0.000888 0.824065 129.990417
1.937525 36.717194 0.877435 0.000208 0.000697 0.824062 130.390442
2.073371 36.863983 0.877392 -0.000177 0.000104 0.824057 130.790405
2.209220 37.010773 0.877327 -0.000404 -0.000280 0.824049 131.190399
2.345080 37.157562 0.877262 -0.000580 -0.000566 0.824050 131.590408
2.480941 37.304352 0.877158 -0.000587 -0.000690 0.824050 131.990387
2.616799 37.451141 0.877085 -0.000623 -0.000711 0.824048 132.390411
2.747793 37.603016 0.877096 -0.000804 -0.000394 1.050152 132.890396
2.829854 37.789425 0.877106 -0.000859 -0.000101 1.226979 133.320358
2.889007 37.981312 0.877162 -0.000886 0.000127 1.327766 133.740372
2.937381 38.177120 0.877266 -0.000816 0.000313 1.386930 134.160385
2.967299 38.379131 0.877228 -0.000661 0.000453 1.425543 134.570419
2.983865 38.579212 0.877092 -0.000553 0.000673 1.528342 134.990433
2.992801 38.779102 0.877039 -0.000574 0.000884 1.526228 135.390427
3.001721 38.978916 0.877332 -0.000558 0.001094 1.526198 136.050430
3.010644 39.178806 0.877748 -0.000457 0.001011 1.526197 136.450439
3.019565 39.378696 0.878059 -0.000278 0.000785 1.526198 136.850403
3.028488 39.578587 0.878288 -0.000034 0.000426 1.526197 137.250443
3.031473 39.782459 0.878307 0.000244 -0.000102 1.628977 137.670441
3.021013 39.982231 0.877834 0.000412 -0.000352 1.621843 138.070450
3.082034 40.172981 0.876581 0.001083 -0.000207 0.964393 139.500366
3.208338 40.331215 0.876402 0.001177 -0.000095 0.888717 139.910400
3.334481 40.486549 0.876334 0.001227 -0.000046 0.888235 140.310425
3.460645 40.641850 0.876376 0.001267 0.000019 0.888152 140.710419
3.587892 40.797775 0.876390 0.001290 0.000126 0.850869 141.120346
3.731718 40.943497 0.876356 0.001293 0.000261 0.788078 141.540359
3.585956 41.081486 0.876649 0.000206 0.001489 -0.412084 143.100357
3.402261 41.169746 0.877141 0.000112 0.001577 -0.510462 143.520401
3.228978 41.277016 0.877506 -0.000005 0.001575 -0.609426 143.940369
3.063639 41.392612 0.877806 -0.000051 0.001539 -0.668176 144.360382
2.908094 41.524960 0.877868 -0.000090 0.001444 -0.706804 144.770401
2.756037 41.654964 0.877855 -0.000088 0.001270 -0.707008 145.170410
2.603967 41.784969 0.878241 -0.000058 0.001036 -0.706946 145.570389
2.451894 41.914974 0.878892 -0.000009 0.000668 -0.706874 145.970398
2.307651 42.054691 0.879494 -0.000004 0.000280 -0.809548 146.390427
2.169365 42.199196 0.879851 0.000060 0.000082 -0.807447 146.790421
2.031096 42.343765 0.879874 0.000052 -0.000016 -0.807419 147.190414
1.892820 42.488266 0.879702 0.000053 -0.000291 -0.807410 147.590424
1.751090 42.636372 0.879309 0.000093 -0.000709 -0.807406 148.000351
1.612817 42.780872 0.878869 0.000131 -0.001073 -0.807409 148.400360
1.471087 42.928970 0.878505 0.000167 -0.001270 -0.807403 148.810425
1.329357 43.077076 0.878112 0.000269 -0.001366 -0.807401 149.220352
1.191084 43.221581 0.877823 0.000370 -0.001291 -0.807402 149.620361
1.052811 43.366081 0.877572 0.000400 -0.001067 -0.807403 150.020340
0.911081 43.514187 0.877477 0.000355 -0.000787 -0.807396 150.430405
0.772808 43.658714 0.877497 0.000255 -0.000470 -0.807408 150.830460
0.634535 43.803226 0.877478 0.000110 -0.000222 -0.807400 151.230438
0.496262 43.947735 0.877513 -0.000016 -0.000056 -0.807401 151.630417
0.357988 44.092247 0.877589 -0.000124 0.000090 -0.807400 152.030441
0.216258 44.240349 0.877652 -0.000217 0.000185 -0.807397 152.440369
0.077985 44.384857 0.877822 -0.000302 0.000207 -0.807398 152.840393
-0.060289 44.529358 0.878083 -0.000359 0.000249 -0.807398 153.240372
-0.203141 44.670528 0.878274 -0.000395 0.000309 -0.700703 153.660492
-0.303748 44.844223 0.878403 -0.000563 -0.000053 -1.248270 154.360367
-0.360532 45.036018 0.878327 -0.000539 -0.000134 -1.284658 154.760345
-0.416936 45.227974 0.878263 -0.000432 -0.000124 -1.284899 155.160355
-0.462712 45.426586 0.878139 -0.000272 -0.000130 -1.389019 155.580444
-0.500192 45.628040 0.877938 -0.000200 -0.000085 -1.386991 155.990479
-0.537660 45.829487 0.877735 -0.000270 -0.000123 -1.386998 156.400345
-0.575124 46.030933 0.877693 -0.000451 -0.000248 -1.387021 156.810394
-0.597271 46.230503 0.877889 -0.000623 -0.000427 -1.490782 157.230438
-0.613743 46.434765 0.878117 -0.000757 -0.000533 -1.490522 157.640366
-0.624430 46.638275 0.878240 -0.000731 -0.000644 -1.595875 158.060410
-0.619682 46.843163 0.878214 -0.000593 -0.000489 -1.592407 158.470444
-0.615261 47.048050 0.877921 -0.000383 -0.000323 -1.592360 158.880463
-0.609675 47.248348 0.877013 0.000098 0.000126 -1.763365 159.845428
-0.517755 47.429939 0.876430 0.000141 0.000672 -2.153469 160.470459
-0.394303 47.588165 0.876372 0.000091 0.000969 -2.249353 160.880356
-0.254785 47.733116 0.876699 0.000008 0.001132 -2.349040 161.300339
-0.110785 47.878944 0.877108 0.000039 0.001207 -2.349648 161.710388
0.033214 48.024712 0.877514 0.000092 0.001297 -2.349567 162.120361
0.177201 48.170574 0.877679 0.000128 0.001314 -2.349496 162.530426
0.321184 48.316490 0.878027 0.000151 0.001265 -2.349498 162.940369
0.464641 48.461880 0.878611 0.000160 0.001175 -2.349502 163.350388
0.605640 48.604816 0.879532 0.000143 0.000959 -2.349492 164.090424
0.749624 48.750740 0.879857 0.000132 0.000739 -2.349490 164.500351
0.890096 48.893105 0.880021 0.000144 0.000625 -2.349490 164.900345
1.030568 49.035477 0.879966 0.000107 0.000326 -2.349488 165.300369
1.174552 49.181396 0.879750 0.000071 -0.000174 -2.349487 165.710388
1.315024 49.323761 0.879345 0.000067 -0.000697 -2.349488 166.110413
1.459008 49.469685 0.878920 0.000089 -0.001115 -2.349487 166.520386
1.582330 49.630337 0.878541 -0.000295 -0.001372 -2.056432 167.040375
1.656098 49.817940 0.878005 -0.000678 -0.001429 -1.846312 167.461685
1.695027 50.015053 0.877728 -0.000879 -0.001265 -1.751451 167.870453
1.730834 50.211891 0.877515 -0.000900 -0.001056 -1.750660 168.270493
1.760090 50.413639 0.877265 -0.000922 -0.000739 -1.641164 168.690414
1.775828 50.617962 0.877022 -0.000720 -0.000628 -1.648520 169.100388
1.791596 50.820244 0.876965 -0.000466 -0.000564 -1.648556 169.520386
1.882648 51.003292 0.877094 0.000080 -0.000477 -2.191092 170.430420
2.000167 51.165131 0.877286 0.000103 -0.000371 -2.197363 170.830429
2.117450 51.327179 0.877610 0.000109 -0.000283 -2.197400 171.230438
2.249210 51.482727 0.877902 0.000124 -0.000180 -2.296217 171.650543
2.385232 51.636047 0.878115 0.000100 -0.000111 -2.296487 172.060410
2.532928 51.776611 0.878287 0.000112 -0.000017 -2.397801 172.480362
2.683855 51.915279 0.878300 0.000096 0.000011 -2.398314 172.890396
2.834784 52.053947 0.878332 0.000101 0.000029 -2.398311 173.300354
2.927907 52.232605 0.878328 0.000075 -0.000074 -1.818960 174.380341
2.959777 52.430855 0.878297 -0.000030 -0.000007 -1.689553 174.790405
2.983792 52.629524 0.878235 -0.000199 0.000086 -1.691080 175.190414
2.994374 52.830032 0.878187 -0.000315 0.000208 -1.589345 175.610489
2.998448 53.034920 0.877933 -0.000402 0.000331 -1.590488 176.020340
3.002413 53.236080 0.877522 -0.000485 0.000386 -1.590491 176.450714
3.006423 53.439774 0.877001 -0.000461 0.000929 -1.590491 177.150436
3.010459 53.644661 0.877031 -0.000324 0.001377 -1.590491 177.560394
3.014495 53.849548 0.877301 -0.000280 0.001738 -1.590492 177.970444
3.018531 54.054436 0.877764 -0.000284 0.001882 -1.590492 178.380341
3.022576 54.259323 0.878598 -0.000296 0.001895 -1.590490 180.190430
3.026611 54.464211 0.878305 -0.000377 0.001741 -1.590490 180.600372
3.030646 54.669098 0.878305 -0.000377 0.001741 -1.590489 181.010437
3.034681 54.873985 0.878305 -0.000377 0.001741 -1.590489 181.420410
3.038716 55.078873 0.878305 -0.000377 0.001741 -1.590489 181.830383
3.042750 55.283760 0.878305 -0.000377 0.001741 -1.590489 182.240372
3.031463 55.487301 0.878305 -0.000212 0.001769 -1.496685 182.661041
3.038955 55.688671 0.878305 -0.001005 0.001471 -1.978862 184.190430
3.137094 55.864468 0.878305 -0.001289 0.001230 -2.188095 184.610413
3.260855 56.027798 0.878305 -0.001397 0.001105 -2.280163 185.020386
3.394431 56.178299 0.878305 -0.001444 0.001043 -2.322837 185.450485
3.533622 56.327194 0.878305 -0.001444 0.001043 -2.322891 187.150421
3.670265 56.473373 0.878305 -0.001444 0.001043 -2.322971 187.550415
3.806916 56.619553 0.878304 -0.001275 0.000689 -2.323056 187.950424
3.943578 56.765648 0.878323 -0.001181 0.000254 -2.323073 188.350388
4.077520 56.916039 0.878389 -0.001135 0.000149 -2.100809 188.900345
4.159809 57.101471 0.878321 -0.001139 0.000289 -1.873990 189.350418
4.201492 57.297844 0.878196 -0.001197 0.000481 -1.727419 189.760345
4.221862 57.500587 0.878070 -0.001277 0.000705 -1.626304 190.180374
4.230885 57.704250 0.877967 -0.001340 0.000927 -1.545560 190.600357
4.222219 57.904140 0.877912 -0.001364 0.000927 -1.528329 191.000336
4.213482 58.108952 0.877957 -0.001389 0.000669 -1.528158 191.930405
4.204958 58.308842 0.878046 -0.001363 0.000543 -1.528156 192.330444
4.196429 58.508732 0.878167 -0.001294 0.000373 -1.528155 192.730453
4.187899 58.708622 0.878382 -0.001218 0.000249 -1.528156 193.130447
4.179368 58.908512 0.878550 -0.001110 0.000148 -1.528156 193.530457
4.170839 59.108402 0.878506 -0.001052 0.000059 -1.528156 193.930450
4.188845 59.309055 0.877954 -0.000742 -0.000637 -2.116823 195.310410
4.305065 59.476364 0.877464 -0.000769 -0.000702 -2.187557 196.920364
4.428337 59.634914 0.877262 -0.000768 -0.000722 -2.295357 197.340363
4.559965 59.785545 0.877054 -0.000892 -0.000639 -2.288637 197.740356
4.691534 59.936302 0.876843 -0.000990 -0.000557 -2.288659 198.140366
4.830940 60.080841 0.876704 -0.001033 -0.000585 -2.394694 198.560379
4.977050 60.217468 0.876688 -0.001094 -0.000543 -2.389716 198.960373
5.123135 60.354187 0.876725 -0.001133 -0.000497 -2.389785 199.360367
5.268450 60.493385 0.876834 -0.001217 -0.000285 -2.240711 199.790482
5.196164 60.682178 0.877101 -0.000593 0.001231 -0.943464 201.180359
5.070440 60.844082 0.877454 -0.000552 0.001345 -0.909719 201.590454
4.944540 61.005802 0.877879 -0.000495 0.001311 -0.909537 202.000366
4.819031 61.162666 0.878273 -0.000326 0.001295 -0.824830 202.420395
4.677292 61.310741 0.878523 -0.000282 0.001218 -0.808662 202.830444
4.535748 61.459011 0.878653 -0.000231 0.001105 -0.808613 203.240387
4.394204 61.607281 0.878929 -0.000123 0.000940 -0.808617 203.650391
4.252659 61.755550 0.879239 -0.000041 0.000695 -0.808620 204.060364
4.111115 61.903820 0.879540 0.000013 0.000421 -0.808623 204.470444
3.969571 62.052090 0.879930 0.000234 0.000446 -0.808628 204.880371
3.828026 62.200359 0.880117 0.000538 0.000522 -0.808633 205.290436
3.686482 62.348629 0.880063 0.000750 0.000318 -0.808639 205.700455
3.544938 62.496899 0.879751 0.000921 0.000071 -0.808647 206.110413
3.403393 62.645168 0.879268 0.000959 -0.000202 -0.808655 206.520401
3.584848 62.733215 0.878356 -0.000045 -0.001259 0.149235 207.880447
3.780090 62.778553 0.878502 -0.000131 -0.001167 0.251468 208.290436
3.968024 62.847122 0.878578 -0.000231 -0.000848 0.372327 208.700363
3.818058 62.983761 0.878616 0.000197 -0.000378 -0.740524 209.960358
3.672670 63.128254 0.878616 0.000215 -0.000369 -0.784902 210.370453
3.537721 63.280933 0.878616 0.000252 -0.000344 -0.888900 210.790421
3.419833 63.447186 0.878616 0.000285 -0.000317 -0.990017 211.210419
3.307110 63.618317 0.878616 0.000285 -0.000318 -0.988659 211.620346
3.208305 63.793137 0.878616 0.000314 -0.000289 -1.085236 212.040359
3.114900 63.970028 0.878616 0.000314 -0.000289 -1.084980 212.440369
3.010937 64.146553 0.878616 0.000288 -0.000314 -1.000163 213.050415
2.902948 64.315010 0.878616 0.000288 -0.000314 -1.000321 213.450424
2.778789 64.476723 0.878616 0.000254 -0.000343 -0.894906 213.870499
2.653648 64.632973 0.878501 0.000267 -0.000376 -0.894509 214.270477
2.515418 64.778748 0.878630 0.000141 -0.000422 -0.794770 214.690430
2.375222 64.921570 0.878635 0.000087 -0.000483 -0.793808 215.090408
2.226412 65.060921 0.878590 -0.000052 -0.000399 -0.679163 215.510452
2.414704 65.131592 0.878354 -0.000205 0.000111 0.133028 216.750443
2.609886 65.177391 0.878168 -0.000298 0.000083 0.285039 217.160355
2.804013 65.242805 0.878002 -0.000401 0.000034 0.394383 217.570465
2.997508 65.309227 0.877750 -0.000661 -0.000387 0.221136 218.020355
3.193266 65.350273 0.877467 -0.000765 -0.000752 0.207433 218.420349
3.395307 65.377235 0.877352 -0.000668 -0.000941 0.105287 218.840363
3.599168 65.398781 0.877352 -0.000669 -0.000941 0.105487 219.250397
3.799939 65.404938 0.877352 -0.000575 -0.001000 0.009730 219.670456
4.003425 65.406815 0.877352 -0.000576 -0.001000 0.009696 220.081055
3.839841 65.522697 0.877352 0.000160 -0.001143 -0.654548 221.570435
3.693029 65.659637 0.877871 0.000350 -0.001356 -0.798902 221.980347
3.552316 65.807243 0.878127 0.000492 -0.001532 -0.878782 222.400360
3.424572 65.967560 0.878155 0.000494 -0.001730 -0.897246 222.810410
3.296712 66.127716 0.877731 0.000547 -0.001554 -0.897370 223.220367
3.181439 66.295815 0.877104 0.000714 -0.001167 -0.996227 223.640396
3.059865 66.455696 0.876490 0.000640 -0.000922 -0.895199 224.060516
2.934752 66.611946 0.876110 0.000703 -0.000669 -0.894693 224.460617
2.809590 66.768196 0.876131 0.000777 -0.000542 -0.894553 224.860519
2.669017 66.915894 0.876540 0.000833 -0.000347 -0.793209 225.281265
2.525137 67.061684 0.876831 0.000916 -0.000070 -0.792793 225.690475
2.381268 67.207451 0.876938 0.000962 0.000181 -0.792940 226.100357
2.237422 67.353218 0.876902 0.000986 0.000282 -0.793114 226.510406
2.093592 67.499146 0.876868 0.000975 0.000287 -0.793161 226.920319
1.949766 67.645203 0.876849 0.000945 0.000226 -0.793169 227.330444
1.809457 67.787819 0.876863 0.000871 0.000125 -0.793170 228.070419
1.669140 67.930389 0.876970 0.000708 0.000036 -0.793138 228.471802
1.528823 68.072914 0.876981 0.000627 0.000019 -0.793139 228.870483
1.384996 68.218971 0.877153 0.000357 0.000038 -0.793140 229.280350
1.244679 68.361504 0.877322 0.000139 0.000038 -0.793140 229.681183
1.104361 68.504028 0.877525 -0.000074 0.000054 -0.793137 230.080414
0.964043 68.646553 0.877744 -0.000254 0.000100 -0.793137 230.480347
0.835678 68.804764 0.877924 -0.000398 0.000048 -1.078391 231.010422
0.758820 68.991119 0.878008 -0.000455 -0.000023 -1.287272 231.430450
0.708152 69.185509 0.878064 -0.000411 -0.000117 -1.390496 231.850494
0.671659 69.387138 0.878184 -0.000296 -0.000131 -1.389863 232.260498
0.641651 69.588661 0.878202 -0.000145 -0.000126 -1.499629 232.680374
0.626111 69.788246 0.878096 -0.000191 -0.000234 -1.491768 233.080353
0.610312 69.987831 0.878014 -0.000339 -0.000386 -1.491702 233.480377
0.667863 70.181572 0.877913 -0.000125 -0.000812 -2.070690 234.400375
0.778844 70.348923 0.877806 0.000034 -0.000800 -2.195247 234.810410
0.901039 70.512039 0.877623 0.000195 -0.000614 -2.288327 235.230408
1.034382 70.661201 0.877263 0.000282 -0.000266 -2.299149 235.630432
1.167529 70.810577 0.876633 0.000333 0.000194 -2.299323 236.030457
1.304282 70.957733 0.876238 0.000309 0.000639 -2.396005 236.450439
1.455752 71.095757 0.876328 0.000291 0.000942 -2.400254 236.860565
1.606941 71.234016 0.876896 0.000260 0.001108 -2.400043 237.271744
1.758105 71.372368 0.877445 0.000226 0.001265 -2.399943 238.000351
1.909252 71.510628 0.877607 0.000181 0.001306 -2.399791 238.410416
2.060379 71.648888 0.877658 0.000168 0.001258 -2.399621 238.820404
2.211479 71.787148 0.877967 0.000145 0.001167 -2.399438 239.230438
2.362557 71.925522 0.878489 0.000148 0.001228 -2.399349 239.640381
2.509939 72.060730 0.879088 0.000184 0.001575 -2.399280 240.040359
2.654857 72.199860 0.879579 0.000476 0.001950 -2.299094 240.460678
2.778838 72.360695 0.879744 0.001075 0.001829 -2.034447 240.980362
2.853437 72.547104 0.879566 0.001166 0.001381 -1.905352 241.390411
2.892709 72.744263 0.879022 0.000837 0.000429 -1.764238 243.230408
2.926827 72.945404 0.879022 0.000875 0.000343 -1.662062 243.650391
2.945233 73.149406 0.879022 0.000876 0.000342 -1.662332 244.060593
2.963962 73.353355 0.879022 0.000876 0.000342 -1.662320 244.470490
2.900017 73.545685 0.879022 0.000937 -0.000081 -1.202786 246.440369
2.807812 73.724953 0.879022 0.000899 -0.000274 -0.993005 246.860718
2.691200 73.892159 0.878765 -0.000249 -0.000476 -0.886802 247.280365
2.565851 74.048119 0.878544 -0.000725 -0.000425 -0.894626 247.680359
2.440686 74.204369 0.878114 -0.001070 -0.000356 -0.894517 248.081360
2.315495 74.360619 0.877556 -0.001292 -0.000172 -0.894369 248.481705
2.190283 74.516815 0.877380 -0.001363 0.000106 -0.894207 248.880371
2.065060 74.672798 0.877692 -0.001366 0.000330 -0.894199 249.280365
1.937258 74.832123 0.878178 -0.001296 0.000312 -0.917738 249.690430
1.854936 75.019768 0.878623 -0.001229 -0.000146 -1.280425 250.220367
1.814216 75.216499 0.878754 -0.001076 -0.000263 -1.394319 250.630402
1.794302 75.419426 0.878548 -0.000929 -0.000417 -1.499879 251.050446
1.780025 75.619011 0.878336 -0.000822 -0.000476 -1.499534 251.450394
1.782154 75.822945 0.878301 -0.000555 -0.000551 -1.600609 251.871307
1.788221 76.024109 0.878515 -0.000391 -0.000523 -1.601095 252.290436
1.711040 76.211899 0.878833 -0.000362 -0.000442 -0.977154 253.430450
1.591049 76.376755 0.879034 -0.000348 -0.000511 -0.865899 253.850388
1.461244 76.528992 0.879207 -0.000318 -0.000378 -0.866154 254.250397
1.331682 76.681580 0.879186 -0.000269 -0.000361 -0.866027 254.650391
1.197721 76.831383 0.878821 -0.000247 -0.000632 -0.762357 255.071213
1.050264 76.973778 0.878468 -0.000239 -0.000860 -0.769579 255.480347
0.903038 77.116417 0.878138 -0.000269 -0.001034 -0.769625 255.890427
0.755815 77.259056 0.877954 -0.000330 -0.001069 -0.769641 256.300354
0.657783 77.436043 0.877731 0.000058 -0.001028 -1.273060 257.350403
0.607222 77.633614 0.877643 0.000085 -0.000843 -1.383540 257.770416
0.578793 77.835510 0.877499 0.000070 -0.000594 -1.499614 258.190430
0.569744 78.040085 0.877253 0.000000 -0.000327 -1.526497 258.600342
0.574410 78.243774 0.876869 0.000025 -0.000107 -1.625029 259.020386
0.585119 78.444366 0.876326 0.000177 0.000106 -1.624189 259.490479
0.489738 78.620567 0.876004 0.000485 0.000038 -0.912772 260.620361
0.362383 78.781174 0.876154 0.000435 0.000022 -0.901935 261.030426
0.235259 78.941956 0.876362 0.000317 0.000001 -0.901923 261.440369
0.099615 79.090057 0.876584 0.000230 0.000002 -0.805874 261.860657
-0.042358 79.237701 0.876780 0.000097 0.000079 -0.805733 262.270416
-0.184327 79.385345 0.877148 -0.000149 0.000184 -0.805878 262.680389
-0.326275 79.532990 0.877434 -0.000354 0.000207 -0.806065 263.090454
-0.465591 79.677994 0.877686 -0.000540 0.000213 -0.806386 263.500458
-0.560033 79.854500 0.877969 -0.000748 -0.000142 -1.326070 264.330414
-0.590938 80.056343 0.877978 -0.000694 -0.000199 -1.478511 264.750397
-0.608908 80.259460 0.877892 -0.000609 -0.000142 -1.542971 265.170410
-0.608070 80.459656 0.877800 -0.000523 -0.000049 -1.575883 265.570404
-0.607017 80.659851 0.877473 -0.000423 0.000097 -1.576071 265.970490
-0.597537 80.859726 0.876728 -0.000173 0.000278 -2.458244 267.400421
-0.409430 80.936752 0.876587 -0.000290 0.000360 -2.870957 268.060394
-0.211196 80.984238 0.876871 -0.000358 0.000623 -2.981465 268.480377
-0.009050 81.010277 0.877225 -0.000401 0.000761 -3.088607 268.900360
0.195584 81.022423 0.87754