0.104617 0.171434 0.750000 0.000000 -0.000000 1.119645 0.000000
0.180155 0.357514 0.750000 0.000000 -0.000000 1.215366 0.420069
0.249849 0.544978 0.750000 0.000000 -0.000000 1.214986 0.820019
0.319520 0.732452 0.750000 0.000000 -0.000000 1.214984 1.219949
0.374943 0.928617 0.750000 0.000000 -0.000000 1.320810 1.639941
0.424412 1.122403 0.750000 0.000000 -0.000000 1.321019 2.039947
0.473850 1.316199 0.750000 0.000000 -0.000000 1.321020 2.439957
0.530491 1.512008 0.750000 0.000000 -0.000000 1.211146 2.859964
0.622475 1.691412 0.762134 0.002032 -0.000209 1.002300 3.280028
0.743796 1.851589 0.768498 0.003901 -0.001502 0.911198 3.689930
0.866453 2.009562 0.773059 0.005274 -0.002608 0.910503 4.089949
0.998583 2.164718 0.776327 0.006651 -0.002951 0.803266 4.509939
1.136727 2.309341 0.778643 0.007553 -0.004042 0.808863 4.909942
1.274783 2.454051 0.780722 0.008235 -0.004877 0.808907 5.310043
1.412837 2.598762 0.782577 0.008733 -0.005653 0.808902 5.709958
1.550900 2.743472 0.784115 0.009197 -0.006539 0.808901 6.109948
1.688964 2.888183 0.785472 0.009634 -0.007471 0.808901 6.510007
1.827027 3.032893 0.786934 0.009995 -0.008307 0.808901 6.909932
1.965091 3.177604 0.788505 0.010283 -0.009029 0.808901 7.310011
2.103147 3.322315 0.790224 0.010500 -0.009700 0.808898 7.709950
2.241201 3.467025 0.791978 0.010650 -0.010304 0.808891 8.109970
2.379255 3.611736 0.793867 0.010788 -0.010830 0.808882 8.510048
2.517309 3.756446 0.795830 0.010939 -0.011250 0.808872 8.910047
2.655376 3.901157 0.797921 0.011055 -0.011594 0.808868 9.309949
2.802116 4.044148 0.799989 0.012098 -0.010907 0.726983 9.719965
2.951181 4.177487 0.801948 0.012196 -0.011145 0.730039 10.119936
3.100202 4.310885 0.803904 0.012307 -0.011247 0.730056 10.519958
3.249223 4.444272 0.805848 0.012413 -0.011314 0.730043 10.919950
3.401970 4.580975 0.807911 0.012516 -0.011370 0.730043 11.329990
3.554717 4.717679 0.810065 0.012647 -0.011417 0.730044 11.739954
3.705939 4.854554 0.812258 0.012102 -0.012177 0.790560 12.159963
3.841228 5.001841 0.814566 0.011716 -0.012717 0.828571 12.560020
3.954589 5.169656 0.818060 0.007559 -0.015706 1.127546 13.079956
4.025811 5.357545 0.820767 0.006064 -0.016364 1.219209 13.489966
4.088241 5.551550 0.823830 0.004185 -0.016906 1.328397 13.909994
4.137601 5.747424 0.827131 0.003799 -0.016952 1.354566 14.319979
4.168885 5.946958 0.830440 0.002627 -0.017090 1.419970 14.730104
4.190136 6.146634 0.833755 0.000919 -0.017156 1.519460 15.149969
4.201531 6.346304 0.837080 0.000997 -0.016979 1.513404 15.549961
4.255585 6.539994 0.841527 0.008379 -0.014377 1.036101 16.259960
4.364954 6.712014 0.845430 0.009625 -0.013168 0.927715 16.680042
4.483818 6.872859 0.848126 0.009394 -0.013084 0.935728 17.079954
4.602455 7.033877 0.850864 0.009275 -0.012885 0.935774 17.480045
4.737408 7.186758 0.853594 0.010361 -0.011664 0.834402 17.900030
4.873971 7.336955 0.856138 0.010410 -0.011170 0.809171 18.310022
5.022362 7.472475 0.858451 0.011029 -0.009996 0.732286 18.719963
5.171132 7.606138 0.860652 0.010719 -0.009615 0.731858 19.119940
5.319905 7.739797 0.862741 0.010359 -0.009251 0.731836 19.520027
5.472397 7.876773 0.864625 0.009975 -0.008867 0.731839 19.929958
5.624890 8.013753 0.866336 0.009517 -0.008522 0.731839 20.339943
5.773666 8.147420 0.867974 0.008989 -0.008145 0.731816 20.739971
5.922478 8.281087 0.869511 0.008424 -0.007721 0.731811 21.139984
6.072047 8.416862 0.870964 0.007375 -0.007719 0.793600 21.559944
6.209285 8.567785 0.872283 0.006434 -0.007470 0.834881 21.969952
6.346872 8.719730 0.873527 0.005789 -0.006814 0.835100 22.379940
6.477799 8.872450 0.875063 0.003588 -0.006643 1.041926 22.870045
6.558406 9.056750 0.875889 0.001794 -0.006389 1.264082 23.309933
6.607118 9.254290 0.876558 0.000942 -0.005563 1.375634 23.729952
6.633831 9.454973 0.876966 0.000317 -0.004652 1.499961 24.159948
6.640213 9.658856 0.877335 0.000217 -0.003722 1.541555 24.569952
6.811113 9.771272 0.877875 0.001676 -0.000493 0.478847 27.069988
6.992751 9.866310 0.877893 0.001435 -0.000346 0.483299 27.479963
7.173921 9.952897 0.877830 0.001247 -0.000094 0.373211 27.899963
7.359533 10.027386 0.877633 0.001024 -0.000028 0.382698 28.299986
7.547904 10.103029 0.877371 0.000778 0.000050 0.358208 28.710043
7.743628 10.151652 0.877273 0.000544 0.000205 0.174591 29.129988
7.943511 10.187002 0.877325 0.000360 0.000156 0.124348 29.549946
8.145860 10.203105 0.877372 0.000187 0.000148 0.076449 29.960028
8.345292 10.218302 0.877481 0.000034 0.000039 0.076155 30.359957
8.549047 10.222039 0.877490 -0.000017 0.000028 -0.025938 30.779966
8.749013 10.217511 0.877462 0.000035 0.000167 -0.022634 31.179981
8.946823 10.250842 0.878075 0.000383 0.000308 0.488666 32.229961
9.112839 10.368746 0.878339 0.000508 0.000284 0.706979 32.690002
9.269821 10.500581 0.878457 0.000520 0.000304 0.697343 33.099953
9.423168 10.628983 0.878607 0.000539 0.000239 0.697295 33.499954
9.578687 10.759453 0.878654 0.000517 0.000154 0.722246 33.909962
9.721103 10.904064 0.878450 0.000478 0.000064 0.800335 34.330048
9.860343 11.047643 0.878205 0.000424 0.000024 0.800828 34.729942
9.999579 11.191228 0.877920 0.000333 -0.000035 0.800841 35.129959
10.138816 11.334813 0.877692 0.000261 -0.000033 0.800854 35.529945
10.278052 11.478398 0.877584 0.000195 -0.000018 0.800869 35.929939
10.417289 11.621984 0.877460 0.000147 0.000007 0.800887 36.329952
10.556525 11.765569 0.877431 0.000161 0.000016 0.800908 36.729977
10.695762 11.909154 0.877350 0.000216 0.000037 0.800933 37.129955
10.834998 12.052739 0.877328 0.000287 0.000007 0.800963 37.529957
10.974223 12.196324 0.877329 0.000390 -0.000072 0.800998 37.929947
11.116895 12.343499 0.877411 0.000488 -0.000153 0.801000 38.340012
11.258467 12.488928 0.877402 0.000556 -0.000185 0.778170 38.749962
11.404463 12.632818 0.877370 0.000586 -0.000159 0.778174 39.299938
11.550465 12.776709 0.877377 0.000567 -0.000129 0.778185 39.709961
11.696466 12.920599 0.877463 0.000573 -0.000115 0.778198 40.119957
11.842468 13.064489 0.877521 0.000595 -0.000092 0.778215 40.529968
11.988470 13.208380 0.877434 0.000573 -0.000090 0.778234 40.939938
12.134472 13.352270 0.877376 0.000486 -0.000082 0.778257 41.349934
12.280474 13.496161 0.877288 0.000383 -0.000082 0.778284 41.760010
12.426476 13.640051 0.877262 0.000293 -0.000050 0.778319 42.169960
12.568916 13.780477 0.877197 0.000226 -0.000008 0.778341 42.569962
12.711357 13.920915 0.877158 0.000149 0.000012 0.778339 42.969952
12.853798 14.061363 0.877123 0.000062 0.000066 0.778335 43.369942
12.996239 14.201805 0.877063 -0.000003 0.000073 0.778339 43.769958
13.138680 14.342262 0.877040 -0.000026 0.000055 0.778337 44.169987
13.281120 14.482706 0.876997 -0.000012 0.000050 0.778342 44.569962
13.423561 14.623152 0.877020 0.000015 0.000028 0.778340 44.969933
13.566002 14.763609 0.877064 0.000010 0.000000 0.778335 45.369957
13.668824 14.591776 0.877107 0.000033 -0.000100 1.565020 47.059952
13.684530 14.391503 0.877229 -0.000096 0.000043 1.664921 47.479977
13.711078 14.189396 0.877185 -0.000111 0.000149 1.767429 47.899952
13.749428 13.990045 0.877174 -0.000018 0.000081 1.760097 48.309937
13.831355 13.805686 0.877532 0.000132 -0.000139 2.120767 49.429993
13.954722 13.646255 0.877934 0.000134 -0.000233 2.331388 49.850140
14.092693 13.501466 0.878057 0.000184 -0.000182 2.329875 50.250252
14.230328 13.356355 0.877992 0.000233 0.000073 2.329890 50.650108
14.367962 13.211244 0.877518 0.000237 0.000375 2.329915 51.050083
14.505596 13.066133 0.877052 0.000257 0.000699 2.329946 51.450104
14.643230 12.921021 0.876946 0.000279 0.000907 2.329982 51.850220
14.780865 12.775910 0.877171 0.000275 0.001012 2.330025 52.250099
14.918542 12.630827 0.877598 0.000237 0.000983 2.330034 52.650215
15.056228 12.485751 0.877786 0.000193 0.000861 2.330029 53.050117
15.193938 12.340641 0.877725 0.000146 0.000740 2.330026 53.450153
15.331649 12.195530 0.877851 0.000086 0.000633 2.330026 53.850227
15.469359 12.050419 0.878145 0.000032 0.000586 2.330026 54.250122
15.607070 11.905308 0.878512 -0.000020 0.000447 2.330026 54.650066
15.758878 11.769222 0.878788 -0.000057 0.000407 2.431527 55.069946
15.910588 11.638891 0.879084 -0.000170 0.000569 2.431881 55.470043
16.064186 11.506948 0.879111 -0.000232 0.000294 2.431885 55.889988
16.216240 11.376310 0.878918 -0.000240 -0.000112 2.431902 56.299953
16.371704 11.242743 0.878621 -0.000238 -0.000521 2.431919 56.710033
16.527168 11.109175 0.878238 -0.000216 -0.000839 2.431941 57.119949
16.675234 10.969168 0.877765 -0.000053 -0.001066 2.325417 57.539959
16.816286 10.820432 0.877523 0.000027 -0.001105 2.330081 57.949955
16.957361 10.671771 0.877403 0.000090 -0.000931 2.330121 58.359966
17.098436 10.523110 0.877387 0.000139 -0.000729 2.330141 58.769962
17.213228 10.356883 0.877334 0.000342 -0.000458 2.023613 59.289948
17.279800 10.166012 0.877233 0.000383 -0.000300 1.826799 59.710007
17.323565 9.966968 0.877108 0.000406 -0.000215 1.725872 60.129982
17.355391 9.769504 0.877070 0.000472 -0.000133 1.731020 60.529976
17.377548 9.566933 0.877014 0.000731 0.000133 1.619303 60.950020
17.388302 9.367204 0.876888 0.001074 0.000356 1.625003 61.349983
17.399147 9.167470 0.876808 0.001414 0.000489 1.625058 61.780018
17.409977 8.967736 0.877132 0.001816 0.000518 1.625072 62.350029
17.420811 8.767999 0.877575 0.002114 0.000564 1.625089 62.750008
17.431644 8.568261 0.877863 0.002635 0.000633 1.625109 63.149956
17.431448 8.364465 0.877984 0.002885 0.001002 1.522327 63.569954
17.422529 8.164654 0.877838 0.003359 0.001161 1.526232 63.969955
17.413664 7.964842 0.877328 0.003854 0.001236 1.526155 64.399994
17.404718 7.765030 0.876307 0.004809 0.001323 1.526144 65.349945
17.395794 7.565216 0.876145 0.005267 0.001373 1.526143 65.749969
17.386864 7.365402 0.876446 0.005774 0.001367 1.526142 66.149963
17.377935 7.165588 0.876940 0.006245 0.001393 1.526143 66.549980
17.369879 6.960752 0.877398 0.006652 0.001146 1.574558 66.959976
17.376287 6.760359 0.877777 0.006992 0.000966 1.604022 67.409966
17.383118 6.555971 0.878154 0.007433 0.000969 1.603987 68.370010
17.389912 6.351084 0.878039 0.007509 0.001014 1.604001 68.779999
17.396553 6.151194 0.878064 0.007557 0.001050 1.603997 69.179955
17.403202 5.951303 0.878451 0.007596 0.001059 1.603987 69.580002
17.409832 5.751413 0.878964 0.007615 0.001005 1.603982 69.979958
17.416475 5.550524 0.879788 0.007669 0.000773 1.603981 70.739960
17.423254 5.346636 0.879970 0.007687 0.000700 1.603983 71.189957
17.429882 5.146746 0.880182 0.007737 0.000603 1.603992 71.590073
17.436518 4.946856 0.880405 0.007807 0.000501 1.603998 71.989967
17.440283 4.742962 0.880611 0.007738 0.000990 1.518563 72.409958
17.426382 4.543442 0.880653 0.007626 0.000902 1.502267 72.809944
17.412580 4.342910 0.880370 0.007542 0.000577 1.502212 74.000015
17.398573 4.139377 0.880283 0.007545 0.000492 1.502235 74.419945
17.384840 3.939836 0.880251 0.007542 0.000416 1.502264 74.819969
17.370764 3.735320 0.880323 0.007559 0.000329 1.502301 75.229958
17.372341 3.534483 0.880378 0.007565 -0.000520 1.602742 75.650116
17.378857 3.329588 0.880262 0.007495 -0.000563 1.602571 76.059959
17.385326 3.126700 0.880077 0.007393 -0.000507 1.602517 76.819939
17.391788 2.924809 0.880058 0.007393 -0.000449 1.602468 77.229958
17.398140 2.724904 0.880163 0.007448 -0.000343 1.602453 77.629959
17.404474 2.524999 0.880263 0.007479 -0.000279 1.602453 78.029999
17.410803 2.325093 0.880330 0.007535 -0.000236 1.602451 78.429955
17.417133 2.125189 0.880268 0.007557 -0.000198 1.602446 78.829948
17.423580 1.921290 0.880301 0.007311 -0.000170 1.602489 79.834953
17.429981 1.720391 0.880302 0.007232 -0.000186 1.602475 80.239944
17.436472 1.515493 0.880243 0.007202 -0.000207 1.602476 80.650131
17.442806 1.315594 0.880120 0.007219 -0.000213 1.602478 81.050148
17.443325 1.111747 0.879977 0.007240 0.000545 1.495599 81.469955
17.428642 0.907273 0.880015 0.007193 0.000482 1.500596 81.879951
17.414619 0.707765 0.880108 0.007105 0.000337 1.500658 82.879959
17.400581 0.508256 0.880031 0.007117 0.000347 1.500686 83.279984
17.386543 0.308747 0.879931 0.007155 0.000415 1.500711 83.679962
17.372505 0.109238 0.880009 0.007218 0.000448 1.500743 84.079948
17.375963 -0.094659 0.880133 0.007256 -0.000229 1.598906 84.499931
17.381727 -0.294576 0.880181 0.007248 -0.000210 1.599571 84.899940
17.387510 -0.494493 0.880073 0.007277 -0.000182 1.599528 85.880020
17.393309 -0.694412 0.880034 0.007319 -0.000159 1.599475 86.279945
17.399107 -0.894330 0.880080 0.007401 -0.000084 1.599416 86.679955
17.404831 -1.094249 0.880218 0.007442 -0.000063 1.599420 87.079948
17.410551 -1.294168 0.880332 0.007481 -0.000043 1.599423 87.479935
17.416271 -1.494087 0.880270 0.007525 -0.000086 1.599431 87.879959
17.420683 -1.699036 0.880007 0.007560 -0.000090 1.584231 88.869965
17.423429 -1.899021 0.879868 0.007545 -0.000149 1.584173 89.269974
17.426142 -2.099007 0.879890 0.007516 -0.000240 1.584158 89.669952
17.428808 -2.298992 0.880001 0.007444 -0.000295 1.584160 90.070030
17.431473 -2.498978 0.880022 0.007382 -0.000290 1.584162 90.469955
17.434139 -2.698963 0.879981 0.007360 -0.000268 1.584170 90.870018
17.486633 -2.892067 0.879849 0.002343 -0.006593 2.794055 93.079956
17.682121 -2.937391 0.879795 0.000963 -0.006367 2.985614 93.519958
17.881605 -2.960311 0.879870 0.000276 -0.004688 3.084685 93.939949
18.086185 -2.973089 0.879799 0.000239 -0.003204 3.078872 94.349968
18.290760 -2.985950 0.879545 0.000218 -0.002354 3.078845 94.759941
18.495335 -2.998806 0.879255 0.000055 -0.001841 3.078847 95.169945
18.699909 -3.011658 0.878945 -0.000317 -0.001287 3.078848 95.579941
18.904484 -3.024511 0.878708 -0.000800 -0.000828 3.078848 95.989960
19.105165 -3.034210 0.878352 -0.001369 -0.000336 -3.117501 96.409935
19.305012 -3.025925 0.878009 -0.001864 0.000093 -3.101148 96.809952
19.504902 -3.017820 0.877729 -0.002404 0.000522 -3.101059 97.209946
19.704792 -3.009719 0.877829 -0.003153 0.001112 -3.101058 97.930008
19.904682 -3.001612 0.877823 -0.003307 0.001218 -3.101058 98.329964
20.104572 -2.993506 0.877856 -0.003460 0.001306 -3.101058 98.729958
20.304462 -2.985400 0.877692 -0.003737 0.001425 -3.101058 99.129974
20.504353 -2.977294 0.877413 -0.004386 0.001621 -3.101058 99.529953
20.709232 -2.977105 0.877295 -0.005065 0.001366 3.096645 99.940018
20.909903 -3.008787 0.877269 -0.006164 -0.001609 2.679641 101.199959
21.080250 -3.116582 0.877408 -0.005880 -0.003195 2.469564 101.620033
21.239031 -3.246238 0.877577 -0.005880 -0.003551 2.458038 102.029953
21.384504 -3.384706 0.877834 -0.005375 -0.004234 2.354647 102.450081
21.529222 -3.529881 0.878083 -0.005014 -0.003983 2.354534 102.860031
21.673895 -3.675081 0.878255 -0.004305 -0.003386 2.354568 103.269997
21.818567 -3.820270 0.878230 -0.001816 -0.001023 2.354599 103.679993
21.992123 -3.927078 0.878154 -0.000183 0.000477 2.727047 104.210022
22.181421 -4.002875 0.878069 0.001279 0.000949 2.833031 104.629959
22.377348 -4.063173 0.877922 0.002212 0.001221 2.841548 105.040024
22.576200 -4.108016 0.877747 0.002940 0.001143 2.943280 105.460045
22.774099 -4.142338 0.877407 0.003555 0.000913 3.048693 105.879959
22.973200 -4.161360 0.877192 0.003717 0.000858 3.044501 106.280067
23.172327 -4.180770 0.877160 0.003821 0.000750 3.044413 106.680069
23.371454 -4.200187 0.877274 0.003827 0.000562 3.044415 107.079964
23.571953 -4.212173 0.877489 0.003873 0.000044 -3.128114 107.499962
23.771996 -4.210756 0.877726 0.003923 0.000074 -3.135454 107.899956
23.972038 -4.209535 0.877834 0.003974 0.000120 -3.135489 108.299950
24.172081 -4.208314 0.877867 0.003977 0.000163 -3.135489 108.699966
24.372124 -4.207094 0.877732 0.003963 0.000250 -3.135489 109.100006
24.572128 -4.205873 0.877447 0.003990 0.000416 -3.135489 110.239960
24.772171 -4.204652 0.877370 0.003959 0.000520 -3.135489 110.639954
24.972214 -4.203432 0.877427 0.003959 0.000553 -3.135489 111.039963
25.172256 -4.202211 0.877586 0.004015 0.000581 -3.135489 111.439934
25.372299 -4.200990 0.877685 0.004049 0.000552 -3.135489 111.839981
25.572342 -4.199769 0.877796 0.004087 0.000515 -3.135489 112.239983
25.772346 -4.198549 0.878067 0.004313 0.000350 -3.135489 113.239937
25.972389 -4.197328 0.878101 0.004389 0.000304 -3.135489 113.639961
26.172432 -4.196107 0.878109 0.004482 0.000299 -3.135489 114.040009
26.372475 -4.194887 0.878268 0.004580 0.000305 -3.135489 114.439980
26.572517 -4.193666 0.878622 0.004771 0.000375 -3.135489 114.839966
26.772560 -4.192445 0.879058 0.004941 0.000378 -3.135489 115.240036
26.972565 -4.191225 0.879790 0.005226 0.000176 -3.135489 116.219948
27.172607 -4.190004 0.880012 0.005197 0.000061 -3.135489 116.619949
27.372650 -4.188783 0.880145 0.005025 -0.000089 -3.135489 117.019958
27.572693 -4.187562 0.880124 0.004740 -0.000308 -3.135489 117.419952
27.772736 -4.186342 0.880007 0.004381 -0.000543 -3.135489 117.820221
27.972778 -4.185121 0.879975 0.004173 -0.000815 -3.135489 118.220207
27.772736 -4.186342 0.880025 0.004122 -0.001217 -3.135489 119.080223
27.972778 -4.185121 0.879952 0.003853 -0.001123 -3.135489 120.699951
28.172821 -4.183900 0.880036 0.003973 -0.001334 -3.135489 121.099960
28.372864 -4.182680 0.880042 0.003992 -0.001398 -3.135489 121.500008
28.572906 -4.181459 0.880027 0.003830 -0.001406 -3.135489 121.899986
28.772949 -4.180238 0.880004 0.003543 -0.001324 -3.135489 122.300064
28.972992 -4.179018 0.880088 0.003167 -0.001222 -3.135489 122.699951
29.173035 -4.177797 0.880250 0.002398 -0.001051 -3.135489 123.099960
29.331549 -4.300456 0.880338 0.001135 0.000515 2.053038 127.229317
29.406191 -4.487746 0.880221 0.001141 0.000583 1.838711 127.649284
29.439453 -4.686592 0.880025 0.001284 0.000704 1.626236 128.069305
29.443283 -4.887483 0.879929 0.001645 0.000905 1.518420 128.489319
29.429750 -5.087027 0.879622 0.002080 0.001165 1.505111 128.889297
29.484602 -5.283680 0.878923 0.003204 -0.000448 2.091579 129.609299
29.595314 -5.455590 0.878471 0.003326 -0.000904 2.148103 130.019318
29.706516 -5.624217 0.878204 0.003260 -0.001311 2.210164 130.439316
29.834574 -5.783014 0.877933 0.002938 -0.001574 2.251446 130.849304
29.963606 -5.942311 0.877707 0.002805 -0.001702 2.251646 131.259308
30.091995 -6.096882 0.877564 0.002549 -0.001998 2.334307 131.679291
30.236555 -6.242230 0.877529 0.002119 -0.001850 2.352091 132.089279
30.380915 -6.387763 0.877568 0.001446 -0.001284 2.352268 132.499313
30.507906 -6.546599 0.877370 0.001021 -0.000186 1.916017 133.239334
30.556826 -6.741167 0.877396 0.000819 0.000106 1.706589 133.659271
30.578979 -6.944959 0.877521 0.000676 0.000193 1.678445 134.069305
30.597900 -7.148020 0.877641 0.000549 0.000205 1.592808 134.489304
30.599237 -7.348022 0.877738 0.000422 0.000166 1.579496 134.889328
30.600916 -7.548027 0.877735 0.000379 0.000131 1.579445 135.289322
30.602617 -7.748025 0.877793 0.000448 0.000146 1.579485 136.069305
30.604296 -7.948030 0.877947 0.000517 0.000107 1.579543 136.469315
30.606092 -8.153006 0.878045 0.000654 0.000095 1.579564 136.879303
30.607891 -8.357971 0.878166 0.000804 0.000097 1.579563 137.289307
30.609697 -8.562937 0.878272 0.000939 0.000129 1.579564 137.699326
30.611492 -8.767902 0.878176 0.001077 0.000248 1.579544 138.109299
30.613245 -8.972879 0.877623 0.001286 0.000482 1.579576 139.299271
30.615044 -9.177845 0.877404 0.001313 0.000517 1.579580 139.709305
30.616848 -9.382811 0.877325 0.001337 0.000606 1.579584 140.119278
30.618645 -9.587776 0.877495 0.001338 0.000596 1.579584 140.529602
30.620447 -9.792742 0.877887 0.001280 0.000596 1.579586 140.939987
30.622248 -9.997707 0.878245 0.001240 0.000536 1.579595 141.349380
30.622646 -10.202684 0.878662 0.001173 0.000340 1.572710 142.159302
30.623032 -10.407650 0.878641 0.001146 0.000245 1.572711 142.569305
30.623423 -10.612616 0.878622 0.001079 0.000260 1.572712 142.979279
30.623814 -10.817581 0.878846 0.000967 0.000329 1.572713 143.389313
30.624210 -11.022547 0.879161 0.000839 0.000386 1.572717 143.799286
30.624474 -11.223015 0.879534 0.000725 0.000423 1.565972 144.209320
30.623512 -11.427490 0.879957 0.000541 0.000466 1.565956 145.209305
30.622574 -11.632456 0.880115 0.000476 0.000512 1.565906 145.619293
30.621635 -11.837421 0.880303 0.000469 0.000643 1.565846 146.029297
30.620634 -12.042387 0.880575 0.000497 0.000727 1.565842 146.439331
30.619623 -12.247353 0.880701 0.000470 0.000704 1.565840 146.849289
30.618679 -12.447821 0.880628 0.000363 0.000537 1.703219 147.869308
30.703394 -12.632732 0.880487 0.000489 0.000331 2.119403 148.550430
30.813478 -12.800695 0.880418 0.000515 0.000274 2.225847 148.969284
30.934299 -12.960083 0.880406 0.000560 0.000233 2.218442 149.369370
31.063692 -13.117563 0.880460 0.000708 0.000088 2.333155 149.789307
31.200720 -13.263258 0.880334 0.000826 -0.000054 2.324447 150.189301
31.340395 -13.411985 0.879951 0.000944 -0.000238 2.340758 150.599319
31.473856 -13.567156 0.879552 0.001146 -0.000186 2.123365 151.139297
31.559397 -13.749711 0.879144 0.000973 0.000881 1.914190 151.560135
31.621395 -13.940744 0.879122 0.000523 0.001609 1.814026 151.979309
31.672073 -14.137316 0.879080 0.000121 0.002020 1.801041 152.389313
31.703775 -14.335752 0.879040 -0.000164 0.002065 1.720816 152.799377
31.734287 -14.538450 0.878945 -0.000207 0.001935 1.719994 153.209396
31.764786 -14.741148 0.878882 -0.000286 0.001691 1.719945 153.619339
31.794979 -14.941870 0.878887 -0.000335 0.001514 1.719906 154.029312
31.824354 -15.142701 0.878887 -0.000414 0.001495 1.664615 154.449310
31.835352 -15.345402 0.878887 -0.000479 0.001475 1.624100 154.859314
31.834579 -15.546209 0.878887 -0.000622 0.001421 1.525676 155.279297
31.825788 -15.751019 0.878887 -0.000618 0.001422 1.527763 155.689316
31.817030 -15.955828 0.878908 -0.000407 0.000915 1.527689 156.099304
31.808372 -16.155701 0.878561 0.000366 -0.000409 1.527682 157.099304
31.799746 -16.355591 0.878196 0.000628 -0.000525 1.527683 157.499313
31.791119 -16.555481 0.877890 0.000714 -0.000733 1.527684 157.899277
31.782494 -16.755371 0.877940 0.000731 -0.000866 1.527685 158.299316
31.773869 -16.955261 0.878174 0.000762 -0.000884 1.527686 158.699295
31.776752 -17.160172 0.878487 0.000790 -0.000783 1.609000 159.109314
31.784229 -17.360062 0.878951 0.001182 -0.000159 1.608169 160.109314
31.791706 -17.559952 0.878912 0.001248 0.000011 1.608168 160.509323
31.799183 -17.759842 0.878738 0.001258 0.000105 1.608166 160.909286
31.806660 -17.959732 0.878758 0.001206 0.000165 1.608163 161.309311
31.814137 -18.159622 0.878986 0.001096 0.000187 1.608159 161.709305
31.821613 -18.359512 0.879330 0.000825 0.000342 1.608152 162.109299
31.829082 -18.559402 0.879838 -0.000322 0.001544 1.608145 163.109314
31.836559 -18.759293 0.879931 -0.000755 0.001899 1.608138 163.509338
31.844036 -18.959183 0.880057 -0.001239 0.002197 1.608130 163.909271
31.846762 -19.163057 0.880164 -0.001635 0.002047 1.507662 164.329315
31.832685 -19.362587 0.880220 -0.001857 0.001929 1.502091 164.729309
31.818953 -19.562172 0.880229 -0.002002 0.001640 1.502076 165.129318
31.805220 -19.761742 0.880164 -0.002286 0.000839 1.502072 166.089310
31.791487 -19.961327 0.880164 -0.002286 0.000839 1.502067 166.489349
31.777754 -20.160912 0.880164 -0.002286 0.000839 1.502061 166.889343
31.777271 -20.361742 0.880164 -0.002189 0.001068 1.604035 167.309296
31.783783 -20.566629 0.880164 -0.002190 0.001065 1.602574 167.719299
31.790352 -20.771517 0.880164 -0.002191 0.001064 1.602479 168.129303
31.796820 -20.976404 0.880076 -0.002158 -0.000116 1.602477 169.119293
31.803314 -21.181292 0.880201 -0.002141 -0.000347 1.602477 169.529312
31.809727 -21.383680 0.880352 -0.002039 -0.000474 1.602477 169.934586
31.816139 -21.586069 0.880480 -0.001924 -0.000640 1.602478 170.339325
31.822636 -21.790956 0.880373 -0.001678 -0.000898 1.602479 170.750412
31.825663 -21.995878 0.880332 -0.001257 -0.000892 1.539038 171.159286
31.831905 -21.790991 0.880214 -0.000832 -0.000761 1.540327 172.389313
31.838161 -21.586103 0.880278 -0.001070 -0.000951 1.540337 172.799347
31.836155 -21.382298 0.880388 -0.001410 -0.000905 1.639398 173.219315
31.823484 -21.182209 0.880411 -0.001642 -0.000876 1.633534 173.629303
31.810682 -20.978123 0.880413 -0.001804 -0.000825 1.633554 174.229324
31.797857 -20.773548 0.880331 -0.001889 -0.000823 1.633583 174.639374
31.785032 -20.568974 0.880331 -0.001889 -0.000823 1.633617 175.049316
31.773779 -20.367832 0.880331 -0.001832 -0.000943 1.566257 175.469284
31.781399 -20.163465 0.880331 -0.001797 -0.001008 1.533433 175.879379
31.788918 -19.963076 0.880331 -0.001796 -0.001009 1.533115 176.329285
31.796585 -19.758688 0.880331 -0.001796 -0.001009 1.533085 177.249329
31.804062 -19.558798 0.880517 -0.002069 -0.000344 1.533028 177.649277
31.811607 -19.358908 0.880481 -0.002215 0.000344 1.533026 178.049301
31.819159 -19.159018 0.880326 -0.002408 0.000946 1.533025 178.449280
31.826710 -18.959127 0.880114 -0.002449 0.001384 1.533026 178.849319
31.834042 -18.759237 0.879916 -0.002499 0.001869 1.539971 179.339325
32.021450 -18.677094 0.879492 -0.003107 -0.001461 0.253433 181.109314
32.219444 -18.643457 0.879468 -0.002999 -0.001658 0.138084 181.519302
32.422455 -18.614983 0.879417 -0.003098 -0.001303 0.138992 181.929321
32.625988 -18.603022 0.879211 -0.003093 -0.001141 0.037968 182.349350
32.825855 -18.595392 0.878574 -0.003252 -0.000265 0.037852 182.779282
33.015755 -18.520399 0.878019 -0.002640 0.002062 0.582923 183.479294
33.173267 -18.395864 0.877792 -0.002115 0.002621 0.707736 183.889313
33.325531 -18.266171 0.877739 -0.001916 0.002764 0.705645 184.289307
33.477814 -18.136471 0.877716 -0.001806 0.002979 0.705656 184.689285
33.628883 -18.003973 0.877630 -0.001430 0.002995 0.792520 185.109283
33.767082 -17.859371 0.877469 -0.001225 0.002607 0.806606 185.509384
33.908783 -17.711414 0.877436 -0.000754 0.001717 0.806672 185.919312
34.050484 -17.563457 0.877499 -0.000300 0.001039 0.806609 186.329315
34.192230 -17.415501 0.877570 0.000498 0.000418 0.806573 186.739334
34.334045 -17.267544 0.877703 0.001299 -0.000024 0.806563 187.149353
34.475868 -17.119587 0.877813 0.002269 -0.000334 0.806547 187.560089
34.617691 -16.971630 0.877832 0.002728 -0.000334 0.806547 187.969391
34.759514 -16.823673 0.877842 0.003037 -0.000216 0.806546 188.379272
34.901321 -16.675716 0.877837 0.003214 -0.000012 0.806546 188.789276
35.043140 -16.527760 0.877834 0.003305 0.000258 0.806546 189.199310
35.185047 -16.379892 0.877836 0.003219 0.000548 0.791391 189.609299
35.381889 -16.340769 0.877598 -0.000068 0.002924 -0.484238 190.969604
35.551487 -16.448397 0.877641 -0.000370 0.002326 -0.588703 191.379486
35.717373 -16.566809 0.877676 -0.000425 0.001124 -0.691711 191.799316
35.876144 -16.696419 0.877491 -0.000347 0.000758 -0.683369 192.209320
36.034218 -16.825315 0.877539 -0.000347 0.000491 -0.699590 192.619308
36.178799 -16.966312 0.877654 -0.000402 0.000194 -0.779230 193.039291
36.324566 -17.110359 0.877647 -0.000428 -0.000091 -0.779586 193.449310
36.470051 -17.250254 0.877519 -0.000464 -0.000368 -0.629149 193.889282
36.657940 -17.319075 0.877230 -0.000712 -0.000549 -0.296859 194.549301
36.857151 -17.362381 0.877042 -0.000720 -0.000800 -0.191429 194.970688
37.055298 -17.394766 0.877126 -0.000215 -0.001087 -0.085917 195.389313
37.258793 -17.405556 0.877238 0.000240 -0.001350 0.023283 195.809479
37.463680 -17.401987 0.877385 0.000714 -0.001467 0.015794 196.219574
37.666630 -17.398808 0.877906 0.001389 -0.001345 0.015660 197.129349
37.868534 -17.395622 0.878105 0.001627 -0.001212 0.015652 197.549301
38.073421 -17.392414 0.878244 0.001848 -0.000870 0.015651 197.959290
38.278309 -17.389212 0.878255 0.001953 -0.000551 0.015652 198.369339
38.483196 -17.386005 0.878465 0.002097 -0.000275 0.015652 198.779465
38.688084 -17.384680 0.879093 0.002424 0.000271 0.008304 200.429306
38.892971 -17.382959 0.879256 0.002331 0.000332 0.008265 200.839279
39.097858 -17.381239 0.879320 0.002244 0.000362 0.008240 201.249298
39.302746 -17.379519 0.879402 0.002060 0.000265 0.008210 201.659317
39.507633 -17.377798 0.879449 0.001682 0.000011 0.008174 202.069275
39.712521 -17.376078 0.879522 0.001209 -0.000266 0.008128 202.479279
39.917408 -17.374357 0.879529 0.001027 -0.000280 0.008066 202.889282
40.122295 -17.372658 0.879467 0.000971 -0.000088 0.008006 203.299271
40.327183 -17.371033 0.879173 0.001008 0.000153 0.008010 203.709656
40.532070 -17.369396 0.878827 0.001048 0.000352 0.008009 204.119507
40.736958 -17.367802 0.878721 0.001088 0.000509 0.008011 204.529724
40.941845 -17.366158 0.878946 0.001089 0.000582 0.008015 204.939285
41.146732 -17.366083 0.879222 0.001068 0.000621 -0.042198 205.349289
41.351330 -17.378239 0.879643 0.001013 0.000446 -0.060568 206.139297
41.555904 -17.390594 0.879722 0.000995 0.000309 -0.060618 206.549316
41.760479 -17.402950 0.879733 0.000951 0.000158 -0.060676 206.959320
41.965054 -17.415356 0.879711 0.000911 0.000061 -0.060700 207.369308
42.168736 -17.423946 0.879724 0.001249 -0.000272 0.027193 207.789307
42.373623 -17.417183 0.879688 0.001662 -0.000446 0.031245 208.199280
42.573589 -17.410919 0.879441 0.002479 -0.000619 0.031317 209.179306
42.778477 -17.404507 0.879349 0.002619 -0.000569 0.031323 209.589279
42.983364 -17.398094 0.879297 0.002712 -0.000458 0.031329 209.999283
43.188251 -17.391682 0.879341 0.002724 -0.000305 0.031338 210.409409
43.395638 -17.385191 0.879455 0.002669 -0.000129 0.031348 210.824509
43.602032 -17.378731 0.879545 0.002610 0.000028 0.031371 211.239639
43.802990 -17.372437 0.879633 0.002326 0.000211 0.031389 212.279312
44.007877 -17.366024 0.879579 0.002155 0.000303 0.031410 212.689331
44.212765 -17.359612 0.879519 0.001909 0.000367 0.031432 213.099319
44.413166 -17.353783 0.879567 0.001585 0.000427 -0.009632 213.509308
44.613243 -17.366869 0.879600 0.001120 0.000353 -0.069098 213.919296
44.813316 -17.380793 0.879650 0.000642 0.000118 -0.069558 214.329300
45.017372 -17.394995 0.879791 0.000087 -0.000247 -0.069575 215.289322
45.216957 -17.408880 0.879914 0.000036 -0.000304 -0.069597 215.689316
45.416542 -17.422766 0.879982 0.000029 -0.000303 -0.069625 216.089310
45.620316 -17.426497 0.880010 0.000008 -0.000267 0.042127 216.509308
45.820206 -17.419277 0.880084 0.000047 -0.000243 0.035341 216.910965
46.022079 -17.412182 0.880204 0.000092 -0.000177 0.035388 217.329498
46.224907 -17.405033 0.880428 0.000173 -0.000075 0.035409 218.359314
46.424797 -17.398014 0.880412 0.000234 -0.000074 0.035467 218.759293
46.624687 -17.390945 0.880326 0.000290 -0.000099 0.035475 219.159302
46.824577 -17.383852 0.880231 0.000328 -0.000124 0.035477 219.559296
47.024467 -17.376757 0.880143 0.000614 -0.000324 0.035477 219.959305
47.226875 -17.375826 0.880188 0.001239 -0.000576 -0.030672 220.389282
47.429321 -17.382006 0.880296 0.002110 -0.000942 -0.030695 221.169281
47.634209 -17.388262 0.880263 0.002445 -0.000910 -0.030728 221.579269
47.839096 -17.394518 0.880206 0.002700 -0.000751 -0.030769 221.989624
48.036259 -17.432261 0.880347 0.003031 -0.000393 -0.025138 224.099304
48.237122 -17.432320 0.880357 0.003027 -0.000403 0.060576 224.509293
48.441696 -17.420876 0.880337 0.002991 -0.000059 0.055169 224.919312
48.646271 -17.409615 0.880212 0.002939 0.000143 0.055163 225.329330
48.850845 -17.398354 0.880145 0.002774 0.000235 0.055196 225.739288
49.055420 -17.387093 0.880174 0.002575 0.000331 0.055236 226.149307
49.259995 -17.375832 0.880264 0.002290 0.000438 0.055282 226.559280
49.460762 -17.372984 0.880245 0.001851 0.000707 -0.040661 226.969498
49.663109 -17.384306 0.880318 0.000437 0.000419 -0.240089 228.329315
49.854790 -17.454557 0.880374 0.000241 0.000516 -0.458057 228.769318
50.024353 -17.560999 0.880449 0.000098 0.000677 -0.619682 229.179291
50.188709 -17.678408 0.880379 -0.000003 0.000902 -0.676503 229.599319
50.343388 -17.811432 0.880264 0.000008 0.001080 -0.710871 230.009293
50.487274 -17.951521 0.880045 0.000001 0.001156 -0.814084 230.429337
50.624737 -18.102100 0.879817 0.000006 0.001153 -0.904985 230.849304
50.746746 -18.260584 0.879435 0.000120 0.001100 -0.913130 231.249298
50.869049 -18.418842 0.878863 0.000300 0.001113 -0.913274 231.649323
51.042313 -18.522833 0.877765 0.001123 0.000640 -0.321404 232.409317
51.237774 -18.568718 0.877331 0.001283 0.000416 -0.186149 232.819305
51.437004 -18.593792 0.876975 0.001371 0.000214 -0.086526 233.239334
51.636284 -18.611494 0.876787 0.000965 -0.000383 -0.088425 233.639297
51.840042 -18.614700 0.876782 0.000244 -0.001065 0.013893 234.059311
52.040459 -18.612095 0.876889 -0.000563 -0.001449 0.013303 234.509293
52.244896 -18.609432 0.877044 -0.000982 -0.001565 0.013343 235.409302
52.449783 -18.606718 0.877198 -0.001115 -0.001515 0.013351 235.819321
52.654671 -18.603981 0.877416 -0.001225 -0.001386 0.013355 236.229294
52.859558 -18.601240 0.877788 -0.001299 -0.001180 0.013361 236.639313
53.064445 -18.598501 0.878024 -0.001334 -0.000932 0.013368 237.049286
53.265396 -18.595825 0.877923 -0.000895 -0.000548 0.013331 237.839279
53.469299 -18.593128 0.877659 -0.000690 -0.000465 0.013336 238.259308
53.671688 -18.590431 0.877259 -0.000482 -0.000340 0.013339 238.664276
53.874077 -18.587727 0.877057 -0.000243 -0.000205 0.013340 239.069290
54.078964 -18.584991 0.877177 -0.000152 0.000023 0.013338 239.479294
54.283852 -18.582254 0.877466 0.000031 0.000257 0.013331 239.890610
54.484314 -18.580828 0.877993 -0.000017 0.000756 -0.000959 241.090363
54.688705 -18.580984 0.878108 0.000073 0.000710 -0.000998 241.499908
54.893593 -18.581141 0.878127 0.000291 0.000504 -0.001042 241.909302
55.098480 -18.581297 0.878234 0.000521 0.000277 -0.001100 242.319336
55.303368 -18.581488 0.878604 0.000627 0.000158 -0.001157 242.729309
55.508255 -18.581720 0.878968 0.000681 0.000102 -0.001163 243.139282
55.713219 -18.581924 0.879620 0.000675 0.000078 -0.001132 244.129303
55.918106 -18.582151 0.879839 0.000614 0.000066 -0.001134 244.539307
56.122993 -18.582384 0.880102 0.000581 0.000019 -0.001134 244.949280
56.327881 -18.582611 0.880301 0.000588 -0.000025 -0.001136 245.359299
56.532768 -18.582842 0.880244 0.000350 -0.000210 -0.001139 245.769302
56.737656 -18.583071 0.880067 -0.000312 -0.000553 -0.001139 246.179306
56.942619 -18.583332 0.879683 -0.001552 -0.001021 -0.001169 247.209274
57.147507 -18.583595 0.879716 -0.001908 -0.001024 -0.001136 247.619370
57.352394 -18.583832 0.879820 -0.002148 -0.000936 -0.001156 248.029312
57.557281 -18.584068 0.879919 -0.002330 -0.000858 -0.001155 248.439285
57.762169 -18.584303 0.879879 -0.002470 -0.000807 -0.001155 248.849304
57.967056 -18.584543 0.879771 -0.002586 -0.000717 -0.001135 249.259308
58.172020 -18.584757 0.879659 -0.002579 -0.000557 -0.001137 250.049286
58.379406 -18.584995 0.879571 -0.002437 -0.000434 -0.001134 250.464279
58.581795 -18.585222 0.879493 -0.002354 -0.000284 -0.001137 250.869354
58.786682 -18.585453 0.879533 -0.002317 -0.000109 -0.001149 251.279327
58.991570 -18.585691 0.879726 -0.002213 0.000047 -0.001137 251.689377
59.196457 -18.585951 0.879983 -0.001868 0.000245 -0.001144 252.099304
59.401421 -18.586168 0.880070 -0.001555 0.000537 -0.001137 253.129318
59.606308 -18.586401 0.879959 -0.001405 0.000624 -0.001137 253.539322
59.811195 -18.586637 0.879968 -0.001147 0.000562 -0.001137 253.949341
60.016083 -18.586872 0.880157 -0.000824 0.000354 -0.001136 254.359299
60.220970 -18.587101 0.880395 -0.000546 0.000167 -0.001136 254.769318
60.422874 -18.587332 0.880519 -0.000346 0.000106 -0.001130 255.189316
60.625824 -18.587572 0.880380 -0.000076 -0.000005 -0.001148 256.379303
60.830711 -18.587807 0.880268 -0.000046 -0.000006 -0.001148 256.789276
61.035599 -18.588043 0.880259 -0.000049 0.000064 -0.001145 257.199280
61.240486 -18.588276 0.880417 -0.000074 0.000187 -0.001144 257.609314
61.147602 -18.766195 0.880542 0.000256 0.000286 0.925922 258.839294
61.027367 -18.932209 0.880583 0.000319 0.000107 0.942598 259.249298
60.920841 -19.102476 0.880465 0.000431 -0.000197 1.039167 259.669312
60.832439 -19.282812 0.880276 0.000456 -0.000472 1.139187 260.089355
60.748779 -19.464489 0.879856 0.000467 -0.000634 1.139303 260.489349
60.670166 -19.649334 0.878998 0.000419 -0.001025 1.247455 260.909302
60.621220 -19.844213 0.878471 0.000600 -0.001054 1.336879 261.319275
60.582588 -20.044312 0.878056 0.001083 -0.000952 1.451793 261.739319
60.565620 -20.244392 0.877785 0.001499 -0.000928 1.544670 262.159302
60.559811 -20.445295 0.877643 0.001812 -0.000786 1.579526 262.569305
60.572613 -20.647877 0.877623 0.001924 -0.000747 1.637548 262.979309
60.586102 -20.848454 0.878080 0.001636 -0.000466 1.638169 263.779266
60.599804 -21.052021 0.878224 0.001332 -0.000358 1.638196 264.229309
60.613232 -21.251606 0.878402 0.000767 -0.000202 1.638238 264.629333
60.626659 -21.451191 0.878634 0.000388 0.000003 1.638288 265.029358
60.627316 -21.652021 0.878658 0.000126 0.000170 1.541264 265.449280
60.621376 -21.859407 0.878516 -0.000066 0.000286 1.542285 265.864258
60.635708 -22.059381 0.877612 0.000266 0.000645 2.572648 267.589294
60.823219 -22.135691 0.877694 0.000420 0.000502 2.908428 268.119293
61.021843 -22.165930 0.877817 0.000425 0.000397 3.003534 268.529297
61.224659 -22.185801 0.878083 0.000437 0.000254 3.112859 268.949310
61.424549 -22.192745 0.878301 0.000441 0.000142 3.106119 269.349304
61.627422 -22.199976 0.878262 0.000394 0.000016 3.106138 269.759277
