177.375000 0.000000 0.140000 0.020003
191.125000 0.000000 0.140000 0.219952
212.125000 0.200828 0.140000 0.420069
227.875000 0.200828 0.154000 0.619930
238.000000 0.400828 0.154000 0.820019
249.375000 0.400828 0.154000 1.019958
266.500000 0.600828 0.154000 1.219949
276.625000 0.600828 0.154000 1.420048
285.125000 0.600828 0.156000 1.619998
296.125000 0.804673 0.156000 1.819950
306.875000 0.804673 0.156000 2.019949
319.375000 1.004673 0.156000 2.219931
329.125000 1.004673 0.156000 2.420025
338.000000 1.204676 0.160000 2.620001
347.500000 1.204676 0.160000 2.819939
354.250000 1.408512 0.160000 3.020010
368.125000 1.408512 0.160000 3.220083
381.125000 1.610488 0.160000 3.419958
392.000000 1.610488 0.188000 3.619936
404.625000 1.811525 0.188000 3.820003
412.000000 1.811525 0.188000 4.019961
421.000000 2.011578 0.188000 4.219980
431.875000 2.011578 0.188000 4.420074
442.750000 2.215397 0.176000 4.619957
452.500000 2.215397 0.176000 4.819951
463.625000 2.415410 0.176000 5.019955
474.125000 2.415410 0.176000 5.219955
484.125000 2.615422 0.176000 5.420017
492.875000 2.615422 0.179000 5.619987
501.375000 2.815431 0.179000 5.819955
509.500000 2.815431 0.179000 6.020046
519.500000 3.015443 0.179000 6.219931
528.000000 3.015443 0.179000 6.419961
538.000000 3.215455 0.182000 6.619959
546.625000 3.215455 0.182000 6.820028
555.125000 3.415467 0.182000 7.019930
562.500000 3.415467 0.182000 7.219939
572.000000 3.615479 0.182000 7.419947
578.875000 3.615479 0.188000 7.619932
586.125000 3.815488 0.188000 7.819961
594.375000 3.815488 0.188000 8.019958
602.625000 4.015496 0.188000 8.219958
608.625000 4.015496 0.188000 8.420022
616.000000 4.215505 0.188000 8.619947
620.125000 4.215505 0.186000 8.820025
626.125000 4.415515 0.186000 9.020003
634.250000 4.415515 0.186000 9.220001
641.875000 4.615535 0.186000 9.419951
647.500000 4.615535 0.186000 9.619938
656.750000 4.820434 0.189000 9.819959
662.500000 4.820434 0.189000 10.019941
666.500000 5.020442 0.189000 10.219949
674.875000 5.020442 0.189000 10.419963
679.500000 5.220458 0.181000 10.619959
682.875000 5.220458 0.181000 10.819948
686.250000 5.420465 0.181000 11.020007
700.000000 5.420465 0.181000 11.220005
706.875000 5.625462 0.181000 11.420002
710.625000 5.625462 0.181000 11.619952
715.500000 5.830460 0.181000 11.819931
725.250000 5.830460 0.181000 12.020018
727.375000 6.034440 0.181000 12.220000
730.625000 6.034440 0.181000 12.419951
735.625000 6.234444 0.181000 12.619953
742.125000 6.234444 0.215000 12.819957
749.500000 6.234444 0.215000 13.020065
755.625000 6.436990 0.215000 13.219957
761.250000 6.436990 0.215000 13.420041
769.750000 6.637944 0.215000 13.619960
772.625000 6.637944 0.208000 13.819941
776.000000 6.841769 0.208000 14.020056
782.750000 6.841769 0.208000 14.219955
792.125000 7.043794 0.208000 14.419953
797.375000 7.043794 0.208000 14.619967
802.625000 7.245792 0.221000 14.819972
806.000000 7.245792 0.221000 15.019960
815.250000 7.446623 0.221000 15.219948
823.875000 7.446623 0.221000 15.419957
831.000000 7.646646 0.221000 15.620072
835.000000 7.646646 0.230000 15.819980
835.750000 7.646646 0.230000 16.019979
838.500000 7.646646 0.230000 16.220005
843.875000 7.847786 0.230000 16.420038
850.000000 7.847786 0.230000 16.619959
858.500000 8.051667 0.220000 16.820021
863.875000 8.051667 0.220000 17.020029
869.875000 8.251685 0.220000 17.219952
876.000000 8.251685 0.220000 17.419992
881.250000 8.451708 0.220000 17.619955
887.750000 8.451708 0.219000 17.819965
896.250000 8.655649 0.219000 18.019985
901.750000 8.655649 0.219000 18.220015
907.125000 8.858665 0.219000 18.420057
911.250000 8.858665 0.219000 18.620022
915.250000 9.059640 0.236000 18.819956
921.250000 9.059640 0.236000 19.020048
930.750000 9.259647 0.236000 19.219942
936.250000 9.259647 0.236000 19.419956
944.750000 9.459653 0.236000 19.620029
952.000000 9.459653 0.233000 19.820007
958.750000 9.664640 0.233000 20.019974
964.875000 9.664640 0.233000 20.219950
973.000000 9.869629 0.233000 20.420006
982.875000 9.869629 0.233000 20.620003
991.000000 10.069639 0.249000 20.820009
1000.250000 10.069639 0.249000 21.019939
1006.750000 10.269674 0.249000 21.219963
1014.000000 10.269674 0.249000 21.419962
1021.000000 10.471684 0.249000 21.620043
1029.250000 10.471684 0.243000 21.819958
1040.250000 10.675679 0.243000 22.019987
1048.750000 10.675679 0.243000 22.220018
1058.250000 10.880665 0.243000 22.419943
1069.500000 10.880665 0.243000 22.619989
1077.375000 10.880665 0.250000 22.820055
1085.250000 11.081830 0.250000 23.019932
1095.500000 11.081830 0.250000 23.219955
1106.125000 11.282989 0.250000 23.420027
1116.500000 11.282989 0.250000 23.619934
1129.875000 11.486446 0.260000 23.819939
1141.250000 11.486446 0.260000 24.020037
1155.000000 11.688900 0.260000 24.219948
1168.500000 11.688900 0.260000 24.419950
1177.625000 11.892883 0.260000 24.620079
1185.875000 11.892883 0.247000 24.819979
1192.125000 11.892883 0.247000 25.019985
1196.250000 11.892883 0.247000 25.219961
1199.125000 11.892883 0.247000 25.419950
1199.875000 11.892883 0.247000 25.619987
1202.125000 11.892883 0.251000 25.820007
1202.875000 11.892883 0.251000 26.019939
1203.125000 11.892883 0.251000 26.219931
1205.375000 11.892883 0.251000 26.419994
1206.875000 11.892883 0.251000 26.619961
1208.875000 11.892883 0.225000 26.820007
1214.500000 11.892883 0.225000 27.020006
1220.375000 12.097442 0.225000 27.219946
1226.500000 12.097442 0.225000 27.420019
1231.000000 12.302441 0.225000 27.620029
1236.000000 12.302441 0.238000 27.819944
1242.875000 12.503239 0.238000 28.019958
1253.500000 12.503239 0.238000 28.220041
1262.000000 12.703239 0.238000 28.420050
1266.875000 12.703239 0.238000 28.620045
1270.250000 12.906231 0.243000 28.819952
1275.000000 12.906231 0.243000 29.019957
1284.500000 13.107904 0.243000 29.219952
1293.125000 13.107904 0.243000 29.419964
1295.875000 13.310888 0.243000 29.620033
1298.500000 13.310888 0.237000 29.820007
1302.750000 13.513877 0.237000 30.020014
1310.625000 13.513877 0.237000 30.219948
1320.875000 13.713887 0.237000 30.420044
1324.750000 13.713887 0.237000 30.620071
1328.000000 13.917676 0.239000 30.820038
1330.375000 13.917676 0.239000 31.019928
1337.625000 14.117694 0.239000 31.220022
1344.875000 14.117694 0.239000 31.419958
1345.125000 14.117694 0.239000 31.619946
1345.500000 14.117694 0.246000 31.819944
1347.875000 14.117694 0.246000 32.019947
1350.375000 14.117694 0.246000 32.219940
1353.000000 14.318294 0.246000 32.419971
1357.625000 14.318294 0.246000 32.619999
1364.875000 14.521917 0.237000 32.819954
1374.250000 14.521917 0.237000 33.019939
1381.875000 14.726914 0.237000 33.219944
1389.750000 14.726914 0.237000 33.419945
1394.125000 14.926921 0.237000 33.619961
1398.750000 14.926921 0.253000 33.819958
1402.000000 15.129919 0.253000 34.019997
1406.625000 15.129919 0.253000 34.219955
1414.125000 15.332884 0.253000 34.419964
1422.625000 15.332884 0.253000 34.619972
1429.750000 15.532890 0.251000 34.819954
1434.500000 15.532890 0.251000 35.019966
1436.875000 15.732900 0.251000 35.220043
1441.375000 15.732900 0.251000 35.419960
1446.500000 15.932909 0.251000 35.619942
1453.625000 15.932909 0.260000 35.820023
1465.125000 16.132917 0.260000 36.019955
1473.125000 16.132917 0.260000 36.219940
1479.250000 16.332926 0.260000 36.419941
1482.625000 16.332926 0.260000 36.619949
1486.125000 16.532934 0.266000 36.819931
1491.625000 16.532934 0.266000 37.020023
1498.500000 16.732943 0.266000 37.219952
1509.250000 16.732943 0.266000 37.419952
1516.625000 16.932951 0.266000 37.619957
1520.625000 16.932951 0.263000 37.819958
1526.750000 17.132952 0.263000 38.019955
1530.375000 17.132952 0.263000 38.220043
1533.750000 17.337929 0.263000 38.419960
1538.250000 17.337929 0.263000 38.620014
1545.250000 17.540888 0.263000 38.819958
1549.625000 17.540888 0.263000 39.019947
1556.625000 17.540888 0.263000 39.219955
1562.250000 17.745874 0.263000 39.419952
1565.875000 17.745874 0.263000 39.619972
1570.250000 17.950865 0.257000 39.819950
1575.125000 17.950865 0.257000 40.019939
1581.500000 18.155855 0.257000 40.219978
1590.250000 18.155855 0.257000 40.419952
1596.750000 18.360846 0.257000 40.619949
1604.500000 18.360846 0.277000 40.819962
1609.125000 18.565836 0.277000 41.019962
1612.625000 18.565836 0.277000 41.219963
1616.750000 18.770826 0.277000 41.419956
1620.750000 18.770826 0.277000 41.619961
1630.875000 18.975817 0.278000 41.820023
1637.875000 18.975817 0.278000 42.020039
1641.750000 19.180807 0.278000 42.219959
1649.000000 19.180807 0.278000 42.420025
1652.625000 19.380829 0.278000 42.620018
1657.250000 19.380829 0.270000 42.819965
1663.875000 19.580860 0.270000 43.019947
1674.250000 19.580860 0.270000 43.219936
1679.000000 19.780899 0.270000 43.419952
1684.000000 19.780899 0.270000 43.619946
1688.000000 19.980932 0.270000 43.819950
1695.500000 19.980932 0.270000 44.020016
1701.125000 20.180977 0.270000 44.219944
1706.250000 20.180977 0.270000 44.420006
1718.000000 20.381012 0.270000 44.620010
1725.250000 20.381012 0.274000 44.819962
1729.250000 20.581047 0.274000 45.019958
1734.375000 20.581047 0.274000 45.219933
1743.000000 20.781092 0.274000 45.419949
1747.250000 20.781092 0.274000 45.620014
1750.125000 20.781092 0.261000 45.820023
1751.625000 20.781092 0.261000 46.019951
1752.625000 20.781092 0.261000 46.219959
1752.625000 20.781092 0.261000 46.419960
1753.250000 20.781092 0.261000 46.619934
1754.750000 20.781092 0.248000 46.819954
1755.625000 20.781092 0.248000 47.020039
1757.125000 20.981339 0.248000 47.219933
1758.250000 20.981339 0.248000 47.420006
1759.500000 21.182226 0.248000 47.619953
1761.750000 21.182226 0.241000 47.819962
1763.375000 21.386070 0.241000 48.019955
1765.375000 21.386070 0.241000 48.219955
1766.375000 21.589077 0.241000 48.419949
1766.875000 21.589077 0.241000 48.619946
1767.125000 21.589077 0.244000 48.819996
1768.000000 21.589077 0.244000 49.019958
1772.000000 21.589077 0.244000 49.219948
1777.125000 21.589077 0.244000 49.419971
1779.000000 21.790821 0.244000 49.619980
1782.250000 21.790821 0.226000 49.820007
1784.750000 21.992409 0.226000 50.019962
1787.250000 21.992409 0.226000 50.219948
1789.500000 22.192410 0.226000 50.419991
1795.250000 22.192410 0.226000 50.620022
1804.750000 22.392410 0.246000 50.819962
1808.750000 22.392410 0.246000 51.019958
1815.375000 22.592411 0.246000 51.219952
1822.250000 22.592411 0.246000 51.420010
1825.500000 22.792412 0.246000 51.619930
1830.500000 22.792412 0.252000 51.819942
1834.625000 22.992413 0.252000 52.019989
1838.625000 22.992413 0.252000 52.219948
1843.875000 23.192413 0.252000 52.419945
1848.625000 23.192413 0.252000 52.619957
1854.000000 23.392424 0.252000 52.819977
1858.500000 23.392424 0.252000 53.019958
1863.625000 23.592434 0.252000 53.220024
1867.500000 23.592434 0.252000 53.419949
1873.000000 23.792486 0.252000 53.620026
1878.875000 23.792486 0.252000 53.819946
1882.500000 23.992540 0.257000 54.019958
1887.250000 23.992540 0.257000 54.220028
1893.250000 24.192595 0.257000 54.419941
1898.625000 24.192595 0.257000 54.619953
1902.250000 24.392649 0.272000 54.819992
1911.125000 24.392649 0.272000 55.019962
1916.625000 24.596523 0.272000 55.220009
1924.000000 24.596523 0.272000 55.419968
1926.875000 24.796530 0.272000 55.619961
1935.000000 24.796530 0.272000 55.819939
1939.625000 24.999018 0.285000 56.019955
1947.000000 24.999018 0.285000 56.219986
1952.250000 25.199484 0.285000 56.420013
1961.125000 25.199484 0.285000 56.620007
1965.375000 25.404446 0.285000 56.819962
1970.625000 25.404446 0.260000 57.020061
1974.500000 25.609407 0.260000 57.219952
1981.625000 25.609407 0.260000 57.419964
1988.625000 25.813187 0.260000 57.619961
1994.250000 25.813187 0.263000 57.820015
1997.750000 26.018169 0.263000 58.019936
2004.125000 26.018169 0.263000 58.229988
2007.125000 26.223114 0.263000 58.419952
2009.250000 26.223114 0.263000 58.620007
2012.750000 26.428059 0.267000 58.819958
2016.125000 26.428059 0.267000 59.019997
2019.375000 26.428059 0.267000 59.220005
2022.375000 26.630070 0.267000 59.419960
2025.125000 26.630070 0.267000 59.620049
2027.125000 26.832218 0.262000 59.820004
2028.125000 26.832218 0.262000 60.019936
2029.625000 27.036016 0.262000 60.220039
2031.000000 27.036016 0.262000 60.419960
2033.875000 27.236029 0.262000 60.619957
2038.375000 27.236029 0.260000 60.819954
2040.250000 27.439808 0.260000 61.019947
2043.500000 27.439808 0.260000 61.219959
2046.000000 27.639826 0.260000 61.419964
2049.875000 27.639826 0.260000 61.619942
2051.375000 27.839853 0.261000 61.819942
2052.250000 27.839853 0.261000 62.019932
2054.875000 27.839853 0.261000 62.219944
2058.125000 28.039881 0.261000 62.420006
2060.750000 28.039881 0.261000 62.619953
2063.375000 28.239912 0.258000 62.819958
2065.250000 28.239912 0.258000 63.019951
2068.375000 28.439943 0.258000 63.219940
2071.250000 28.439943 0.258000 63.419971
2074.000000 28.643740 0.258000 63.620014
2075.875000 28.643740 0.260000 63.820023
2077.875000 28.843750 0.260000 64.020012
2079.750000 28.843750 0.260000 64.219963
2081.375000 29.043758 0.260000 64.420006
2081.500000 29.043758 0.260000 64.619957
2081.625000 29.043758 0.256000 64.829956
2082.250000 29.043758 0.256000 65.020004
2084.125000 29.043758 0.256000 65.220009
2084.625000 29.243773 0.256000 65.420059
2085.875000 29.243773 0.256000 65.619949
2086.500000 29.443785 0.236000 65.819946
2087.250000 29.443785 0.236000 66.020042
2088.125000 29.643799 0.236000 66.219940
2088.500000 29.643799 0.236000 66.419998
2089.250000 29.843813 0.236000 66.619987
2089.875000 29.843813 0.252000 66.819984
2090.500000 30.048809 0.252000 67.019951
2091.375000 30.048809 0.252000 67.219948
2091.750000 30.249306 0.252000 67.419960
2091.750000 30.249306 0.252000 67.619987
2091.750000 30.249306 0.253000 67.819962
2092.000000 30.249306 0.253000 68.019958
2092.375000 30.249306 0.253000 68.219955
2093.000000 30.453808 0.253000 68.420006
2093.500000 30.453808 0.253000 68.619957
2094.375000 30.658808 0.230000 68.819954
2094.750000 30.658808 0.230000 69.020004
2095.250000 30.858809 0.230000 69.220024
2096.000000 30.858809 0.230000 69.419998
2096.250000 31.058809 0.230000 69.620018
2096.500000 31.058809 0.224000 69.819992
2097.625000 31.258810 0.224000 70.019958
2098.250000 31.258810 0.224000 70.219955
2098.500000 31.258810 0.224000 70.419968
2098.625000 31.258810 0.224000 70.619957
2098.625000 31.459810 0.232000 70.819962
2098.875000 31.459810 0.232000 71.019943
2099.875000 31.663811 0.232000 71.219971
2100.000000 31.663811 0.232000 71.419960
2100.250000 31.863811 0.232000 71.619995
2100.375000 31.863811 0.224000 71.819954
2101.250000 32.063812 0.224000 72.019958
2101.625000 32.063812 0.224000 72.219978
2102.250000 32.267742 0.224000 72.419937
2102.625000 32.267742 0.224000 72.619957
2102.875000 32.467747 0.219000 72.819931
2103.625000 32.467747 0.219000 73.019943
2103.750000 32.467747 0.219000 73.219963
2103.750000 32.467747 0.219000 73.419937
2103.750000 32.467747 0.219000 73.619972
2103.750000 32.467747 0.205000 73.820000
2104.000000 32.668755 0.205000 74.020012
2104.250000 32.668755 0.205000 74.219948
2104.750000 32.872768 0.205000 74.419945
2105.000000 32.872768 0.205000 74.619957
2105.875000 33.072781 0.206000 74.819969
2106.125000 33.072781 0.206000 75.019958
2106.500000 33.072781 0.206000 75.219955
2107.125000 33.277779 0.206000 75.420052
2107.375000 33.277779 0.206000 75.619957
2107.500000 33.478622 0.230000 75.819931
2107.500000 33.478622 0.230000 76.019951
2107.875000 33.683620 0.230000 76.219940
2108.375000 33.683620 0.230000 76.419937
2108.375000 33.683620 0.230000 76.619965
2108.500000 33.886612 0.222000 76.819939
2108.750000 33.886612 0.222000 77.020035
2109.125000 33.886612 0.222000 77.219955
2109.500000 34.088604 0.222000 77.419998
2110.125000 34.088604 0.222000 77.619965
2111.375000 34.288612 0.204000 77.819931
2111.750000 34.288612 0.204000 78.020004
2112.125000 34.488617 0.204000 78.219948
2112.750000 34.488617 0.204000 78.419960
2112.875000 34.688622 0.204000 78.620010
2113.750000 34.688622 0.209000 78.819946
2114.250000 34.888626 0.209000 79.019928
2114.250000 34.888626 0.209000 79.219955
2114.500000 34.888626 0.209000 79.419998
2114.500000 34.888626 0.209000 79.620018
2114.625000 34.888626 0.202000 79.819954
2115.750000 35.092628 0.202000 80.019958
2115.750000 35.092628 0.202000 80.219940
2116.375000 35.293629 0.202000 80.419945
2116.625000 35.293629 0.202000 80.619949
2117.125000 35.498631 0.204000 80.819946
2117.375000 35.498631 0.204000 81.019951
2117.500000 35.698631 0.204000 81.220009
2118.875000 35.698631 0.204000 81.420013
2119.250000 35.902481 0.202000 81.620026
2119.500000 35.902481 0.202000 81.819954
2120.750000 36.107479 0.202000 82.019951
2121.000000 36.107479 0.202000 82.219994
2121.000000 36.107479 0.202000 82.419952
2121.000000 36.107479 0.202000 82.619957
2121.250000 36.107479 0.214000 82.819954
2121.250000 36.307480 0.214000 83.019936
2122.000000 36.307480 0.214000 83.219963
2122.875000 36.507481 0.214000 83.419960
2123.375000 36.507481 0.204000 83.619949
2125.000000 36.707481 0.204000 83.819962
2126.500000 36.707481 0.204000 84.019958
2126.875000 36.907482 0.204000 84.219948
2128.000000 36.907482 0.204000 84.419952
2129.375000 37.111408 0.204000 84.619942
2130.750000 37.111408 0.208000 84.819946
2131.500000 37.311409 0.208000 85.020012
2133.000000 37.311409 0.208000 85.219940
2133.250000 37.311409 0.208000 85.420013
2133.250000 37.311409 0.194000 85.620033
2134.625000 37.311409 0.194000 85.820007
2137.500000 37.511410 0.194000 86.019966
2139.125000 37.511410 0.194000 86.220039
2142.750000 37.711414 0.194000 86.419945
2145.750000 37.711414 0.199000 86.620026
2148.750000 37.911419 0.199000 86.819954
2151.500000 37.911419 0.199000 87.019951
2155.375000 38.111420 0.199000 87.219955
2157.750000 38.111420 0.199000 87.419968
2162.000000 38.311420 0.198000 87.619965
2166.625000 38.311420 0.198000 87.819962
2168.000000 38.511421 0.198000 88.019951
2170.750000 38.511421 0.198000 88.219940
2170.750000 38.511421 0.198000 88.420006
2170.875000 38.511421 0.198000 88.619957
2172.250000 38.511421 0.212000 88.819962
2175.625000 38.716419 0.212000 89.020035
2179.125000 38.716419 0.212000 89.220024
2182.250000 38.916424 0.212000 89.419960
2185.625000 38.916424 0.212000 89.619942
2187.750000 39.116428 0.204000 89.819954
2191.000000 39.116428 0.204000 90.019958
2192.875000 39.316433 0.204000 90.219948
2193.875000 39.316433 0.204000 90.419960
2195.375000 39.516438 0.204000 90.620003
2198.125000 39.516438 0.214000 90.819954
2199.625000 39.716442 0.214000 91.020096
2201.875000 39.716442 0.214000 91.220001
2201.875000 39.716442 0.214000 91.419945
2202.000000 39.716442 0.214000 91.620010
2202.125000 39.716442 0.226000 91.820000
2202.875000 39.716442 0.226000 92.019943
2203.250000 39.716442 0.226000 92.219948
2204.000000 39.716442 0.226000 92.419952
2204.125000 39.716442 0.226000 92.619949
2204.875000 39.716442 0.210000 92.820030
2205.500000 39.716442 0.210000 93.020012
2210.000000 39.916553 0.210000 93.219948
2212.250000 39.916553 0.210000 93.419960
2215.750000 40.117226 0.210000 93.620010
2219.125000 40.117226 0.204000 93.820007
2225.750000 40.318024 0.204000 94.019951
2228.750000 40.318024 0.204000 94.219963
2234.250000 40.523003 0.204000 94.419960
2239.500000 40.523003 0.204000 94.619957
2243.375000 40.727982 0.260000 94.819962
2246.250000 40.727982 0.260000 95.019958
2251.250000 40.932961 0.260000 95.219948
2256.000000 40.932961 0.260000 95.420021
2258.625000 41.137939 0.260000 95.619934
2261.500000 41.137939 0.232000 95.820023
2267.250000 41.342918 0.232000 96.019936
2270.750000 41.342918 0.232000 96.220001
2273.500000 41.543835 0.232000 96.419945
2275.875000 41.543835 0.232000 96.620003
2279.625000 41.743855 0.228000 96.819931
2282.125000 41.743855 0.228000 97.019966
2287.000000 41.943909 0.228000 97.219933
2290.500000 41.943909 0.228000 97.420044
2292.625000 41.943909 0.228000 97.619957
2294.250000 41.943909 0.229000 97.830017
2298.375000 42.143963 0.229000 98.019951
2300.750000 42.143963 0.229000 98.220047
2302.250000 42.344017 0.229000 98.419983
2304.125000 42.344017 0.229000 98.619949
2306.000000 42.544071 0.231000 98.819946
2309.500000 42.544071 0.231000 99.019943
2312.750000 42.744125 0.231000 99.219948
2314.375000 42.744125 0.231000 99.419975
2316.125000 42.944180 0.231000 99.619957
2317.625000 42.944180 0.228000 99.819946
2320.625000 43.149059 0.228000 100.019958
2323.250000 43.149059 0.228000 100.219933
2323.375000 43.149059 0.228000 100.419952
2323.375000 43.149059 0.228000 100.619972
2323.500000 43.149059 0.226000 100.819954
2323.750000 43.149059 0.226000 101.019958
2325.625000 43.352215 0.226000 101.219955
2327.125000 43.352215 0.226000 101.420029
2329.500000 43.553802 0.226000 101.620033
2332.625000 43.553802 0.224000 101.819939
2335.375000 43.553802 0.224000 102.019951
2337.125000 43.758797 0.224000 102.219940
2338.750000 43.758797 0.224000 102.419952
2340.625000 43.959637 0.224000 102.620003
2343.375000 43.959637 0.221000 102.819939
2345.750000 44.164623 0.221000 103.019958
2347.250000 44.164623 0.221000 103.219955
2350.125000 44.369595 0.221000 103.419991
2352.500000 44.369595 0.221000 103.619957
2354.250000 44.574558 0.234000 103.819962
2356.750000 44.574558 0.234000 104.019958
2358.500000 44.778347 0.234000 104.219994
2361.000000 44.778347 0.234000 104.419937
2364.375000 44.778347 0.234000 104.620003
2367.375000 44.982258 0.239000 104.820038
2370.125000 44.982258 0.239000 105.020012
2373.000000 45.187252 0.239000 105.219955
2376.125000 45.187252 0.239000 105.419945
2379.000000 45.391098 0.239000 105.619957
2382.375000 45.391098 0.249000 105.819962
2385.500000 45.591949 0.249000 106.020004
2388.125000 45.591949 0.249000 106.219986
2391.750000 45.791958 0.249000 106.419952
2394.125000 45.791958 0.249000 106.619957
2397.625000 45.992027 0.239000 106.819962
2399.875000 45.992027 0.239000 107.019951
2403.500000 46.192101 0.239000 107.219955
2406.750000 46.192101 0.239000 107.420013
2410.375000 46.392956 0.239000 107.619965
2412.625000 46.392956 0.241000 107.819946
2415.875000 46.593002 0.241000 108.020004
2419.000000 46.593002 0.241000 108.219963
2421.625000 46.793049 0.241000 108.419937
2424.500000 46.793049 0.241000 108.620018
2427.375000 46.993095 0.241000 108.819931
2429.750000 46.993095 0.251000 109.020020
2434.750000 47.193142 0.251000 109.219955
2434.875000 47.193142 0.251000 109.419952
2435.125000 47.193142 0.251000 109.620010
2435.500000 47.193142 0.223000 109.819939
2436.250000 47.193142 0.223000 110.019936
2439.250000 47.193142 0.223000 110.219963
2442.875000 47.393150 0.223000 110.420006
2446.875000 47.393150 0.223000 110.619957
2452.375000 47.593197 0.225000 110.819954
2455.625000 47.593197 0.225000 111.019943
2459.750000 47.793243 0.225000 111.219955
2463.750000 47.793243 0.225000 111.419952
2468.250000 47.993290 0.225000 111.620003
2474.250000 47.993290 0.231000 111.820000
2478.875000 48.193336 0.231000 112.020012
2483.250000 48.193336 0.231000 112.219955
2486.000000 48.393383 0.231000 112.420021
2486.000000 48.393383 0.231000 112.619949
2486.125000 48.393383 0.228000 112.820023
2487.875000 48.393383 0.228000 113.019997
2493.500000 48.393383 0.228000 113.220009
2499.750000 48.593391 0.228000 113.420013
2504.125000 48.593391 0.228000 113.620026
2508.875000 48.793438 0.226000 113.819954
2515.375000 48.793438 0.226000 114.020020
2521.375000 48.993484 0.226000 114.220078
2527.875000 48.993484 0.226000 114.419968
2532.500000 49.193531 0.226000 114.620010
2539.625000 49.193531 0.237000 114.819962
2547.000000 49.393578 0.237000 115.019951
2554.375000 49.393578 0.237000 115.220024
2558.750000 49.593624 0.237000 115.419952
2559.000000 49.593624 0.237000 115.619957
2559.250000 49.593624 0.237000 115.819954
2561.875000 49.593624 0.250000 116.020004
2566.625000 49.793633 0.250000 116.219948
2575.625000 49.793633 0.250000 116.419952
2583.875000 49.993679 0.250000 116.619949
2591.625000 49.993679 0.245000 116.819946
2601.000000 50.193726 0.245000 117.019958
2610.000000 50.193726 0.245000 117.219948
2620.125000 50.393772 0.245000 117.419952
2628.500000 50.393772 0.245000 117.640167
2637.375000 50.593819 0.245000 117.840317
2649.000000 50.593819 0.245000 118.050163
2661.500000 50.793865 0.245000 118.260262
2665.000000 50.793865 0.913000 118.460304
2665.875000 50.793865 0.913000 118.649933
2666.875000 50.793865 0.913000 118.849953
2667.750000 50.793865 0.913000 119.049957
2668.750000 50.993912 0.913000 119.249962
2669.125000 50.993912 0.913000 119.450012
2669.125000 50.993912 0.913000 119.649963
2669.375000 50.993912 0.913000 119.849960
2669.625000 50.993912 0.279000 120.049957
2669.625000 50.993912 0.279000 120.249939
2670.250000 50.993912 0.279000 120.449966
2671.375000 50.993912 0.279000 120.649956
2675.875000 51.193958 0.262000 120.849968
2683.375000 51.193958 0.262000 121.049995
2691.125000 51.394005 0.262000 121.250038
2697.125000 51.394005 0.262000 121.450012
2704.625000 51.594051 0.262000 121.649940
2714.375000 51.594051 0.272000 121.849960
2720.875000 51.794098 0.272000 122.049950
2726.250000 51.794098 0.272000 122.250046
2733.375000 51.994144 0.272000 122.449966
2740.000000 51.994144 0.272000 122.649956
2747.000000 52.194191 0.272000 122.849960
2754.250000 52.194191 0.276000 123.049942
2759.000000 52.394238 0.276000 123.249954
2761.250000 52.394238 0.276000 123.449966
2762.500000 52.394238 0.276000 123.660202
2763.125000 52.394238 0.276000 123.870224
2763.375000 52.394238 0.276000 124.080124
2763.500000 52.394238 0.276000 124.290169
2763.875000 52.394238 0.276000 124.490250
2764.000000 52.394238 1.141000 124.689957
2764.500000 52.394238 1.141000 124.879944
2764.625000 52.394238 1.141000 125.080025
2765.000000 52.394238 1.141000 125.279945
2765.500000 52.394238 1.141000 125.489937
2765.625000 52.394238 1.141000 125.689957
2765.750000 52.394238 1.141000 125.890007
2765.750000 52.394238 0.275000 126.089958
2765.750000 52.394238 0.275000 126.289940
2765.875000 52.394238 0.275000 126.489960
2765.875000 52.394238 0.275000 126.699959
2767.250000 52.394238 0.303000 126.899345
2771.250000 52.394238 0.303000 127.099335
2777.625000 52.594666 0.303000 127.299324
2784.125000 52.594666 0.303000 127.499344
2791.000000 52.796280 0.303000 127.699333
2796.875000 52.796280 0.262000 127.899307
2803.125000 52.997890 0.262000 128.099304
2808.625000 52.997890 0.262000 128.299286
2813.500000 53.198818 0.262000 128.499283
2817.250000 53.198818 0.262000 128.699341
2823.000000 53.398819 0.249000 128.899277
2829.500000 53.398819 0.249000 129.099274
2832.125000 53.398819 0.249000 129.309311
2836.375000 53.398819 0.249000 129.499283
2842.875000 53.602982 0.254000 129.699310
2851.125000 53.602982 0.254000 129.899277
2855.000000 53.807457 0.254000 130.099319
2860.250000 53.807457 0.254000 130.299301
2866.250000 54.009449 0.254000 130.509293
2872.375000 54.009449 0.254000 130.699310
2879.250000 54.213448 0.254000 130.909302
2883.750000 54.213448 0.254000 131.109314
2887.375000 54.418446 0.254000 131.299316
2890.875000 54.418446 0.254000 131.499329
2897.875000 54.619385 0.259000 131.699280
2902.125000 54.619385 0.259000 131.899292
2908.125000 54.824383 0.259000 132.099365
2913.500000 54.824383 0.259000 132.299271
2918.750000 55.029369 0.259000 132.499313
2922.125000 55.029369 0.274000 132.699356
2924.875000 55.029369 0.274000 132.899277
2926.750000 55.029369 0.274000 133.099350
2930.125000 55.232731 0.274000 133.299301
2936.125000 55.232731 0.274000 133.499313
2942.625000 55.433353 0.271000 133.699295
2946.000000 55.433353 0.271000 133.899323
2948.625000 55.638348 0.271000 134.099304
2951.125000 55.638348 0.271000 134.299362
2955.125000 55.842289 0.271000 134.499313
2961.375000 55.842289 0.262000 134.699326
2965.625000 56.042297 0.262000 134.899292
2967.250000 56.042297 0.262000 135.099289
2969.375000 56.242310 0.262000 135.299316
2971.750000 56.242310 0.262000 135.499283
2971.750000 56.242310 0.273000 135.699326
2973.250000 56.242310 0.273000 135.899323
2979.250000 56.442314 0.273000 136.109329
2981.750000 56.442314 0.273000 136.299286
2983.875000 56.642326 0.273000 136.509308
2985.875000 56.642326 0.273000 136.699310
2990.875000 56.847309 0.269000 136.899323
2997.625000 56.847309 0.269000 137.099304
3001.500000 57.052284 0.269000 137.299301
3005.375000 57.052284 0.269000 137.509308
3007.125000 57.257259 0.264000 137.709320
3010.250000 57.257259 0.264000 137.899277
3014.375000 57.257259 0.264000 138.099304
3017.125000 57.462234 0.264000 138.299316
3017.375000 57.462234 0.264000 138.499313
3017.500000 57.462234 0.264000 138.699326
3017.625000 57.462234 0.269000 138.899307
3018.250000 57.462234 0.269000 139.099274
3021.750000 57.667221 0.269000 139.299271
3023.125000 57.667221 0.269000 139.499283
3026.625000 57.667221 0.262000 139.699310
3028.500000 57.872196 0.262000 139.899277
3031.000000 57.872196 0.262000 140.099274
3033.375000 58.077171 0.262000 140.299316
3035.500000 58.077171 0.262000 140.499329
3039.250000 58.282146 0.262000 140.699326
3041.125000 58.282146 0.262000 140.899338
3044.000000 58.487122 0.262000 141.099289
3046.250000 58.487122 0.262000 141.299316
3048.125000 58.692097 0.262000 141.499313
3048.250000 58.692097 0.262000 141.699310
3049.375000 58.692097 0.262000 141.899323
3052.125000 58.692097 0.262000 142.099304
3054.500000 58.897076 0.262000 142.299286
3057.125000 58.897076 0.262000 142.499313
3059.000000 59.102043 0.254000 142.699310
3060.750000 59.102043 0.254000 142.899292
3063.875000 59.307011 0.254000 143.099380
3067.875000 59.307011 0.254000 143.309280
3069.625000 59.511978 0.254000 143.499313
3071.875000 59.511978 0.257000 143.699310
3074.125000 59.716946 0.257000 143.899338
3078.125000 59.716946 0.257000 144.109314
3080.000000 59.917416 0.257000 144.309311
3080.250000 59.917416 0.257000 144.499313
3080.500000 59.917416 0.257000 144.699326
3081.125000 59.917416 0.257000 144.899307
3083.500000 59.917416 0.257000 145.099289
3084.375000 60.121895 0.257000 145.299301
3086.750000 60.121895 0.257000 145.499313
3088.250000 60.326862 0.250000 145.699326
3089.250000 60.326862 0.250000 145.899307
3090.500000 60.531830 0.250000 146.099304
3092.125000 60.531830 0.250000 146.299301
3093.750000 60.736797 0.250000 146.499313
3094.250000 60.736797 0.250000 146.699295
3095.375000 60.941765 0.250000 146.899292
3096.625000 60.941765 0.250000 147.099289
3097.250000 60.941765 0.250000 147.299301
3097.250000 60.941765 0.250000 147.499329
3097.500000 60.941765 0.247000 147.709320
3097.750000 61.142235 0.247000 147.899323
3098.000000 61.142235 0.247000 148.099274
3098.750000 61.142235 0.247000 148.299316
3100.625000 61.142235 0.247000 148.499313
3102.625000 61.345627 0.248000 148.699310
3105.875000 61.345627 0.248000 148.899277
3107.750000 61.546452 0.248000 149.099304
3109.375000 61.546452 0.248000 149.299301
3111.625000 61.746456 0.248000 149.499298
3113.625000 61.746456 0.236000 149.709305
3115.625000 61.950275 0.236000 149.899277
3119.000000 61.950275 0.236000 150.099304
3120.500000 62.150284 0.236000 150.299286
3122.500000 62.150284 0.236000 150.509277
3124.750000 62.354317 0.250000 150.709290
3127.625000 62.354317 0.250000 150.909286
3129.250000 62.354317 0.250000 151.099274
3132.125000 62.558987 0.250000 151.299286
3134.875000 62.558987 0.250000 151.509308
3136.000000 62.760590 0.260000 151.709274
3138.375000 62.760590 0.260000 151.899307
3142.875000 62.961433 0.260000 152.109283
3145.000000 62.961433 0.260000 152.309280
3147.625000 63.164433 0.260000 152.509354
3150.875000 63.164433 0.250000 152.709335
3153.000000 63.365387 0.250000 152.909286
3155.000000 63.365387 0.250000 153.109283
3157.125000 63.570370 0.250000 153.299286
3158.250000 63.570370 0.250000 153.509293
3159.875000 63.775349 0.215000 153.709366
3161.500000 63.775349 0.215000 153.909317
3163.000000 63.978329 0.215000 154.109314
3165.000000 63.978329 0.215000 154.309357
3166.500000 64.181297 0.215000 154.509293
3166.875000 64.181297 0.212000 154.709305
3167.875000 64.384293 0.212000 154.909317
3169.375000 64.384293 0.212000 155.109283
3170.625000 64.585098 0.212000 155.309372
3173.750000 64.585098 0.212000 155.509323
3175.625000 64.790092 0.217000 155.709290
3176.875000 64.790092 0.217000 155.909286
3178.375000 64.995087 0.217000 156.109314
3181.500000 64.995087 0.217000 156.309311
3183.125000 64.995087 0.217000 156.509293
3183.625000 64.995087 0.213000 156.709305
3184.750000 64.995087 0.213000 156.909286
3189.500000 65.195145 0.213000 157.109314
3191.750000 65.195145 0.213000 157.309326
3193.125000 65.395218 0.213000 157.509308
3194.625000 65.395218 0.202000 157.709320
3196.375000 65.595291 0.202000 157.909286
3198.250000 65.595291 0.202000 158.109344
3198.750000 65.795364 0.202000 158.309326
3200.250000 65.795364 0.202000 158.509323
3200.875000 65.995438 0.204000 158.709305
3202.125000 65.995438 0.204000 158.909317
3203.875000 66.200371 0.204000 159.109314
3204.875000 66.200371 0.204000 159.309280
3206.000000 66.200371 0.204000 159.509293
3206.750000 66.200371 0.204000 159.709335
3207.625000 66.200371 0.211000 159.909332
3209.500000 66.400398 0.211000 160.109314
3211.125000 66.400398 0.211000 160.309311
3212.375000 66.600426 0.211000 160.509323
3215.000000 66.600426 0.208000 160.709320
3216.000000 66.800453 0.208000 160.909286
3216.750000 66.800453 0.208000 161.109283
3217.250000 67.000481 0.208000 161.309311
3218.250000 67.000481 0.208000 161.509354
3219.625000 67.200508 0.204000 161.709305
3220.375000 67.200508 0.204000 161.909317
3221.625000 67.400536 0.204000 162.109299
3222.000000 67.400536 0.204000 162.309296
3222.625000 67.400536 0.204000 162.509338
3222.750000 67.400536 0.191000 162.709305
3223.375000 67.400536 0.191000 162.909317
3224.500000 67.600563 0.191000 163.109314
3225.625000 67.600563 0.191000 163.309280
3227.500000 67.800591 0.191000 163.509338
3229.375000 67.800591 0.192000 163.709305
3231.000000 68.000618 0.192000 163.909271
3232.500000 68.000618 0.192000 164.109314
3234.000000 68.000618 0.192000 164.309311
3236.750000 68.204514 0.192000 164.509308
3238.500000 68.204514 0.185000 164.709305
3239.875000 68.404541 0.185000 164.909332
3241.750000 68.404541 0.185000 165.109314
3243.875000 68.604599 0.185000 165.309280
3244.625000 68.604599 0.185000 165.509323
3246.375000 68.604599 0.191000 165.709320
3247.875000 68.604599 0.191000 165.909286
3248.500000 68.804642 0.191000 166.109329
3249.750000 68.804642 0.191000 166.309326
3250.125000 69.004700 0.191000 166.509384
3250.875000 69.004700 0.188000 166.709290
3252.125000 69.204758 0.188000 166.909332
3252.750000 69.204758 0.188000 167.109299
3253.500000 69.405586 0.188000 167.309296
3254.125000 69.405586 0.188000 167.509384
3254.625000 69.405586 0.192000 167.709320
3256.750000 69.610580 0.192000 167.909317
3259.000000 69.610580 0.192000 168.109283
3260.125000 69.815575 0.192000 168.309296
3260.625000 69.815575 0.192000 168.509293
3260.750000 69.815575 0.195000 168.709290
3262.125000 69.815575 0.195000 168.909332
3263.125000 69.815575 0.195000 169.109283
3264.000000 70.020561 0.195000 169.309296
3264.375000 70.020561 0.195000 169.509293
3266.000000 70.225548 0.189000 169.709320
3267.125000 70.225548 0.189000 169.909286
3269.125000 70.428040 0.189000 170.109299
3270.875000 70.428040 0.189000 170.309280
3271.750000 70.630531 0.189000 170.509308
3272.625000 70.630531 0.186000 170.709320
3274.625000 70.835526 0.186000 170.909302
3275.500000 70.835526 0.186000 171.109283
3277.375000 71.040466 0.186000 171.309280
3277.750000 71.040466 0.186000 171.509308
3278.500000 71.040466 0.193000 171.709290
3279.375000 71.040466 0.193000 171.909286
3280.000000 71.040466 0.193000 172.109283
3280.500000 71.040466 0.193000 172.309296
3280.625000 71.245445 0.193000 172.509323
3280.750000 71.245445 0.197000 172.709305
3281.500000 71.450432 0.197000 172.909317
3281.875000 71.450432 0.197000 173.109314
3282.000000 71.654251 0.197000 173.309341
3282.000000 71.654251 0.197000 173.509323
3282.125000 71.854744 0.184000 173.709320
3282.125000 71.854744 0.184000 173.909317
3282.500000 71.854744 0.184000 174.109329
3282.500000 72.059235 0.184000 174.309311
3282.500000 72.059235 0.184000 174.509323
3282.500000 72.264214 0.184000 174.709305
3282.500000 72.264214 0.184000 174.909286
3282.750000 72.469193 0.184000 175.109283
3283.625000 72.469193 0.184000 175.309311
3284.000000 72.670647 0.184000 175.509308
3284.250000 72.670647 0.193000 175.709290
3284.625000 72.875153 0.193000 175.909317
3284.750000 72.875153 0.193000 176.109299
3285.125000 72.875153 0.193000 176.309280
3285.125000 73.075684 0.193000 176.509338
3285.125000 73.075684 0.202000 176.709320
3285.125000 73.075684 0.202000 176.909302
3285.250000 73.075684 0.202000 177.109283
3285.250000 73.280212 0.202000 177.309311
3285.500000 73.280212 0.202000 177.509262
3285.875000 73.480240 0.196000 177.709290
3285.875000 73.480240 0.196000 177.909317
3286.125000 73.680275 0.196000 178.109283
3286.500000 73.680275 0.196000 178.309311
3287.750000 73.880310 0.196000 178.509277
3288.125000 73.880310 0.201000 178.709305
3288.500000 74.080345 0.201000 178.909302
3289.625000 74.080345 0.201000 179.109299
3289.875000 74.080345 0.201000 179.309311
3290.125000 74.280373 0.201000 179.509323
3290.500000 74.280373 0.197000 179.709320
3290.500000 74.280373 0.197000 179.909302
3290.750000 74.280373 0.197000 180.109283
3290.750000 74.280373 0.197000 180.309311
3290.875000 74.280373 0.197000 180.509384
3291.000000 74.280373 0.197000 180.709290
3291.125000 74.280373 0.197000 180.909317
3291.250000 74.484993 0.197000 181.109314
3292.000000 74.484993 0.197000 181.309311
3293.000000 74.484993 0.197000 181.509277
3294.875000 74.685822 0.186000 181.709320
3295.625000 74.685822 0.186000 181.909302
3296.500000 74.890816 0.186000 182.109314
3297.875000 74.890816 0.186000 182.309418
3300.250000 75.094704 0.186000 182.509293
3302.500000 75.094704 0.194000 182.709274
3303.625000 75.294716 0.194000 182.909363
3305.125000 75.294716 0.194000 183.109314
3307.125000 75.294716 0.194000 183.309280
3308.500000 75.498886 0.194000 183.509323
3310.500000 75.498886 0.207000 183.709305
3312.125000 75.699684 0.207000 183.909302
3313.375000 75.699684 0.207000 184.109344
3316.125000 75.899696 0.207000 184.309311
3319.750000 75.899696 0.207000 184.509308
3321.500000 76.099724 0.207000 184.709320
3322.750000 76.099724 0.191000 184.909302
3323.375000 76.300667 0.191000 185.109283
3324.750000 76.300667 0.191000 185.309357
3325.750000 76.500687 0.191000 185.509384
3327.875000 76.500687 0.223000 185.709335
3329.750000 76.500687 0.223000 185.909302
3331.125000 76.705551 0.223000 186.109314
3333.125000 76.705551 0.223000 186.309372
3334.750000 76.910416 0.223000 186.509323
3335.750000 76.910416 0.227000 186.709305
3336.750000 77.115311 0.227000 186.909348
3338.750000 77.115311 0.227000 187.109314
3341.000000 77.320259 0.227000 187.309296
3342.250000 77.320259 0.227000 187.509308
3343.250000 77.525208 0.230000 187.709320
3344.250000 77.525208 0.230000 187.909317
3348.125000 77.730156 0.230000 188.109360
3349.125000 77.730156 0.230000 188.309280
3350.875000 77.935104 0.230000 188.509277
3352.375000 77.935104 0.223000 188.709305
3354.250000 78.140045 0.223000 188.909317
3357.125000 78.140045 0.223000 189.109314
3360.250000 78.344994 0.223000 189.309311
3362.500000 78.344994 0.223000 189.509308
3364.250000 78.549934 0.231000 189.709290
3365.250000 78.549934 0.231000 189.909317
3365.375000 78.549934 0.231000 190.109314
3365.375000 78.549934 0.231000 190.309311
3365.375000 78.549934 0.231000 190.509308
3365.500000 78.549934 0.231000 190.729553
3366.000000 78.549934 0.231000 190.939667
3369.000000 78.750626 0.433000 191.139526
3371.125000 78.750626 0.433000 191.339432
3371.750000 78.951492 0.433000 191.539429
3374.375000 78.951492 0.433000 191.729309
3377.000000 79.155304 0.334000 191.929306
3377.625000 79.155304 0.334000 192.129288
3378.750000 79.360260 0.334000 192.329300
3381.625000 79.360260 0.334000 192.529297
3382.500000 79.564224 0.217000 192.729279
3385.000000 79.564224 0.217000 192.929321
3386.000000 79.766174 0.217000 193.129288
3386.750000 79.766174 0.217000 193.329315
3391.125000 79.971107 0.217000 193.529327
3392.625000 79.971107 0.213000 193.729309
3396.125000 80.172943 0.213000 193.929291
3396.500000 80.172943 0.213000 194.129288
3397.875000 80.172943 0.213000 194.329315
3400.625000 80.172943 0.213000 194.529297
3403.375000 80.373039 0.216000 194.729309
3406.750000 80.373039 0.216000 194.929306
3409.000000 80.576904 0.216000 195.129303
3411.875000 80.576904 0.216000 195.329315
3414.875000 80.777679 0.216000 195.529312
3418.125000 80.777679 0.216000 195.739548
3419.625000 80.981461 0.346000 195.939651
3422.750000 80.981461 0.346000 196.149582
3425.375000 81.186378 0.346000 196.349579
3427.875000 81.186378 0.346000 196.559555
3428.625000 81.186378 0.346000 196.749344
3428.750000 81.186378 0.351000 196.959305
3429.375000 81.389351 0.351000 197.149307
3431.750000 81.389351 0.351000 197.349304
3433.125000 81.591278 0.351000 197.549301
3437.125000 81.591278 0.230000 197.749298
3439.375000 81.591278 0.230000 197.949295
3440.875000 81.796188 0.230000 198.149292
3442.125000 81.796188 0.230000 198.349304
3444.875000 82.001099 0.230000 198.549301
3446.500000 82.001099 0.221000 198.749313
3449.250000 82.206009 0.221000 198.949326
3449.500000 82.206009 0.221000 199.149277
3449.750000 82.206009 0.221000 199.349319
3449.750000 82.206009 0.221000 199.549271
3449.875000 82.206009 0.221000 199.749359
3449.875000 82.206009 0.221000 199.949326
3450.125000 82.206009 0.221000 200.149338
3452.000000 82.206009 0.221000 200.349304
3454.250000 82.410904 0.221000 200.549286
3455.875000 82.410904 0.206000 200.749313
3457.875000 82.615799 0.206000 200.949310
3459.500000 82.615799 0.206000 201.149307
3461.750000 82.820694 0.206000 201.359329
3462.250000 82.820694 0.206000 201.549286
3465.250000 83.025589 0.218000 201.749283
3466.625000 83.025589 0.218000 201.949295
3468.000000 83.230484 0.218000 202.149277
3470.750000 83.230484 0.218000 202.349289
3473.125000 83.435379 0.218000 202.549286
3475.500000 83.435379 0.225000 202.749313
3477.375000 83.640274 0.225000 202.949310
3478.250000 83.640274 0.225000 203.149338
3480.000000 83.845169 0.225000 203.349289
3482.875000 83.845169 0.225000 203.559311
3485.250000 84.050064 0.225000 203.769608
3486.875000 84.050064 0.380000 203.979462
3488.375000 84.254959 0.380000 204.189438
3489.625000 84.254959 0.380000 204.389542
3492.000000 84.459854 0.380000 204.579453
3493.500000 84.459854 0.380000 204.779312
3495.750000 84.664749 0.292000 204.979279
3498.125000 84.664749 0.292000 205.179291
3500.000000 84.869637 0.292000 205.379288
3502.750000 84.869637 0.292000 205.579285
3503.125000 84.869637 0.235000 205.779312
3503.500000 84.869637 0.235000 205.979294
3505.750000 85.074593 0.235000 206.179321
3508.125000 85.074593 0.235000 206.379303
3511.000000 85.279541 0.235000 206.579330
3514.750000 85.279541 0.237000 206.779343
3518.375000 85.484489 0.237000 206.979324
3520.375000 85.484489 0.237000 207.179291
3523.750000 85.689438 0.237000 207.379303
3526.375000 85.689438 0.237000 207.579285
3531.375000 85.689438 0.247000 207.779282
3533.875000 85.893303 0.247000 207.979294
3537.125000 85.893303 0.247000 208.179291
3539.125000 86.098305 0.247000 208.379288
3539.625000 86.098305 0.247000 208.579285
3540.625000 86.098305 0.250000 208.779312
3541.500000 86.098305 0.250000 208.979309
3544.125000 86.298370 0.250000 209.179306
3547.375000 86.298370 0.250000 209.379288
3551.750000 86.298370 0.250000 209.579285
3553.625000 86.503357 0.245000 209.779312
3556.500000 86.503357 0.245000 209.979324
3558.625000 86.708344 0.245000 210.179291
3561.000000 86.708344 0.245000 210.379288
3564.000000 86.913330 0.245000 210.599365
3566.625000 86.913330 0.245000 210.809555
3570.000000 87.120819 0.441000 211.009613
3572.000000 87.120819 0.441000 211.220200
3573.125000 87.327316 0.441000 211.409409
3573.125000 87.327316 0.441000 211.599518
3573.250000 87.327316 0.346000 211.799332
3573.625000 87.327316 0.346000 211.999313
3576.250000 87.327316 0.346000 212.199310
3579.875000 87.528374 0.346000 212.399307
3581.250000 87.528374 0.346000 212.599319
3583.875000 87.733360 0.217000 212.799301
3586.500000 87.733360 0.217000 212.999329
3587.875000 87.938347 0.217000 213.199326
3591.500000 87.938347 0.217000 213.409286
3592.875000 88.138832 0.217000 213.599350
3596.000000 88.138832 0.219000 213.799316
3599.625000 88.339340 0.219000 213.999313
3603.000000 88.339340 0.219000 214.209290
3605.125000 88.539894 0.219000 214.399292
3605.375000 88.539894 0.219000 214.609283
3606.500000 88.539894 0.228000 214.799347
3608.125000 88.539894 0.228000 214.999283
3609.500000 88.539894 0.228000 215.209305
3612.000000 88.744446 0.228000 215.399307
3613.875000 88.744446 0.228000 215.609283
3615.500000 88.944511 0.228000 215.809341
3616.125000 88.944511 0.228000 216.009308
3617.750000 89.144577 0.228000 216.199326
3619.375000 89.144577 0.228000 216.409317
3621.625000 89.348381 0.228000 216.619522
3623.250000 89.348381 0.228000 216.829529
3624.250000 89.548401 0.318000 217.039566
3625.625000 89.548401 0.318000 217.239502
3626.625000 89.750397 0.318000 217.449554
3626.625000 89.750397 0.318000 217.639328
3626.625000 89.750397 0.383000 217.839325
3627.500000 89.750397 0.383000 218.039276
3628.875000 89.750397 0.383000 218.239304
3631.375000 89.953354 0.383000 218.439316
3632.875000 89.953354 0.222000 218.639328
3633.875000 90.153366 0.222000 218.839310
3636.875000 90.153366 0.222000 219.039307
3639.875000 90.353378 0.222000 219.239334
3643.125000 90.353378 0.222000 219.439331
3645.625000 90.553391 0.225000 219.639343
3646.750000 90.553391 0.225000 219.839325
3649.250000 90.753410 0.225000 220.039291
3651.125000 90.753410 0.225000 220.239319
3652.250000 90.955818 0.225000 220.439285
3652.375000 90.955818 0.225000 220.639297
3653.125000 90.955818 0.231000 220.839310
3653.875000 90.955818 0.231000 221.039291
3656.250000 91.158356 0.231000 221.239273
3658.000000 91.158356 0.231000 221.439316
3660.750000 91.363342 0.231000 221.649597
3662.375000 91.363342 0.231000 221.849472
3664.375000 91.568329 0.231000 222.049774
3665.750000 91.568329 0.316000 222.249588
3666.375000 91.568329 0.316000 222.449554
3666.375000 91.568329 0.316000 222.649277
3666.375000 91.568329 0.361000 222.849319
3666.500000 91.568329 0.361000 223.049301
3666.500000 91.568329 0.361000 223.249283
3666.500000 91.568329 0.361000 223.449295
3666.500000 91.568329 0.231000 223.649338
3666.625000 91.568329 0.231000 223.839310
3667.750000 91.568329 0.231000 224.039307
3670.125000 91.769073 0.231000 224.239304
3671.750000 91.769073 0.231000 224.439316
3673.000000 91.969940 0.221000 224.639343
3674.375000 91.969940 0.221000 224.839310
3676.875000 92.174835 0.221000 225.039322
3678.000000 92.174835 0.221000 225.239319
3679.750000 92.379723 0.221000 225.449326
3681.625000 92.379723 0.221000 225.639328
3683.750000 92.584610 0.231000 225.849304
3685.500000 92.584610 0.231000 226.049286
3687.000000 92.789497 0.231000 226.249283
3688.875000 92.789497 0.231000 226.449280
3691.875000 92.994385 0.231000 226.659531
3693.125000 92.994385 0.231000 226.859543
3694.125000 93.195175 0.405000 227.059540
3696.125000 93.195175 0.405000 227.249634
3697.375000 93.195175 0.405000 227.459518
3698.000000 93.195175 0.405000 227.649323
3698.125000 93.195175 0.405000 227.849319
3698.500000 93.195175 0.340000 228.049301
3698.750000 93.195175 0.340000 228.249283
3699.500000 93.397835 0.340000 228.449310
3701.000000 93.397835 0.340000 228.649338
3702.375000 93.601982 0.244000 228.849289
3703.875000 93.601982 0.244000 229.049301
3705.625000 93.802185 0.244000 229.249283
3708.750000 93.802185 0.244000 229.449326
3710.250000 94.004173 0.244000 229.649414
3711.500000 94.004173 0.241000 229.849380
3713.625000 94.208183 0.241000 230.049271
3715.125000 94.208183 0.241000 230.249313
3716.500000 94.409004 0.241000 230.449310
3717.250000 94.409004 0.241000 230.649307
3718.375000 94.612892 0.245000 230.849304
3720.500000 94.612892 0.245000 231.049301
3722.000000 94.812904 0.245000 231.249298
3724.250000 94.812904 0.245000 231.449280
3726.375000 95.012917 0.232000 231.649323
3727.125000 95.012917 0.232000 231.849319
3727.250000 95.012917 0.232000 232.049316
3728.250000 95.012917 0.232000 232.249283
3729.000000 95.214996 0.232000 232.449326
3730.375000 95.214996 0.232000 232.649307
3732.375000 95.415771 0.234000 232.849335
3734.000000 95.415771 0.234000 233.049301
3734.375000 95.616577 0.234000 233.249283
3736.000000 95.616577 0.234000 233.449310
3738.250000 95.816643 0.234000 233.649277
3739.125000 95.816643 0.222000 233.849319
3739.625000 95.816643 0.222000 234.049316
3740.625000 96.020424 0.222000 234.249313
3743.000000 96.020424 0.222000 234.449310
3743.250000 96.220856 0.222000 234.649292
3743.500000 96.220856 0.235000 234.849289
3743.500000 96.220856 0.235000 235.049286
3743.875000 96.220856 0.235000 235.249283
3746.000000 96.425308 0.235000 235.449371
3746.625000 96.425308 0.235000 235.649292
3749.250000 96.630211 0.232000 235.849289
3750.375000 96.630211 0.232000 236.049301
3751.000000 96.835114 0.232000 236.249283
3752.250000 96.835114 0.232000 236.449310
3755.250000 97.040016 0.226000 236.649338
3756.625000 97.040016 0.226000 236.849319
3757.250000 97.244919 0.226000 237.049286
3758.375000 97.244919 0.226000 237.249283
3759.125000 97.244919 0.226000 237.449295
3759.125000 97.244919 0.219000 237.649277
3759.750000 97.445885 0.219000 237.849304
3761.000000 97.445885 0.219000 238.049316
3761.625000 97.445885 0.219000 238.249298
3762.000000 97.649803 0.219000 238.449387
3763.000000 97.649803 0.214000 238.649292
3764.625000 97.852211 0.214000 238.849319
3766.500000 97.852211 0.214000 239.049286
3767.750000 98.054619 0.214000 239.249298
3768.625000 98.054619 0.214000 239.449295
3769.375000 98.259521 0.215000 239.649323
3771.125000 98.259521 0.215000 239.849319
3773.750000 98.464424 0.215000 240.049301
3774.375000 98.464424 0.215000 240.249329
3774.375000 98.464424 0.215000 240.449310
3774.375000 98.464424 0.215000 240.649292
3774.500000 98.464424 0.214000 240.849304
3774.750000 98.464424 0.214000 241.049316
3775.875000 98.664894 0.214000 241.249298
3776.625000 98.664894 0.214000 241.449295
3777.375000 98.869286 0.210000 241.649307
3779.250000 98.869286 0.210000 241.849319
3782.375000 99.074173 0.210000 242.049316
3783.125000 99.074173 0.210000 242.249329
3784.500000 99.279060 0.210000 242.449310
3786.750000 99.279060 0.209000 242.649307
3789.250000 99.483948 0.209000 242.849304
3791.250000 99.483948 0.209000 243.049286
3792.000000 99.688835 0.209000 243.249283
3793.000000 99.688835 0.209000 243.449295
3793.000000 99.688835 0.209000 243.649307
3793.000000 99.688835 0.217000 243.849304
3793.750000 99.688835 0.217000 244.049301
3795.375000 99.893799 0.217000 244.249283
3796.375000 99.893799 0.217000 244.449280
3797.625000 100.098686 0.216000 244.649277
3798.375000 100.098686 0.216000 244.849350
3801.500000 100.303574 0.216000 245.049286
3804.625000 100.303574 0.216000 245.249313
3805.750000 100.508461 0.216000 245.449371
3806.375000 100.508461 0.217000 245.649323
3807.750000 100.713348 0.217000 245.849350
3809.750000 100.713348 0.217000 246.049316
3812.000000 100.918236 0.217000 246.249329
3812.750000 100.918236 0.217000 246.449310
3812.875000 100.918236 0.217000 246.649277
3813.000000 100.918236 0.221000 246.849289
3813.625000 100.918236 0.221000 247.049301
3814.750000 101.123199 0.221000 247.249313
3815.625000 101.123199 0.221000 247.449280
3816.500000 101.328087 0.217000 247.649307
3818.125000 101.328087 0.217000 247.849289
3819.000000 101.532974 0.217000 248.049301
3820.750000 101.532974 0.217000 248.249298
3822.750000 101.737862 0.217000 248.449295
3823.875000 101.737862 0.213000 248.649292
3825.000000 101.942749 0.213000 248.849304
3826.375000 101.942749 0.213000 249.049332
3827.875000 101.942749 0.213000 249.249313
3828.250000 102.147636 0.213000 249.449310
3828.250000 102.147636 0.227000 249.649338
3828.875000 102.147636 0.227000 249.849274
3830.125000 102.352600 0.227000 250.049286
3831.500000 102.352600 0.227000 250.249313
3832.375000 102.352600 0.227000 250.449402
3834.250000 102.559990 0.217000 250.649292
3836.125000 102.559990 0.217000 250.849274
3837.250000 102.762383 0.217000 251.049316
3838.500000 102.762383 0.217000 251.249313
3840.625000 102.967270 0.217000 251.449310
3841.125000 102.967270 0.222000 251.649307
3842.625000 103.172157 0.222000 251.849304
3843.750000 103.172157 0.222000 252.049316
3844.625000 103.377045 0.222000 252.249329
3844.875000 103.377045 0.222000 252.449310
3844.875000 103.377045 0.219000 252.649292
3845.375000 103.377045 0.219000 252.849304
3847.000000 103.377045 0.219000 253.049301
3847.750000 103.582008 0.219000 253.249329
3849.000000 103.582008 0.219000 253.449341
3850.000000 103.786896 0.208000 253.649338
3851.500000 103.786896 0.208000 253.849289
3852.375000 103.991783 0.208000 254.049271
3853.625000 103.991783 0.208000 254.249283
3854.375000 104.196671 0.208000 254.449326
3855.500000 104.196671 0.219000 254.649323
3856.500000 104.401558 0.219000 254.849304
3859.500000 104.401558 0.219000 255.049301
3861.250000 104.603462 0.219000 255.249329
3861.375000 104.603462 0.219000 255.449356
3861.375000 104.603462 0.219000 255.649323
3861.500000 104.603462 0.226000 255.849319
3861.625000 104.603462 0.226000 256.049316
3862.000000 104.603462 0.226000 256.249329
3862.375000 104.806412 0.226000 256.449310
3865.375000 104.806412 0.226000 256.649292
3866.500000 105.011299 0.220000 256.849365
3867.750000 105.011299 0.220000 257.049286
3868.625000 105.216187 0.220000 257.249298
3869.000000 105.216187 0.220000 257.449341
3871.500000 105.421074 0.222000 257.649323
3872.250000 105.421074 0.222000 257.849335
3872.250000 105.421074 0.222000 258.049316
3872.250000 105.421074 0.222000 258.249329
3872.500000 105.421074 0.222000 258.449310
3873.000000 105.421074 0.222000 258.649292
3873.375000 105.621780 0.230000 258.849274
3873.750000 105.621780 0.230000 259.049316
3874.000000 105.826759 0.230000 259.249298
3875.000000 105.826759 0.230000 259.449341
3875.250000 105.826759 0.219000 259.649323
3876.375000 106.027603 0.219000 259.849304
3876.375000 106.027603 0.219000 260.049316
3877.125000 106.228439 0.219000 260.249329
3878.375000 106.228439 0.219000 260.449310
3879.375000 106.428452 0.224000 260.649384
3879.625000 106.428452 0.224000 260.849304
3879.875000 106.629318 0.224000 261.049316
3880.875000 106.629318 0.224000 261.249268
3881.250000 106.830254 0.224000 261.449280
3881.875000 106.830254 0.224000 261.649323
3882.375000 107.034050 0.240000 261.849274
3883.250000 107.034050 0.240000 262.049347
3883.500000 107.234848 0.240000 262.249298
3884.125000 107.234848 0.240000 262.449310
3884.875000 107.435837 0.221000 262.649353
3886.125000 107.435837 0.221000 262.849304
3887.250000 107.638824 0.221000 263.049316
3888.750000 107.638824 0.221000 263.249298
3889.375000 107.638824 0.221000 263.449341
3889.375000 107.638824 0.221000 263.649323
3889.375000 107.839851 0.231000 263.849274
3890.000000 107.839851 0.231000 264.049316
3891.625000 108.043877 0.231000 264.249298
3892.250000 108.043877 0.231000 264.449310
3892.375000 108.243912 0.229000 264.649323
3893.375000 108.243912 0.229000 264.849304
3893.500000 108.443947 0.229000 265.049286
3893.875000 108.443947 0.229000 265.249329
3894.000000 108.644775 0.229000 265.449280
3894.125000 108.644775 0.231000 265.649292
3894.375000 108.644775 0.231000 265.849335
3894.500000 108.852249 0.231000 266.049316
3895.000000 108.852249 0.231000 266.249329
3895.000000 108.852249 0.231000 266.459320
3895.125000 108.852249 0.231000 266.659363
3895.125000 108.852249 0.254000 266.859314
3895.125000 108.852249 0.254000 267.059296
3895.125000 108.852249 0.254000 267.259277
3895.125000 108.852249 0.254000 267.459320
3895.375000 109.052734 0.215000 267.659302
3896.750000 109.052734 0.215000 267.859283
3897.125000 109.052734 0.215000 268.059296
3897.250000 109.255180 0.215000 268.259277
3897.375000 109.255180 0.215000 268.459290
3897.500000 109.456093 0.213000 268.659302
3898.250000 109.456093 0.213000 268.859314
3899.625000 109.659882 0.213000 269.059296
3899.875000 109.659882 0.213000 269.259277
3900.375000 109.859894 0.213000 269.459320
3900.750000 109.859894 0.227000 269.659332
3901.750000 110.062897 0.227000 269.859283
3904.625000 110.062897 0.227000 270.059296
3905.250000 110.262909 0.227000 270.259338
3905.375000 110.262909 0.227000 270.459290
3906.875000 110.462929 0.227000 270.659302
3908.250000 110.462929 0.248000 270.859314
3909.625000 110.662949 0.248000 271.059326
3910.750000 110.662949 0.248000 271.259308
3911.125000 110.862968 0.248000 271.459320
3912.250000 110.862968 0.232000 271.659332
3913.125000 111.062973 0.232000 271.859283
3915.375000 111.062973 0.232000 272.059357
3915.750000 111.262978 0.232000 272.259308
3915.750000 111.262978 0.232000 272.459320
3915.750000 111.262978 0.210000 272.659332
3916.000000 111.262978 0.210000 272.859283
3916.625000 111.262978 0.210000 273.059296
3917.125000 111.467979 0.210000 273.259308
3917.750000 111.467979 0.210000 273.459320
3918.125000 111.668037 0.195000 273.669586
3919.625000 111.668037 0.195000 273.869537
3920.750000 111.868095 0.195000 274.069519
3921.750000 111.868095 0.195000 274.269531
3922.125000 112.068153 0.195000 274.469666
3923.125000 112.068153 0.195000 274.659546
3924.625000 112.268211 0.411000 274.859283
3925.875000 112.268211 0.411000 275.059265
3926.375000 112.468262 0.411000 275.259308
3926.375000 112.468262 0.411000 275.459320
3926.375000 112.468262 0.201000 275.659302
3926.500000 112.468262 0.201000 275.859314
3926.500000 112.468262 0.201000 276.059296
3926.750000 112.468262 0.201000 276.259308
3927.125000 112.468262 0.201000 276.459290
3927.250000 112.668785 0.197000 276.659302
3927.625000 112.668785 0.197000 276.859283
3928.750000 112.871262 0.197000 277.059357
3928.875000 112.871262 0.197000 277.259308
3929.000000 113.072098 0.197000 277.459381
3929.000000 113.072098 0.191000 277.659302
3929.125000 113.272232 0.191000 277.859314
3929.375000 113.272232 0.191000 278.059265
3929.500000 113.476143 0.191000 278.259460
3930.000000 113.476143 0.191000 278.459320
3930.375000 113.676208 0.202000 278.659302
3930.375000 113.676208 0.202000 278.859314
3930.875000 113.878983 0.202000 279.059326
3931.500000 113.878983 0.202000 279.259338
3932.375000 114.079773 0.202000 279.459320
3932.750000 114.079773 0.199000 279.659302
3932.875000 114.079773 0.199000 279.859314
3933.250000 114.283676 0.199000 280.059296
3933.500000 114.283676 0.199000 280.259308
3933.500000 114.483696 0.199000 280.459351
3935.250000 114.483696 0.199000 280.659302
3935.375000 114.687546 0.196000 280.859314
3936.000000 114.687546 0.196000 281.059296
3936.750000 114.891380 0.196000 281.259277
3938.625000 114.891380 0.196000 281.459320
3939.250000 115.096344 0.199000 281.659302
3940.500000 115.096344 0.199000 281.859283
3940.875000 115.301270 0.199000 282.059265
3941.750000 115.301270 0.199000 282.259277
3942.250000 115.506195 0.199000 282.459442
3942.875000 115.506195 0.197000 282.659332
3944.000000 115.709122 0.197000 282.859283
3944.125000 115.709122 0.197000 283.059296
3944.875000 115.910088 0.197000 283.259308
3945.250000 115.910088 0.197000 283.459290
3946.375000 116.115051 0.194000 283.659332
3947.500000 116.115051 0.194000 283.859283
3947.625000 116.320023 0.194000 284.059296
3949.500000 116.320023 0.194000 284.259338
3949.625000 116.320023 0.194000 284.459290
3949.625000 116.320023 0.198000 284.659302
3949.750000 116.320023 0.198000 284.859375
3949.750000 116.320023 0.198000 285.059296
3950.250000 116.526184 0.198000 285.259308
3950.500000 116.526184 0.198000 285.459290
3951.875000 116.730263 0.183000 285.659271
3953.125000 116.730263 0.183000 285.859314
3954.625000 116.931160 0.183000 286.069336
3955.125000 116.931160 0.183000 286.269409
3956.000000 117.131927 0.183000 286.459320
3956.250000 117.131927 0.196000 286.659302
3956.625000 117.335747 0.196000 286.859314
3956.875000 117.335747 0.196000 287.059296
3957.250000 117.535789 0.196000 287.259308
3958.750000 117.535789 0.196000 287.459320
3959.500000 117.739601 0.196000 287.659302
3960.500000 117.739601 0.207000 287.859314
3960.500000 117.739601 0.207000 288.059326
3960.500000 117.739601 0.207000 288.259338
3960.500000 117.739601 0.207000 288.459290
3960.625000 117.739601 0.214000 288.659302
3961.000000 117.739601 0.214000 288.869415
3961.375000 117.941521 0.214000 289.059265
3961.625000 117.941521 0.214000 289.259308
3962.125000 118.142456 0.214000 289.469299
3962.500000 118.142456 0.206000 289.659363
3962.750000 118.346413 0.206000 289.859314
3962.875000 118.346413 0.206000 290.059296
3963.500000 118.547180 0.206000 290.259308
3963.500000 118.547180 0.206000 290.459290
3963.875000 118.751205 0.208000 290.669312
3964.125000 118.751205 0.208000 290.869568
3964.375000 118.951401 0.208000 291.069580
3964.500000 118.951401 0.208000 291.269501
3964.750000 119.151680 0.208000 291.469452
3965.125000 119.151680 0.208000 291.669647
3965.625000 119.151680 0.426000 291.859344
3966.250000 119.352699 0.426000 292.069305
3967.000000 119.552902 0.426000 292.269287
3967.000000 119.552902 0.426000 292.459320
3967.000000 119.552902 0.209000 292.669281
3967.375000 119.552902 0.209000 292.869415
3967.625000 119.552902 0.209000 293.069305
3968.500000 119.753044 0.209000 293.269287
3968.625000 119.753044 0.209000 293.459290
3969.125000 119.953247 0.204000 293.669342
3969.125000 119.953247 0.204000 293.859314
3969.250000 120.153450 0.204000 294.069427
3969.375000 120.153450 0.204000 294.269287
3969.875000 120.353653 0.204000 294.469299
3970.125000 120.353653 0.201000 294.669312
3971.125000 120.553856 0.201000 294.859314
3971.375000 120.553856 0.201000 295.059