0.111457 0.167929 0.750000 0.000000 -0.000000 1.140119 0.000000
0.196758 0.352136 0.750000 0.000000 -0.000000 1.159571 0.409972
0.264127 0.541468 0.750000 0.000000 -0.000000 1.238361 0.819941
0.330996 0.735254 0.750000 0.000000 -0.000000 1.238550 1.229965
0.396600 0.926300 0.750000 0.000000 -0.000000 1.270679 1.639977
0.444102 1.122602 0.750000 0.000000 -0.000000 1.341387 2.049941
0.490675 1.322240 0.750000 0.000000 -0.000000 1.341642 2.459970
0.537241 1.521878 0.750000 0.000000 -0.000000 1.341642 2.869937
0.542463 1.722096 0.773865 0.000992 -0.004310 2.017809 4.320056
0.437541 1.893081 0.777270 -0.000257 -0.004826 2.227182 4.739968
0.313473 2.049946 0.780587 -0.000526 -0.004642 2.238711 5.139945
0.174868 2.199417 0.783395 -0.001321 -0.004275 2.345339 5.560018
0.035048 2.342424 0.784772 -0.002368 -0.004523 2.345050 5.959968
-0.104789 2.485418 0.785726 -0.003605 -0.004939 2.345051 6.359949
-0.244626 2.628412 0.786493 -0.004857 -0.005542 2.345052 6.759965
-0.351924 2.799173 0.787841 -0.003743 -0.008210 1.983121 7.289946
-0.425549 2.989362 0.789099 -0.003304 -0.009404 1.874376 7.709973
-0.480198 3.181747 0.790571 -0.003353 -0.010388 1.846493 8.109970
-0.522792 3.381053 0.792211 -0.002435 -0.011589 1.742460 8.530051
-0.557131 3.578083 0.794079 -0.002535 -0.012487 1.743294 8.929968
-0.577713 3.780856 0.795974 -0.001147 -0.013583 1.638058 9.349949
-0.602718 3.979445 0.799237 -0.005737 -0.013576 1.968843 9.889956
-0.711580 4.147911 0.802103 -0.009586 -0.012212 2.232183 10.419939
-0.833754 4.306256 0.804210 -0.009786 -0.012579 2.227324 10.819946
-0.955825 4.464680 0.806481 -0.009982 -0.012925 2.227308 11.219985
-1.077896 4.623105 0.808783 -0.010179 -0.013227 2.227308 11.619946
-1.208921 4.779206 0.811160 -0.011720 -0.012218 2.333372 12.039965
-1.346307 4.924552 0.813580 -0.011766 -0.012395 2.327305 12.439976
-1.483295 5.070933 0.815987 -0.010911 -0.013260 2.249740 12.849969
-1.574105 5.249547 0.818356 -0.006099 -0.016115 1.929556 13.364918
-1.643960 5.439616 0.820960 -0.006015 -0.016213 1.924031 13.770061
-1.698925 5.635938 0.825247 -0.004365 -0.016807 1.821172 14.190996
-1.742693 5.835009 0.828342 -0.002497 -0.017166 1.713121 14.609974
-1.771882 6.032867 0.831442 -0.002506 -0.017093 1.718116 15.009968
-1.794635 6.232431 0.834635 -0.000811 -0.017126 1.624132 15.419975
-1.806353 6.432073 0.837934 -0.001771 -0.016881 1.690565 15.839957
-1.897907 6.613005 0.841880 -0.008321 -0.014518 2.098353 16.570101
-2.014532 6.780217 0.845731 -0.009580 -0.013345 2.202878 16.990749
-2.132703 6.941579 0.848360 -0.009392 -0.013119 2.202975 17.390049
-2.258652 7.101845 0.850999 -0.010504 -0.011779 2.310935 17.809940
-2.392916 7.250078 0.853531 -0.010171 -0.011557 2.305939 18.209969
-2.535520 7.395686 0.855923 -0.011021 -0.010099 2.414572 18.629972
-2.684156 7.529503 0.858113 -0.010556 -0.009859 2.407819 19.029959
-2.832681 7.663437 0.860264 -0.010124 -0.009568 2.407779 19.429941
-2.939026 7.833123 0.864024 -0.002753 -0.012646 1.813230 20.469969
-2.969387 8.034585 0.865653 -0.000836 -0.012465 1.666859 20.889938
-2.988943 8.233636 0.867528 -0.000863 -0.011856 1.668814 21.289940
-3.006719 8.436820 0.869427 -0.000001 -0.011120 1.592490 21.709969
-3.005561 8.641786 0.871126 0.000329 -0.010165 1.564090 22.119991
-3.004200 8.842259 0.872600 0.000256 -0.009035 1.563992 22.570238
-3.002814 9.046729 0.874519 0.000045 -0.007085 1.563988 23.289967
-3.001426 9.251695 0.875323 -0.000094 -0.006021 1.563981 23.699968
-3.000029 9.456660 0.876060 -0.000261 -0.004891 1.563978 24.109959
-2.998631 9.661626 0.876767 -0.000461 -0.003790 1.563978 24.519943
-2.997235 9.866591 0.877365 -0.000614 -0.002819 1.563980 24.929943
-3.004989 10.067718 0.877522 -0.001238 -0.000362 2.000434 26.221886
-3.111178 10.242712 0.877129 -0.000963 0.000367 2.192189 28.069944
-3.230225 10.409598 0.876983 -0.000923 0.000383 2.190223 28.479948
-3.357862 10.568463 0.876780 -0.000814 0.000476 2.294929 28.900005
-3.490110 10.718510 0.876710 -0.000748 0.000413 2.293164 29.299961
-3.622346 10.868580 0.876582 -0.000711 0.000287 2.293171 29.699953
-3.766381 11.012770 0.876402 -0.000671 0.000227 2.397340 30.120018
-3.917015 11.151811 0.876400 -0.000675 0.000127 2.396134 30.529945
-4.058443 11.293881 0.876458 -0.000640 -0.000177 2.164238 31.029982
-4.153478 11.474555 0.876478 -0.000597 -0.000386 1.945414 31.469969
-4.207140 11.667432 0.876607 -0.000293 -0.000604 1.781230 31.880022
-4.238665 11.868760 0.876851 0.000358 -0.000751 1.675619 32.299976
-4.247839 12.072343 0.877075 0.000928 -0.000769 1.574327 32.719959
-4.235907 12.275829 0.877305 0.001314 -0.000661 1.479679 33.139954
-4.217558 12.478001 0.877732 0.001325 -0.000475 1.480237 33.959942
-4.199295 12.679197 0.877947 0.001085 -0.000398 1.480231 34.370083
-4.191564 12.883850 0.878640 0.000012 -0.000246 1.567754 36.179970
-4.190927 13.088816 0.878704 -0.000003 -0.000168 1.567705 36.589993
-4.190301 13.293781 0.878664 -0.000139 -0.000008 1.567698 36.999939
-4.189675 13.498747 0.878357 -0.000273 0.000052 1.567686 37.409950
-4.173792 13.699160 0.877525 -0.000532 -0.000254 1.150009 38.279964
-4.073390 13.877619 0.877245 -0.000790 -0.000554 1.013752 38.709961
-3.963363 14.049317 0.877252 -0.000851 -0.000779 0.930264 39.129951
-3.838021 14.211530 0.877572 -0.000856 -0.000834 0.913902 39.539970
-3.700340 14.365211 0.877931 -0.000777 -0.000845 0.811760 39.964916
-3.561051 14.512212 0.878254 -0.000761 -0.000748 0.812176 40.369972
-3.416641 14.656106 0.878338 -0.000614 -0.000599 0.707124 40.789993
-3.261255 14.789821 0.878500 -0.000484 -0.000396 0.712178 41.199944
-3.110128 14.924245 0.878817 -0.000246 -0.000059 0.910358 42.009945
-3.054377 15.119639 0.878926 -0.000062 0.000078 1.350683 42.779984
-3.026441 15.321604 0.879173 0.000202 -0.000019 1.453352 43.199966
-3.002565 15.524684 0.879347 0.000293 -0.000136 1.461814 43.609978
-2.997092 15.729038 0.879491 0.000317 -0.000290 1.555110 44.029942
-2.993962 15.934004 0.879477 0.000407 -0.000280 1.555578 44.439976
-2.959384 16.133299 0.879359 0.000644 0.000254 1.101658 45.379978
-2.848126 16.301403 0.879125 0.000632 0.000741 0.889665 45.800026
-2.719679 16.461149 0.878855 0.000599 0.001068 0.894507 46.209949
-2.585990 16.614967 0.878516 0.000421 0.001427 0.787784 46.629967
-2.442225 16.761093 0.878235 0.000368 0.001562 0.794339 47.039978
-2.298569 16.907330 0.878028 0.000289 0.001557 0.794379 47.449944
-2.154913 17.053566 0.877948 0.000229 0.001406 0.794394 47.859936
-2.011270 17.199802 0.877897 0.000146 0.001185 0.794405 48.269974
-1.867625 17.346039 0.877864 0.000057 0.000952 0.794416 48.679966
-1.723979 17.492275 0.877887 -0.000013 0.000708 0.794432 49.089970
-1.580341 17.638512 0.877893 -0.000077 0.000491 0.794445 49.499973
-1.436705 17.784748 0.877854 -0.000163 0.000339 0.794460 49.909962
-1.293069 17.930984 0.877806 -0.000234 0.000224 0.794478 50.319962
-1.149433 18.077221 0.877674 -0.000290 0.000097 0.794499 50.729961
-1.005806 18.223457 0.877514 -0.000333 -0.000034 0.794519 51.139980
-0.862179 18.369694 0.877497 -0.000361 -0.000091 0.794546 51.549961
-0.713231 18.504932 0.877558 -0.000327 -0.000217 0.529307 52.079964
-0.527878 18.589149 0.877561 -0.000252 -0.000248 0.314073 52.509975
-0.332131 18.633842 0.877420 -0.000203 -0.000256 0.182972 52.919960
-0.129699 18.657549 0.877343 -0.000169 -0.000266 0.080483 53.339962
0.074126 18.659161 0.877359 -0.000142 -0.000250 -0.021092 53.759945
0.278882 18.650908 0.877222 -0.000094 -0.000200 -0.098510 54.169952
0.480146 18.644556 0.877455 0.000235 0.000124 0.378997 55.269970
0.660029 18.739895 0.877684 0.000357 0.000141 0.600047 55.709965
0.826204 18.859934 0.877928 0.000364 0.000153 0.626598 56.119961
0.988201 18.977274 0.878135 0.000307 0.000134 0.626654 56.519947
1.144914 19.107607 0.878298 0.000262 0.000089 0.727729 56.939945
1.294383 19.240505 0.878374 0.000225 0.000112 0.726824 57.340023
1.436283 19.386824 0.878383 0.000217 0.000133 0.831890 57.759960
1.571039 19.534636 0.878320 0.000222 0.000198 0.831511 58.160000
1.708207 19.681728 0.878060 0.000180 0.000287 0.420309 59.149963
1.904374 19.738136 0.877904 0.000134 0.000304 0.205835 59.649971
2.105584 19.770508 0.877664 0.000094 0.000258 0.105271 60.070007
2.309367 19.792797 0.877372 0.000013 0.000155 0.109214 60.479946
2.512886 19.803364 0.877076 -0.000100 0.000013 0.004497 60.899956
2.712890 19.804575 0.876669 -0.000205 -0.000134 0.006295 61.299938
2.912891 19.805811 0.876128 -0.000489 -0.000369 0.006342 62.039951
3.112896 19.807032 0.876068 -0.000629 -0.000404 0.006391 62.439968
3.312900 19.808252 0.876259 -0.000754 -0.000371 0.006444 62.839989
3.512905 19.809521 0.876602 -0.000923 -0.000390 0.006497 63.239983
3.712909 19.810816 0.877134 -0.001066 -0.000423 0.006497 63.639961
3.912914 19.812109 0.877428 -0.001228 -0.000442 0.006503 64.039986
4.112914 19.813398 0.877175 -0.001485 -0.000566 0.006459 65.039970
4.312918 19.814657 0.876836 -0.001530 -0.000642 0.006476 65.439980
4.512923 19.815960 0.876572 -0.001511 -0.000739 0.006473 65.839943
4.712927 19.817259 0.876671 -0.001460 -0.000845 0.006473 66.239975
4.912932 19.818556 0.877031 -0.001403 -0.000933 0.006473 66.639977
5.112936 19.819851 0.877450 -0.001321 -0.000890 0.006469 67.039978
5.313062 19.842411 0.878208 -0.001291 -0.000092 0.441006 68.309990
5.488058 19.948357 0.878168 -0.001239 0.000238 0.653807 68.739960
5.645556 20.077848 0.878093 -0.001216 0.000397 0.762422 69.159966
5.792570 20.220715 0.878119 -0.001225 0.000447 0.770223 69.569954
5.936117 20.360027 0.878288 -0.001221 0.000470 0.770205 69.969986
6.079664 20.499340 0.878442 -0.001180 0.000492 0.770163 70.369965
6.223212 20.638653 0.878394 -0.001137 0.000480 0.770115 70.769997
6.332647 20.810314 0.878109 -0.000897 0.000865 1.152310 71.319939
6.408541 20.999586 0.877824 -0.000788 0.000968 1.261611 71.739937
6.468288 21.195669 0.877656 -0.000658 0.000863 1.273623 72.149979
6.513052 21.394531 0.877618 -0.000408 0.000723 1.375606 72.569954
6.546923 21.595573 0.877552 -0.000118 0.000445 1.480336 72.989990
6.565668 21.794718 0.877514 -0.000055 0.000324 1.475292 73.389969
6.584741 21.993845 0.877342 0.000087 -0.000019 1.475280 73.789986
6.654123 22.185434 0.877184 0.000207 -0.000094 1.085607 74.339981
6.766760 22.352608 0.877241 0.000265 -0.000074 0.873489 74.759941
6.899334 22.508953 0.877430 0.000293 -0.000068 0.869050 75.169968
7.028462 22.661694 0.877696 0.000287 -0.000038 0.869040 75.569969
7.172329 22.806141 0.878052 0.000253 0.000038 0.764445 75.989975
7.320315 22.947998 0.878204 0.000177 0.000092 0.764213 76.399979
7.464702 23.086395 0.878318 0.000146 0.000106 0.764210 76.799980
7.609088 23.224792 0.878395 0.000113 0.000115 0.764207 77.199966
7.753474 23.363190 0.878392 0.000056 0.000174 0.764205 77.599991
7.897861 23.501587 0.878293 -0.000013 0.000258 0.764201 77.999985
8.042258 23.639984 0.878159 -0.000086 0.000313 0.764201 78.399956
8.186657 23.778381 0.878014 -0.000176 0.000354 0.764202 78.799988
8.331047 23.916779 0.877971 -0.000277 0.000349 0.764201 79.199997
8.475444 24.055176 0.877861 -0.000415 0.000313 0.764201 79.599945
8.619836 24.193573 0.877804 -0.000527 0.000271 0.764201 79.999939
8.764230 24.331970 0.877682 -0.000560 0.000193 0.764200 80.400040
8.906234 24.473429 0.877586 -0.000533 0.000200 0.889779 80.849976
8.979397 24.660223 0.877474 -0.000366 0.000358 1.386541 81.559967
8.999722 24.860052 0.877421 -0.000287 0.000302 1.493023 81.969978
9.015305 25.059484 0.877411 -0.000144 0.000167 1.492935 82.369965
9.014721 25.263344 0.877339 0.000043 -0.000024 1.594434 82.789993
9.009820 25.468231 0.877150 0.000066 -0.000051 1.594782 83.199966
9.004945 25.671120 0.877090 -0.000025 0.000074 1.594772 83.909981
9.000091 25.873009 0.877182 -0.000018 0.000088 1.594762 84.329971
8.995164 26.077896 0.877470 0.000086 0.000037 1.594748 84.739967
8.990237 26.282784 0.877692 0.000220 -0.000045 1.594731 85.149963
8.985311 26.487671 0.877798 0.000374 -0.000179 1.594711 85.559990
8.980384 26.692558 0.877542 0.000545 -0.000374 1.594678 85.969933
8.975588 26.892948 0.876153 0.001005 -0.000831 1.594642 87.169975
8.970728 27.097336 0.875843 0.001117 -0.000903 1.594640 87.579994
8.965841 27.302223 0.875995 0.001288 -0.001061 1.594642 87.989998
8.960965 27.507111 0.876601 0.001350 -0.001140 1.594636 88.399971
8.956117 27.711498 0.877272 0.001320 -0.001165 1.586742 88.809967
8.968199 27.915577 0.877843 0.001376 -0.001072 1.500693 89.229965
8.982588 28.120018 0.878190 0.001296 -0.001123 1.500522 90.019966
8.996977 28.324436 0.878115 0.001228 -0.001079 1.500522 90.430038
9.011366 28.528854 0.877966 0.001166 -0.001027 1.500522 90.839973
9.025019 28.729317 0.878166 0.001056 -0.000997 1.540858 91.250008
9.019429 28.932230 0.878705 0.000899 -0.001017 1.605064 91.659973
9.012563 29.132120 0.879363 0.000776 -0.000951 1.605219 92.059975
8.984898 29.332775 0.880293 0.000270 -0.000817 1.882571 93.199982
8.900682 29.514862 0.880414 0.000082 -0.000806 2.105800 93.619980
8.785880 29.681032 0.880514 0.000026 -0.000841 2.184462 94.029991
8.661076 29.842115 0.880645 -0.000100 -0.000667 2.293237 94.449974
8.529333 29.992632 0.880827 -0.000214 -0.000258 2.289460 94.849937
8.387714 30.139204 0.880739 -0.000330 0.000261 2.395243 95.269943
8.237331 30.277021 0.880421 -0.000382 0.000686 2.457604 95.690056
8.074183 30.401134 0.879929 -0.000424 0.001072 2.492508 96.099968
7.915184 30.525347 0.878908 -0.000901 0.001539 2.294704 97.010033
7.853781 30.717287 0.878597 -0.001755 0.000868 1.754106 97.789978
7.816684 30.913841 0.878466 -0.001817 0.000768 1.758806 98.190002
7.795852 31.116688 0.878400 -0.001917 0.000445 1.657511 98.609947
7.786396 31.320286 0.878323 -0.001915 0.000142 1.548331 99.029938
7.789668 31.520304 0.878180 -0.001815 0.000133 1.555374 99.429970
7.753293 31.717220 0.877956 -0.001387 0.000969 2.078840 100.389969
7.641345 31.884054 0.877883 -0.001173 0.001041 2.177274 100.799980
7.527270 32.048347 0.877818 -0.001014 0.001064 2.177818 101.199966
7.396653 32.204945 0.877694 -0.000751 0.001169 2.279145 101.619972
7.263213 32.360500 0.877617 -0.000583 0.001097 2.279644 102.029938
7.123697 32.509037 0.877527 -0.000296 0.001012 2.388122 102.449936
6.974683 32.649750 0.877569 -0.000108 0.000834 2.384132 102.859970
6.825748 32.790512 0.877648 0.000113 0.000608 2.384053 103.269951
6.693604 32.941341 0.877610 0.000517 0.000307 1.889097 104.499985
6.647378 33.138805 0.877693 0.000555 0.000283 1.760645 104.919968
6.611925 33.339550 0.877723 0.000547 0.000251 1.674031 105.339935
6.594357 33.538811 0.877644 0.000531 0.000162 1.659247 105.739975
6.591258 33.742569 0.877601 0.000482 0.000126 1.557035 106.159958
6.593945 33.947456 0.877436 0.000392 0.000019 1.557592 106.569977
6.596648 34.152420 0.877031 0.000079 -0.000181 1.557589 107.299965
6.599346 34.357307 0.876906 -0.000097 -0.000240 1.557582 107.709969
6.602044 34.562195 0.876969 -0.000268 -0.000257 1.557573 108.119942
6.604742 34.767082 0.877186 -0.000439 -0.000324 1.557562 108.529968
6.607440 34.971970 0.877374 -0.000600 -0.000400 1.557549 108.939957
6.610152 35.176857 0.877400 -0.000761 -0.000445 1.557547 109.349968
6.467542 35.317970 0.877082 -0.000811 0.000865 2.835247 111.099976
6.270854 35.371922 0.877151 -0.000705 0.000920 2.937937 111.519989
6.069639 35.405018 0.877232 -0.000553 0.000942 3.049294 111.939964
5.866064 35.416378 0.877265 -0.000333 0.000808 -3.124464 112.359962
5.661136 35.411465 0.877377 -0.000160 0.000474 -3.118358 112.769981
5.456209 35.406773 0.877508 0.000014 0.000059 -3.118257 113.179955
5.251283 35.402081 0.877749 -0.000008 -0.000688 -3.118171 113.590034
5.046356 35.397388 0.877735 -0.000351 -0.001019 -3.118067 113.999969
4.841430 35.392696 0.877812 -0.000782 -0.001242 -3.117944 114.409981
4.636503 35.387890 0.878082 -0.001112 -0.001364 -3.117930 114.819977
4.431577 35.383121 0.878440 -0.001231 -0.001305 -3.117946 115.229973
4.226645 35.378223 0.878935 -0.001131 -0.000911 -3.117957 116.139969
4.021718 35.373386 0.878907 -0.001171 -0.000556 -3.117960 116.550049
3.821773 35.368660 0.878730 -0.001200 -0.000244 -3.117958 116.949974
3.621825 35.363941 0.878548 -0.001173 -0.000144 -3.117961 117.349937
3.417934 35.363754 0.878416 -0.001131 -0.000240 3.072869 117.769966
3.218459 35.378254 0.878329 -0.001112 -0.000212 3.069755 118.169945
3.026013 35.319752 0.878197 -0.000873 0.000514 -2.611253 119.519997
2.855741 35.214828 0.878252 -0.000661 0.000255 -2.588940 119.919937
2.689899 35.096348 0.878329 -0.000476 0.000023 -2.485172 120.339958
2.531379 34.974316 0.878311 -0.000407 -0.000071 -2.485815 120.739952
2.379448 34.838436 0.878390 -0.000461 -0.000043 -2.380761 121.159935
2.234536 34.700497 0.878641 -0.000509 0.000020 -2.381188 121.559967
2.090583 34.556076 0.878744 -0.000526 0.000125 -2.279053 121.979988
1.960402 34.404213 0.878824 -0.000567 0.000155 -2.281138 122.380051
1.927633 34.605103 0.878804 -0.000500 0.000651 -1.541462 123.829956
1.908963 34.807217 0.879070 -0.000458 0.000697 -1.471126 124.239975
1.888047 35.011120 0.879226 -0.000452 0.000674 -1.437079 124.649940
1.852011 35.211842 0.879335 -0.000458 0.000543 -1.388078 125.059944
1.815117 35.412399 0.879351 -0.000553 0.000365 -1.412596 126.229942
1.798007 35.612682 0.879385 -0.000616 0.000321 -1.496159 126.639961
1.783174 35.812267 0.879464 -0.000647 0.000232 -1.496613 127.039970
1.777794 36.016029 0.879616 -0.000703 -0.000025 -1.608298 127.459915
1.784556 36.220917 0.879461 -0.000722 -0.000240 -1.603420 127.869949
1.791141 36.422813 0.879428 -0.000690 -0.000479 -1.603396 128.279984
1.797759 36.625771 0.879485 -0.000568 -0.000932 -1.603393 129.239975
1.804440 36.830658 0.879531 -0.000512 -0.001151 -1.603393 129.649994
1.811120 37.035545 0.879351 -0.000394 -0.001322 -1.603393 130.059967
1.817800 37.240433 0.879025 -0.000147 -0.001288 -1.603393 130.469955
1.824480 37.445320 0.878640 0.000197 -0.001090 -1.603393 130.880066
1.824463 37.645737 0.878392 0.000228 -0.000911 -1.539683 131.329971
1.818105 37.850174 0.878124 0.000048 -0.000632 -1.539678 132.289978
1.811727 38.055061 0.878115 -0.000022 -0.000522 -1.539678 132.699966
1.805349 38.259949 0.878034 -0.000053 -0.000404 -1.539678 133.109970
1.798971 38.464836 0.877780 -0.000048 -0.000308 -1.539678 133.519958
1.792592 38.669724 0.877522 -0.000033 -0.000219 -1.539677 133.929947
1.786339 38.870674 0.877460 0.000045 -0.000004 -1.539678 134.919937
1.779993 39.074577 0.877570 0.000110 0.000012 -1.539677 135.340042
1.773614 39.279465 0.877912 0.000175 0.000048 -1.539677 135.749969
1.767235 39.484352 0.878393 0.000204 0.000182 -1.539677 136.159958
1.760857 39.689240 0.879048 0.000163 0.000413 -1.539677 136.569977
1.769614 39.892948 0.879696 0.000085 0.000737 -1.633718 136.989960
1.782534 40.097523 0.879883 0.000232 0.000765 -1.633942 137.999985
1.795467 40.302097 0.879843 0.000280 0.000703 -1.633944 138.409958
1.808400 40.506672 0.879884 0.000318 0.000624 -1.633946 138.820007
1.821333 40.711246 0.880006 0.000317 0.000546 -1.633948 139.229965
1.825161 40.915005 0.880111 0.000361 0.000453 -1.528556 139.649963
1.817716 41.114895 0.880205 0.000363 0.000499 -1.534200 140.049988
1.810220 41.319706 0.880203 0.000396 0.000602 -1.534232 141.019989
1.802905 41.519596 0.880109 0.000398 0.000606 -1.534233 141.419983
1.795590 41.719486 0.880149 0.000412 0.000635 -1.534235 141.819962
1.788275 41.919376 0.880332 0.000416 0.000668 -1.534236 142.219955
1.780961 42.119267 0.880566 0.000414 0.000690 -1.534239 142.619965
1.773650 42.319157 0.880729 0.000410 0.000572 -1.534237 143.020004
1.776993 42.524120 0.880708 0.000377 0.000388 -1.600312 144.070023
1.783044 42.729008 0.880616 0.000364 0.000306 -1.600311 144.479965
1.789095 42.933895 0.880678 0.000360 0.000255 -1.600310 144.889969
1.795146 43.138783 0.880836 0.000374 0.000208 -1.600307 145.299957
1.801196 43.343670 0.880990 0.000386 0.000170 -1.600305 145.709961
1.807247 43.548557 0.880959 0.000377 0.000095 -1.600299 146.119965
1.777803 43.748520 0.880421 0.000304 -0.000119 -1.139252 147.389999
1.672369 43.920364 0.880308 0.000253 -0.000262 -0.929133 147.810013
1.553325 44.081081 0.880258 0.000314 -0.000371 -0.934102 148.209961
1.418507 44.234070 0.880221 0.000346 -0.000579 -0.832366 148.629990
1.280464 44.385555 0.880161 0.000515 -0.000743 -0.831996 149.039963
1.136298 44.529602 0.879913 0.000568 -0.000927 -0.725847 149.459976
0.987093 44.662861 0.879472 0.000717 -0.000978 -0.729005 149.859970
0.837919 44.796223 0.879065 0.000884 -0.001028 -0.728902 150.259949
0.694184 44.935459 0.878457 0.001374 -0.000599 -1.091577 151.180237
0.608161 45.118965 0.878101 0.001418 -0.000663 -1.023281 153.119965
0.486524 45.279732 0.877996 0.001266 -0.000908 -0.812659 153.539978
0.340359 45.421894 0.877884 0.001139 -0.000998 -0.697484 153.959946
0.182139 45.552216 0.877768 0.001087 -0.000960 -0.690084 154.369934
0.024043 45.682671 0.877403 0.000891 -0.000742 -0.690092 156.180084
-0.127520 45.814102 0.877404 0.000318 -0.000277 -0.960423 158.380081
-0.218530 45.992939 0.877512 0.000249 -0.000152 -1.163398 158.869995
-0.298533 46.180576 0.877522 0.000172 -0.000089 -1.225421 159.289963
-0.359564 46.371071 0.877620 0.000131 -0.000052 -1.263028 159.689972
-0.420129 46.561806 0.877782 0.000100 0.000038 -1.263136 160.089981
-0.470275 46.756275 0.877846 0.000063 0.000139 -1.372996 160.559982
-0.510169 46.955425 0.877839 -0.000056 0.000101 -1.372982 162.109940
-0.549477 47.151653 0.877752 -0.000226 -0.000043 -1.372950 162.509964
-0.577708 47.353493 0.877724 -0.000393 -0.000287 -1.472108 162.929932
-0.598138 47.557442 0.877824 -0.000498 -0.000426 -1.470972 163.340012
-0.603673 47.761127 0.877953 -0.000475 -0.000502 -1.574277 163.759964
-0.603043 47.966015 0.877976 -0.000489 -0.000553 -1.573915 164.169937
-0.602402 48.170902 0.877903 -0.000472 -0.000584 -1.573915 164.580078
-0.601762 48.375790 0.877610 -0.000452 -0.000651 -1.573913 164.989990
-0.601123 48.580753 0.876359 -0.000268 -0.000575 -1.573912 166.939972
-0.600483 48.785641 0.876141 -0.000192 -0.000491 -1.573911 167.349960
-0.599842 48.990528 0.875988 -0.000101 -0.000344 -1.573910 167.759949
-0.599204 49.195415 0.875941 -0.000004 -0.000193 -1.573908 168.169968
-0.598567 49.400303 0.875899 0.000037 -0.000101 -1.573907 168.579987
-0.597930 49.605190 0.875849 0.000023 -0.000007 -1.573907 168.989975
-0.597295 49.810078 0.876176 0.000023 0.000196 -1.573907 169.399979
-0.596660 50.015041 0.877079 0.000048 0.000521 -1.573907 171.209961
-0.596024 50.219929 0.877198 0.000084 0.000598 -1.573907 171.619965
-0.595389 50.424816 0.877363 0.000089 0.000710 -1.573907 172.029968
-0.594757 50.628712 0.877606 0.000142 0.000861 -1.573908 172.439941
-0.594133 50.829670 0.878202 0.000319 0.001035 -1.573908 174.039948
-0.593497 51.034557 0.878581 0.000394 0.000975 -1.573907 174.449951
-0.592862 51.239445 0.878983 0.000468 0.000975 -1.573907 174.859985
-0.592226 51.444332 0.879208 0.000535 0.000972 -1.573907 175.269974
-0.591591 51.649220 0.879239 0.000581 0.001014 -1.573907 175.679962
-0.590955 51.854107 0.879238 0.000642 0.001005 -1.573907 176.089951
-0.588271 52.056362 0.879357 0.000514 0.000910 -1.752773 176.989990
-0.498240 52.235687 0.879497 0.000201 0.000820 -2.147065 177.619934
-0.374335 52.396412 0.879576 0.000098 0.000685 -2.270319 178.039963
-0.234848 52.542454 0.879610 -0.000060 0.000514 -2.340933 178.449951
-0.092093 52.689472 0.879743 -0.000198 0.000298 -2.341124 178.859940
0.050658 52.836491 0.879828 -0.000346 0.000087 -2.341055 179.269989
0.193398 52.983509 0.879735 -0.000452 -0.000106 -2.340985 179.679947
0.312924 53.145676 0.879395 -0.000734 -0.000207 -2.045064 180.209976
0.390071 53.331192 0.879149 -0.000936 -0.000273 -1.950174 180.619949
0.457525 53.523518 0.878951 -0.001114 -0.000241 -1.842864 181.039948
0.511804 53.717091 0.878758 -0.001254 -0.000240 -1.807485 181.449966
0.548151 53.916840 0.878647 -0.001330 -0.000168 -1.744186 181.859970
0.572555 54.119198 0.878463 -0.001351 -0.000048 -1.633595 182.279984
0.585831 54.318783 0.878232 -0.001340 -0.000128 -1.637521 182.679977
0.599168 54.518368 0.878159 -0.001365 -0.000214 -1.637539 183.079941
0.612505 54.717953 0.878299 -0.001343 -0.000250 -1.637542 183.479965
0.625846 54.917538 0.878556 -0.001290 -0.000197 -1.637544 183.879959
0.628662 55.121319 0.878760 -0.001268 0.000034 -1.532200 184.299942
0.621550 55.321209 0.878829 -0.001248 0.000125 -1.535388 184.699982
0.614473 55.521099 0.878648 -0.001291 0.000231 -1.535397 185.099960
0.641085 55.721718 0.877887 -0.001448 -0.000444 -2.141613 186.309967
0.754953 55.889740 0.877754 -0.001495 -0.000483 -2.167017 186.719971
0.879823 56.050800 0.877629 -0.001493 -0.000724 -2.270625 187.139999
1.008427 56.203991 0.877503 -0.001573 -0.000826 -2.269286 187.539948
1.137040 56.357189 0.877354 -0.001624 -0.000887 -2.269300 187.939957
1.279107 56.503376 0.877133 -0.001504 -0.001083 -2.372628 188.359970
1.422778 56.642536 0.876907 -0.001470 -0.001056 -2.372284 188.759964
1.566459 56.781696 0.876723 -0.001423 -0.000994 -2.372302 189.159958
1.710140 56.920856 0.876544 -0.001325 -0.000881 -2.372326 189.559982
1.853826 57.060017 0.876408 -0.001182 -0.000737 -2.372351 189.960007
1.997516 57.199177 0.876383 -0.000997 -0.000582 -2.372375 190.359970
2.141216 57.338337 0.876324 -0.000828 -0.000465 -2.372400 190.759964
2.284915 57.477497 0.876322 -0.000677 -0.000367 -2.372428 191.159943
2.428615 57.616657 0.876360 -0.000515 -0.000235 -2.372462 191.559952
2.572315 57.755817 0.876432 -0.000320 -0.000089 -2.372502 191.959976
2.716033 57.894978 0.876545 -0.000095 0.000025 -2.372540 192.359955
2.859751 58.034138 0.876634 0.000076 0.000124 -2.372614 192.759979
2.972836 58.203533 0.876773 0.000269 0.000094 -2.010209 193.289978
3.039234 58.393894 0.876922 0.000289 0.000035 -1.793292 193.709930
3.063194 58.594044 0.877138 0.000214 0.000008 -1.578579 194.129929
3.059543 58.798931 0.877339 0.000063 0.000085 -1.551972 194.539948
3.052127 58.999676 0.877375 -0.000027 0.000161 -1.469617 194.949966
3.028951 59.203331 0.877296 -0.000020 0.000121 -1.457569 195.359940
3.013463 59.406532 0.877643 0.000030 -0.000068 -1.567323 196.239990
3.011854 59.611420 0.878021 -0.000087 -0.000063 -1.562312 196.649963
3.010114 59.816307 0.878399 -0.000243 -0.000030 -1.562289 197.059967
3.008374 60.021194 0.878616 -0.000387 0.000031 -1.562285 197.469940
3.006634 60.226082 0.878401 -0.000549 0.000149 -1.562280 197.879944
3.004913 60.428490 0.877783 -0.000746 0.000318 -1.562272 198.309952
3.003190 60.630936 0.876548 -0.001082 0.000633 -1.562269 199.269958
3.001450 60.835823 0.876351 -0.001190 0.000824 -1.562263 199.680008
2.999702 61.040710 0.876609 -0.001269 0.001021 -1.562262 200.089935
2.997954 61.245598 0.877063 -0.001278 0.001133 -1.562262 200.499939
2.996206 61.450485 0.877432 -0.001214 0.001149 -1.562262 200.909988
2.994491 61.650917 0.877916 -0.001111 0.001016 -1.562265 201.829941
2.992752 61.855339 0.878005 -0.001083 0.000963 -1.562261 202.319946
2.991004 62.060226 0.878040 -0.000998 0.000921 -1.562261 202.729965
2.989253 62.265114 0.878150 -0.000889 0.000854 -1.562260 203.139984
2.987503 62.470001 0.878544 -0.000613 0.001049 -1.562260 203.549942
2.985752 62.674889 0.878936 -0.000170 0.001438 -1.562259 203.959961
2.984015 62.877846 0.879773 0.000655 0.002047 -1.562264 204.939972
2.982298 63.079742 0.880046 0.000863 0.002146 -1.562260 205.349945
2.980550 63.284630 0.880361 0.000996 0.002172 -1.562260 205.759964
2.978799 63.489517 0.880534 0.001026 0.002096 -1.562260 206.169937
2.977050 63.694405 0.880534 0.001026 0.002096 -1.562260 206.579971
2.975301 63.899292 0.880534 0.001026 0.002096 -1.562258 206.990036
2.919503 64.092621 0.880534 0.002320 0.000253 -0.552995 208.739960
2.737950 64.180214 0.880534 0.002321 -0.000242 -0.340653 209.159943
2.541788 64.226631 0.880577 0.001471 -0.001328 -0.127730 209.580017
2.341114 64.235481 0.880443 0.000781 -0.002027 -0.020763 209.990005
2.136232 64.234146 0.879847 0.000049 -0.002627 0.068715 210.399979
1.935668 64.220924 0.879338 -0.000335 -0.002661 0.065182 210.879959
1.734096 64.207970 0.878833 -0.000787 -0.002144 0.065280 211.289948
1.529531 64.194832 0.878377 -0.001249 -0.001270 0.065489 211.699951
1.324975 64.181458 0.877971 -0.001731 -0.000572 0.065662 212.109970
1.121335 64.170319 0.877717 -0.002323 0.000074 -0.010658 212.529953
0.916472 64.177742 0.877697 -0.002931 0.000714 -0.035907 212.939972
0.714563 64.192307 0.878313 -0.004498 0.000994 -0.268650 214.079941
0.527860 64.265739 0.878388 -0.004869 0.000021 -0.486461 214.509964
0.360371 64.377945 0.878402 -0.005003 -0.001277 -0.701995 214.929947
0.219262 64.520821 0.878494 -0.004913 -0.002195 -0.826417 215.339981
0.083623 64.667915 0.878670 -0.004816 -0.002499 -0.825478 215.739960
-0.052025 64.815010 0.878746 -0.003824 -0.001925 -0.825402 216.139954
-0.187683 64.962105 0.878713 -0.002692 -0.001068 -0.825324 216.539978
-0.307368 65.123718 0.878405 -0.000779 -0.001022 -1.779376 217.609955
-0.240604 65.315056 0.878429 -0.000518 -0.000923 -2.018453 218.079956
-0.145867 65.491211 0.878419 -0.000428 -0.000657 -2.068432 218.479950
-0.039354 65.664978 0.878456 -0.000336 -0.000513 -2.172322 218.899979
0.073304 65.830322 0.878380 -0.000352 -0.000372 -2.168993 219.299973
0.185938 65.995728 0.878299 -0.000399 -0.000314 -2.169044 219.699982
0.298583 66.161133 0.878308 -0.000402 -0.000375 -2.169113 220.099976
0.411241 66.326538 0.878450 -0.000370 -0.000457 -2.169196 220.499969
0.525973 66.490417 0.878564 -0.000270 -0.000606 -2.255584 220.959961
0.657830 66.647385 0.878532 -0.000221 -0.000691 -2.269138 221.369949
0.786423 66.800583 0.878327 -0.000199 -0.000648 -2.269164 221.769974
0.921159 66.953598 0.878034 -0.000118 -0.000530 -2.368006 222.190002
1.064651 67.092995 0.877784 -0.000129 -0.000354 -2.369180 222.590057
1.207907 67.232765 0.877560 -0.000129 -0.000147 -2.369320 222.989975
1.351182 67.372536 0.877452 -0.000124 0.000014 -2.369458 223.389984
1.494478 67.512306 0.877396 -0.000119 0.000093 -2.369617 223.789978
1.586401 67.694511 0.877228 -0.000029 0.000042 -1.877143 224.469971
1.647229 67.889160 0.877175 -0.000097 -0.000000 -1.816032 224.890030
1.688915 68.084862 0.877066 -0.000202 -0.000050 -1.778431 225.289978
1.728826 68.285042 0.877087 -0.000315 -0.000066 -1.703120 225.709976
1.749922 68.483955 0.877099 -0.000365 -0.000060 -1.675637 226.109955
1.770834 68.682930 0.877273 -0.000351 -0.000040 -1.675544 226.509949
1.792061 68.884865 0.877334 -0.000384 -0.000019 -1.675548 226.939957
1.799507 69.088676 0.877508 -0.000486 0.000052 -1.572760 227.359940
1.800106 69.288872 0.877799 -0.000597 0.000066 -1.573707 227.759979
1.800687 69.489067 0.877960 -0.000750 0.000085 -1.573711 228.159973
1.801269 69.689262 0.878008 -0.000964 0.000051 -1.573711 228.559967
1.801851 69.889458 0.877904 -0.001176 0.000094 -1.573712 228.959961
1.802436 70.090599 0.876942 -0.001619 0.000211 -1.573714 229.959946
1.803029 70.294792 0.876659 -0.001720 0.000251 -1.573715 230.369980
1.803611 70.494987 0.876432 -0.001777 0.000352 -1.573716 230.769958
1.804193 70.695183 0.876644 -0.001746 0.000455 -1.573717 231.169952
1.804775 70.895378 0.877097 -0.001651 0.000522 -1.573719 231.569977
1.805356 71.095573 0.877573 -0.001545 0.000615 -1.573723 231.969955
1.805939 71.295708 0.878434 -0.001315 0.000855 -1.573728 233.009979
1.806526 71.495903 0.878395 -0.001266 0.000859 -1.573728 233.409973
1.807114 71.696098 0.878192 -0.001211 0.000843 -1.573728 233.809982
1.807700 71.896294 0.878158 -0.001165 0.000833 -1.573728 234.209946
1.808287 72.096489 0.878572 -0.000990 0.000749 -1.573728 234.609985
1.808874 72.296684 0.878797 -0.000934 0.000709 -1.573728 235.009979
1.785713 72.495857 0.879895 -0.000235 0.000814 -1.077128 236.149918
1.675775 72.663284 0.880088 -0.000059 0.000766 -0.959576 236.559937
1.554573 72.827148 0.880179 0.000067 0.000740 -0.858021 236.979965
1.423489 72.978302 0.880283 0.000119 0.000712 -0.857152 237.379944
1.292563 73.129669 0.880291 0.000257 0.000439 -0.857051 237.779968
1.154356 73.279610 0.880210 0.000431 0.000047 -0.749026 238.199966
1.007638 73.415558 0.879876 0.000506 -0.000341 -0.748251 238.599945
0.895542 73.582199 0.879341 0.000939 -0.000523 -1.116361 239.129959
0.823912 73.769791 0.879058 0.001237 -0.000542 -1.245658 239.539948
0.761669 73.963837 0.878834 0.001484 -0.000435 -1.332054 239.960022
0.716234 74.163712 0.878608 0.001632 -0.000378 -1.346853 240.369949
0.675666 74.363503 0.878408 0.001724 -0.000155 -1.445706 240.790054
0.651151 74.566826 0.878102 0.001690 -0.000169 -1.449981 241.200012
0.626444 74.770149 0.877966 0.001659 -0.000189 -1.449991 241.609955
0.536615 74.950157 0.877819 0.001260 -0.000998 -0.971513 242.309967
0.424175 75.115562 0.877780 0.001202 -0.000962 -0.973866 242.709976
0.298899 75.276321 0.877795 0.000990 -0.001068 -0.869929 243.129959
0.170091 75.429504 0.877750 0.000880 -0.001051 -0.870980 243.529938
0.041266 75.582703 0.877675 0.000763 -0.000994 -0.870866 243.929962
-0.099973 75.729675 0.877659 0.000473 -0.000927 -0.767676 244.349991
-0.243691 75.868835 0.877698 0.000265 -0.000761 -0.768951 244.749939
-0.357623 76.036407 0.877821 0.000134 -0.000473 -1.123207 245.279968
-0.426450 76.224991 0.877837 0.000039 -0.000381 -1.276375 245.689941
-0.484645 76.420334 0.877743 -0.000082 -0.000356 -1.340155 246.109970
-0.524620 76.621368 0.877597 -0.000139 -0.000312 -1.375831 246.519989
-0.551367 76.823235 0.877474 -0.000139 -0.000277 -1.479518 246.939957
-0.570390 77.027184 0.877244 -0.000122 -0.000276 -1.477906 247.349945
-0.589404 77.231133 0.876885 -0.000047 -0.000249 -1.477920 247.759964
-0.608415 77.435081 0.876646 0.000097 -0.000192 -1.477933 248.169968
-0.610987 77.639114 0.876576 0.000264 -0.000082 -1.580787 248.589981
-0.609013 77.839310 0.876664 0.000416 0.000049 -1.580735 248.990097
-0.607024 78.039505 0.876854 0.000590 0.000151 -1.580735 249.389984
-0.605036 78.239700 0.877012 0.000733 0.000243 -1.580735 249.789993
-0.603048 78.439865 0.876928 0.001004 0.000445 -1.580735 250.219971
-0.434645 78.555481 0.876614 -0.000080 0.001530 -2.712323 251.799942
-0.242846 78.617554 0.876674 -0.000490 0.001650 -2.924902 252.220001
-0.042161 78.637009 0.877075 -0.000835 0.001519 -3.130737 252.639938
0.161817 78.639542 0.877620 -0.000880 0.001477 3.120839 253.049896
0.366301 78.625290 0.878118 -0.000945 0.001398 3.065766 253.459961
0.569713 78.609787 0.878630 -0.000889 0.001351 3.065659 253.899979
0.769136 78.594528 0.878988 -0.000827 0.001295 3.065739 254.299973
0.968562 78.579269 0.879279 -0.000789 0.001186 3.065835 254.699966
1.172318 78.575661 0.879487 -0.000609 0.001125 -3.112992 255.119949
1.372248 78.580986 0.879604 -0.000486 0.000865 -3.115428 255.519989
1.572177 78.586365 0.879691 -0.000289 0.000438 -3.115622 255.919952
1.777103 78.591682 0.879728 -0.000055 -0.000098 -3.115626 256.329956
1.982030 78.596992 0.879526 0.000143 -0.000599 -3.115618 256.739929
2.186956 78.602295 0.879152 0.000314 -0.000979 -3.115619 257.149963
2.391883 78.607613 0.878644 0.000458 -0.001206 -3.115611 257.559937
2.596809 78.612923 0.878163 0.000558 -0.001290 -3.115606 257.969971
2.801736 78.618256 0.877795 0.000573 -0.001270 -3.115540 258.379974
3.001666 78.623604 0.877239 0.000502 -0.001100 -3.115690 259.019958
3.206592 78.628960 0.877147 0.000401 -0.000847 -3.115695 259.429932
3.411519 78.634277 0.877171 0.000255 -0.000581 -3.115704 259.839935
3.616445 78.639565 0.877163 0.000117 -0.000318 -3.115701 260.249969
3.820230 78.636078 0.877239 0.000054 -0.000068 3.067080 260.669983
4.021706 78.621506 0.877441 0.000024 0.000159 3.069608 261.079926
4.118425 78.797142 0.878139 0.000583 0.000015 -1.737754 263.159943
4.149131 78.994873 0.878078 0.000575 -0.000107 -1.726353 263.560028
4.176359 79.197052 0.878052 0.000484 -0.000315 -1.629240 263.979980
4.187038 79.401627 0.878025 0.000420 -0.000352 -1.624670 264.390045
4.132552 79.596916 0.877616 0.000142 -0.000447 -1.083757 266.349976
4.023461 79.765533 0.877519 0.000049 -0.000509 -0.963730 266.759979
3.906708 79.933823 0.877347 0.000036 -0.000465 -0.964908 267.169952
3.778281 80.092094 0.877180 0.000049 -0.000275 -0.862992 267.590302
3.645056 80.247871 0.877057 0.000401 0.000163 -0.863311 267.999969
3.511821 80.403648 0.877190 0.000927 0.000772 -0.863325 268.409973
3.368374 80.545700 0.877397 0.001461 0.000704 -0.587225 268.929962
3.192226 80.642052 0.877626 0.001940 0.000561 -0.459513 269.339966
3.008078 80.729744 0.877869 0.002203 0.000336 -0.372493 269.759949
2.820705 80.799736 0.878036 0.002308 0.000196 -0.357683 270.159973
2.625059 80.856949 0.878110 0.002279 -0.000201 -0.255415 270.579956
2.464336 80.976349 0.878223 0.001666 0.000772 -0.922452 271.440033
2.347554 81.143349 0.878203 0.001525 0.000624 -1.025268 271.860046
2.240554 81.318062 0.878154 0.001502 0.000258 -1.021207 272.269958
2.134501 81.492653 0.878196 0.001420 0.000020 -1.075448 272.689972
2.045384 81.676636 0.878270 0.001669 0.000699 -1.122951 273.099976
1.956665 81.861191 0.878390 0.002038 0.001715 -1.123298 273.509979
2.117724 81.737556 0.878513 0.003584 0.002200 -0.770879 274.539948
2.264771 81.594917 0.878476 0.003637 0.002004 -0.770940 274.949951
2.413672 81.455750 0.878385 0.003223 0.000816 -0.679203 275.370026
2.570766 81.331963 0.878391 0.002685 -0.000021 -0.668114 275.769989
2.731685 81.204964 0.878486 