175.250000 0.000000 0.138000 0.139943
194.375000 0.000000 0.138000 0.339939
213.625000 0.202999 0.138000 0.540004
228.000000 0.202999 0.164000 0.739994
239.125000 0.403959 0.164000 0.939953
255.000000 0.403959 0.164000 1.139979
266.500000 0.608958 0.164000 1.339972
277.000000 0.608958 0.164000 1.539945
285.125000 0.810954 0.162000 1.739974
293.125000 0.810954 0.162000 1.939974
307.625000 1.012922 0.162000 2.139969
318.250000 1.012922 0.162000 2.339966
330.500000 1.217920 0.162000 2.540001
339.750000 1.217920 0.159000 2.739972
347.250000 1.422917 0.159000 2.939945
356.500000 1.422917 0.159000 3.139990
364.375000 1.422917 0.159000 3.339967
372.750000 1.422917 0.159000 3.539999
378.375000 1.422917 0.157000 3.739978
382.000000 1.422917 0.157000 3.939973
388.250000 1.422917 0.157000 4.139963
395.000000 1.624620 0.157000 4.339939
402.750000 1.624620 0.157000 4.549992
409.000000 1.825259 0.157000 4.739968
415.875000 1.825259 0.157000 4.939943
424.875000 2.025285 0.157000 5.139945
429.875000 2.025285 0.157000 5.339941
436.875000 2.025285 0.157000 5.539990
446.500000 2.229150 0.170000 5.739971
457.875000 2.229150 0.170000 5.939941
467.875000 2.429156 0.170000 6.139942
480.000000 2.429156 0.170000 6.339939
491.000000 2.629162 0.170000 6.539985
507.250000 2.629162 0.170000 6.739965
515.125000 2.829168 0.170000 6.939943
525.625000 2.829168 0.170000 7.139975
534.375000 3.030846 0.170000 7.339994
546.000000 3.030846 0.170000 7.539994
554.250000 3.234792 0.170000 7.739999
563.625000 3.234792 0.170000 7.939944
571.125000 3.434794 0.170000 8.139969
585.250000 3.434794 0.170000 8.339964
591.250000 3.638608 0.170000 8.539967
600.625000 3.638608 0.170000 8.739978
609.875000 3.838616 0.170000 8.939966
617.125000 3.838616 0.170000 9.139975
631.000000 3.838616 0.170000 9.339961
638.625000 4.042440 0.170000 9.539959
646.500000 4.042440 0.170000 9.739964
649.875000 4.242624 0.170000 9.940014
659.750000 4.242624 0.170000 10.139979
666.125000 4.242624 0.170000 10.339964
674.250000 4.443223 0.170000 10.539937
684.125000 4.443223 0.170000 10.739971
689.875000 4.643233 0.170000 10.939976
699.625000 4.643233 0.170000 11.139968
707.500000 4.843245 0.170000 11.339934
711.375000 4.843245 0.170000 11.539943
721.375000 5.043256 0.182000 11.739953
727.250000 5.043256 0.182000 11.939970
731.750000 5.247073 0.182000 12.139961
739.750000 5.247073 0.182000 12.340037
744.750000 5.447088 0.182000 12.539936
748.750000 5.447088 0.212000 12.739938
751.375000 5.647584 0.212000 12.939968
760.625000 5.647584 0.212000 13.139986
764.125000 5.647584 0.212000 13.339965
769.875000 5.847971 0.212000 13.539969
777.375000 5.847971 0.203000 13.739967
780.625000 6.050488 0.203000 13.939973
783.875000 6.050488 0.203000 14.139988
789.375000 6.254404 0.203000 14.339979
798.375000 6.254404 0.203000 14.539950
802.250000 6.458252 0.209000 14.739979
804.750000 6.458252 0.209000 14.939969
806.500000 6.658276 0.209000 15.139939
812.750000 6.658276 0.209000 15.339972
818.125000 6.859159 0.209000 15.539967
822.875000 6.859159 0.220000 15.739967
826.500000 7.059172 0.220000 15.939973
827.375000 7.059172 0.220000 16.139935
830.125000 7.059172 0.220000 16.339972
833.000000 7.059172 0.220000 16.539953
841.375000 7.261988 0.204000 16.739967
847.125000 7.261988 0.204000 16.939949
851.125000 7.465889 0.204000 17.139946
856.125000 7.465889 0.204000 17.339939
860.875000 7.665912 0.204000 17.540001
865.125000 7.665912 0.215000 17.739965
868.125000 7.869763 0.215000 17.939960
874.125000 7.869763 0.215000 18.140022
877.500000 8.069779 0.215000 18.339975
881.250000 8.069779 0.215000 18.539976
885.875000 8.273601 0.217000 18.739960
890.125000 8.273601 0.217000 18.939938
892.875000 8.473612 0.217000 19.139959
899.375000 8.473612 0.217000 19.340031
902.875000 8.673618 0.217000 19.539961
904.750000 8.673618 0.218000 19.739943
905.500000 8.673618 0.218000 19.939964
907.125000 8.673618 0.218000 20.139967
909.500000 8.673618 0.218000 20.339939
911.375000 8.873910 0.218000 20.539970
913.500000 8.873910 0.203000 20.739981
921.500000 9.077654 0.203000 20.939974
926.875000 9.077654 0.203000 21.139984
931.625000 9.277672 0.203000 21.339972
934.625000 9.277672 0.203000 21.539965
938.750000 9.481641 0.213000 21.739965
944.125000 9.481641 0.213000 21.939968
948.875000 9.686617 0.213000 22.139984
951.375000 9.686617 0.213000 22.339964
956.000000 9.686617 0.213000 22.540003
957.625000 9.887101 0.216000 22.749943
960.000000 9.887101 0.216000 22.939962
963.250000 9.887101 0.216000 23.139978
970.125000 10.091584 0.216000 23.339964
973.250000 10.091584 0.216000 23.539946
978.125000 10.296556 0.226000 23.739954
983.875000 10.296556 0.226000 23.939960
988.000000 10.501528 0.226000 24.139942
994.250000 10.501528 0.226000 24.339945
996.875000 10.706499 0.226000 24.539948
1001.375000 10.706499 0.214000 24.740000
1005.500000 10.911470 0.214000 24.939960
1009.250000 10.911470 0.214000 25.139956
1011.375000 10.911470 0.214000 25.340000
1012.000000 10.911470 0.214000 25.539972
1014.125000 10.911470 0.217000 25.740023
1014.875000 10.911470 0.217000 25.939945
1015.125000 10.911470 0.217000 26.150213
1016.875000 11.112746 0.217000 26.360144
1019.500000 11.112746 0.217000 26.560167
1019.875000 11.112746 0.217000 26.760237
1020.125000 11.112746 0.217000 26.950317
1020.375000 11.112746 0.217000 27.149939
1021.125000 11.112746 0.217000 27.349979
1021.125000 11.112746 0.217000 27.549942
1021.125000 11.112746 0.202000 27.749964
1022.000000 11.112746 0.202000 27.949945
1024.625000 11.317439 0.202000 28.150028
1027.500000 11.317439 0.202000 28.349949
1030.375000 11.522434 0.202000 28.549942
1032.250000 11.522434 0.206000 28.749975
1037.250000 11.726222 0.206000 28.949957
1040.250000 11.726222 0.206000 29.149940
1043.875000 11.926230 0.206000 29.349949
1047.875000 11.926230 0.206000 29.549978
1053.375000 12.126249 0.208000 29.749966
1056.500000 12.126249 0.208000 29.949959
1059.500000 12.330055 0.208000 30.149939
1062.500000 12.330055 0.208000 30.349968
1065.875000 12.535050 0.208000 30.549942
1068.875000 12.535050 0.215000 30.749939
1071.250000 12.535050 0.215000 30.949942
1073.250000 12.735516 0.215000 31.149979
1078.000000 12.735516 0.215000 31.349962
1081.125000 12.939659 0.215000 31.549973
1085.250000 12.939659 0.206000 31.749973
1088.750000 13.139862 0.206000 31.949972
1093.125000 13.139862 0.206000 32.149982
1097.375000 13.343643 0.206000 32.349937
1102.000000 13.343643 0.206000 32.549992
1107.625000 13.547433 0.209000 32.749969
1112.625000 13.547433 0.209000 32.949989
1116.625000 13.751269 0.209000 33.149956
1120.375000 13.751269 0.209000 33.349983
1122.125000 13.751269 0.209000 33.549953
1122.125000 13.751269 0.216000 33.749950
1123.750000 13.751269 0.216000 33.949947
1128.125000 13.954272 0.216000 34.160069
1130.125000 13.954272 0.216000 34.360069
1132.000000 14.156296 0.216000 34.560104
1132.250000 14.156296 0.216000 34.760124
1132.750000 14.156296 0.216000 34.960251
1132.875000 14.156296 0.216000 35.150009
1133.125000 14.156296 0.216000 35.349960
1133.125000 14.156296 0.216000 35.549942
1133.375000 14.156296 0.200000 35.749977
1133.750000 14.156296 0.200000 35.949944
1136.375000 14.156296 0.200000 36.150036
1140.125000 14.361095 0.200000 36.349945
1142.750000 14.361095 0.200000 36.550014
1144.375000 14.566062 0.202000 36.749977
1145.750000 14.566062 0.202000 36.949955
1146.875000 14.771029 0.202000 37.149986
1150.500000 14.771029 0.202000 37.349945
1153.125000 14.975995 0.202000 37.549973
1155.125000 14.975995 0.206000 37.750031
1155.125000 14.975995 0.206000 37.949944
1155.625000 14.975995 0.206000 38.149971
1158.000000 15.177038 0.206000 38.349976
1160.125000 15.177038 0.206000 38.549980
1162.625000 15.381803 0.195000 38.749939
1166.625000 15.381803 0.195000 38.949944
1170.375000 15.585730 0.195000 39.149948
1172.875000 15.585730 0.195000 39.349987
1174.750000 15.790727 0.195000 39.549973
1176.625000 15.790727 0.220000 39.749985
1178.875000 15.790727 0.220000 39.949997
1180.750000 15.997062 0.220000 40.149994
1182.875000 15.997062 0.220000 40.349972
1186.250000 16.199574 0.220000 40.549973
1188.250000 16.199574 0.203000 40.749935
1191.750000 16.403437 0.203000 40.949970
1193.250000 16.403437 0.203000 41.149940
1194.000000 16.608435 0.203000 41.349945
1196.125000 16.608435 0.203000 41.549953
1196.875000 16.608435 0.205000 41.750011
1197.250000 16.608435 0.205000 41.949940
1197.750000 16.810696 0.205000 42.150002
1199.125000 16.810696 0.205000 42.349960
1204.625000 16.810696 0.205000 42.550026
1206.875000 16.810696 0.186000 42.749943
1209.625000 17.013887 0.186000 42.949951
1211.250000 17.013887 0.186000 43.149948
1213.250000 17.217775 0.186000 43.349964
1215.250000 17.217775 0.186000 43.549942
1217.875000 17.422255 0.204000 43.749939
1219.250000 17.422255 0.204000 43.949955
1220.875000 17.626682 0.204000 44.149937
1222.250000 17.626682 0.204000 44.349937
1224.125000 17.831673 0.204000 44.549969
1226.625000 17.831673 0.194000 44.749973
1227.125000 17.831673 0.194000 44.949936
1228.375000 17.831673 0.194000 45.149971
1229.250000 17.831673 0.194000 45.349964
1232.125000 18.033945 0.194000 45.549969
1237.250000 18.033945 0.197000 45.749943
1241.500000 18.235533 0.197000 45.949947
1244.500000 18.235533 0.197000 46.149967
1247.750000 18.440516 0.197000 46.350006
1254.500000 18.440516 0.197000 46.549988
1258.000000 18.644312 0.204000 46.749969
1261.000000 18.644312 0.204000 46.949970
1264.125000 18.849302 0.204000 47.149952
1266.625000 18.849302 0.204000 47.349941
1270.500000 19.054295 0.204000 47.549957
1272.375000 19.054295 0.206000 47.749969
1275.125000 19.259287 0.206000 47.949936
1276.875000 19.259287 0.206000 48.149948
1279.750000 19.464270 0.206000 48.349972
1283.500000 19.464270 0.206000 48.549965
1287.625000 19.669254 0.191000 48.749962
1289.500000 19.669254 0.191000 48.949966
1291.250000 19.874241 0.191000 49.149944
1293.750000 19.874241 0.191000 49.349949
1298.500000 20.079222 0.191000 49.549969
1300.000000 20.079222 0.203000 49.749962
1301.250000 20.284201 0.203000 49.949951
1302.625000 20.284201 0.203000 50.150021
1304.250000 20.489180 0.203000 50.350033
1309.750000 20.489180 0.203000 50.549938
1312.125000 20.694159 0.197000 50.750053
1316.125000 20.694159 0.197000 50.949936
1318.500000 20.899132 0.197000 51.149982
1320.875000 20.899132 0.197000 51.349941
1322.250000 21.104105 0.197000 51.549961
1326.125000 21.104105 0.206000 51.749973
1327.000000 21.104105 0.206000 51.950024
1328.750000 21.305288 0.206000 52.149963
1332.125000 21.305288 0.206000 52.349960
1337.500000 21.508877 0.206000 52.549946
1339.000000 21.508877 0.196000 52.749954
1341.875000 21.709661 0.196000 52.949997
1344.000000 21.709661 0.196000 53.149971
1348.125000 21.913477 0.196000 53.349983
1352.125000 21.913477 0.196000 53.549961
1353.625000 21.913477 0.204000 53.749947
1356.625000 22.117308 0.204000 53.949970
1360.000000 22.117308 0.204000 54.149944
1365.750000 22.322229 0.204000 54.349979
1370.375000 22.322229 0.204000 54.549961
1370.875000 22.322229 0.207000 54.749947
1371.000000 22.322229 0.207000 54.949966
1371.250000 22.322229 0.207000 55.149967
1373.125000 22.523594 0.207000 55.349941
1374.125000 22.523594 0.207000 55.549999
1377.625000 22.727180 0.193000 55.749962
1385.500000 22.727180 0.193000 55.949966
1388.875000 22.932177 0.193000 56.149944
1395.000000 22.932177 0.193000 56.350056
1397.375000 23.132206 0.193000 56.549950
1399.125000 23.132206 0.204000 56.749966
1400.875000 23.336033 0.204000 56.949940
1405.750000 23.336033 0.204000 57.149967
1413.250000 23.536041 0.204000 57.349937
1417.375000 23.536041 0.204000 57.549984
1420.750000 23.536041 0.208000 57.749966
1422.625000 23.739866 0.208000 57.949959
1425.250000 23.739866 0.208000 58.149940
1427.375000 23.939886 0.208000 58.349972
1430.250000 23.939886 0.208000 58.549946
1431.000000 23.939886 0.206000 58.749973
1431.000000 23.939886 0.206000 58.949951
1432.625000 24.141010 0.206000 59.149963
1436.500000 24.141010 0.206000 59.349983
1441.625000 24.141010 0.206000 59.549965
1446.375000 24.345127 0.190000 59.749981
1447.250000 24.345127 0.190000 59.949970
1449.625000 24.548925 0.190000 60.149956
1455.625000 24.548925 0.190000 60.349957
1463.000000 24.753923 0.190000 60.549957
1466.125000 24.753923 0.214000 60.750011
1469.625000 24.957716 0.214000 60.949940
1471.250000 24.957716 0.214000 61.149956
1475.375000 25.157724 0.214000 61.349941
1480.875000 25.157724 0.214000 61.549965
1481.625000 25.157724 0.214000 61.749954
1482.500000 25.157724 0.214000 61.949944
1488.375000 25.357729 0.214000 62.149967
1491.500000 25.357729 0.214000 62.349972
1494.875000 25.557737 0.214000 62.549992
1500.500000 25.557737 0.202000 62.749962
1503.375000 25.757746 0.202000 62.949963
1508.250000 25.757746 0.202000 63.149971
1513.375000 25.957754 0.202000 63.350037
1517.500000 25.957754 0.202000 63.549946
1520.750000 26.157764 0.210000 63.749966
1523.875000 26.157764 0.210000 63.949963
1528.625000 26.357773 0.210000 64.149948
1532.250000 26.357773 0.210000 64.349960
1533.000000 26.357773 0.210000 64.549965
1533.250000 26.357773 0.210000 64.749992
1534.750000 26.357773 0.210000 64.949966
1538.750000 26.557777 0.210000 65.149971
1541.375000 26.557777 0.210000 65.349968
1544.750000 26.757786 0.210000 65.549965
1550.500000 26.757786 0.207000 65.749969
1556.625000 26.957794 0.207000 65.949982
1562.125000 26.957794 0.207000 66.149986
1566.125000 27.157803 0.207000 66.349991
1570.125000 27.157803 0.207000 66.549995
1575.875000 27.357811 0.224000 66.749969
1581.000000 27.357811 0.224000 66.949951
1586.500000 27.557819 0.224000 67.149940
1590.625000 27.557819 0.224000 67.349945
1591.250000 27.557819 0.224000 67.549957
1591.750000 27.557819 0.233000 67.750015
1592.875000 27.557819 0.233000 67.949951
1593.250000 27.557819 0.233000 68.149948
1595.750000 27.759214 0.233000 68.349953
1602.250000 27.759214 0.233000 68.549980
1607.125000 27.963781 0.204000 68.749969
1614.875000 27.963781 0.204000 68.949982
1619.750000 27.963781 0.204000 69.149971
1623.250000 28.167679 0.204000 69.349937
1626.875000 28.167679 0.204000 69.549950
1631.000000 28.372677 0.230000 69.749947
1636.875000 28.372677 0.230000 69.949974
1643.375000 28.572712 0.230000 70.150009
1649.125000 28.572712 0.230000 70.349945
1656.000000 28.772747 0.230000 70.549965
1660.250000 28.772747 0.227000 70.749969
1663.000000 28.972782 0.227000 70.949959
1666.500000 28.972782 0.227000 71.149925
1670.000000 29.176359 0.227000 71.349953
1675.250000 29.176359 0.227000 71.549980
1679.500000 29.380280 0.236000 71.749947
1683.250000 29.380280 0.236000 71.949966
1686.875000 29.585264 0.236000 72.149979
1692.250000 29.585264 0.236000 72.349976
1695.000000 29.585264 0.236000 72.549957
1702.250000 29.789103 0.235000 72.749947
1705.625000 29.789103 0.235000 72.949989
1711.125000 29.992977 0.235000 73.149956
1713.125000 29.992977 0.235000 73.349976
1719.375000 30.193003 0.235000 73.549988
1721.625000 30.193003 0.241000 73.749947
1725.125000 30.393042 0.241000 73.949974
1727.625000 30.393042 0.241000 74.149994
1729.125000 30.596807 0.241000 74.349976
1736.250000 30.596807 0.241000 74.549973
1744.000000 30.596807 0.233000 74.749954
1750.250000 30.798386 0.233000 74.949982
1753.125000 30.798386 0.233000 75.149971
1754.875000 31.003374 0.233000 75.349976
1757.500000 31.003374 0.233000 75.549957
1764.500000 31.203382 0.233000 75.749977
1771.000000 31.203382 0.242000 75.949951
1776.750000 31.407251 0.242000 76.149956
1785.250000 31.407251 0.242000 76.349968
1792.125000 31.612247 0.242000 76.549980
1794.375000 31.612247 0.242000 76.749977
1796.000000 31.812250 0.257000 76.949966
1799.625000 31.812250 0.257000 77.149971
1809.375000 32.012253 0.257000 77.349983
1816.250000 32.012253 0.257000 77.549980
1824.000000 32.212257 0.269000 77.749947
1828.000000 32.212257 0.269000 77.949951
1834.125000 32.412262 0.269000 78.149948
1838.375000 32.412262 0.269000 78.349953
1843.375000 32.612274 0.269000 78.549950
1852.125000 32.612274 0.269000 78.749977
1859.125000 32.812286 0.267000 78.949966
1866.375000 32.812286 0.267000 79.149963
1872.750000 33.012291 0.267000 79.349953
1878.500000 33.012291 0.267000 79.549965
1883.250000 33.212303 0.255000 79.749947
1894.125000 33.212303 0.255000 79.949944
1900.750000 33.412312 0.255000 80.149940
1905.375000 33.412312 0.255000 80.349976
1910.250000 33.612320 0.255000 80.549950
1916.250000 33.612320 0.255000 80.749969
1918.000000 33.812759 0.247000 80.949944
1923.125000 33.812759 0.247000 81.149940
1925.625000 33.812759 0.247000 81.349968
1931.250000 33.812759 0.247000 81.549973
1940.500000 34.013371 0.247000 81.749969
1944.875000 34.013371 0.250000 81.949966
1952.250000 34.214230 0.250000 82.149971
1959.250000 34.214230 0.250000 82.349983
1963.750000 34.414268 0.250000 82.549988
1967.875000 34.414268 0.242000 82.749969
1978.125000 34.618130 0.242000 82.949944
1985.000000 34.618130 0.242000 83.149971
1987.500000 34.823074 0.242000 83.349968
1989.375000 34.823074 0.242000 83.549965
1989.750000 34.823074 0.242000 83.749992
1991.000000 35.026020 0.237000 83.950127
1995.875000 35.026020 0.237000 84.150063
2000.625000 35.227966 0.237000 84.349968
2005.500000 35.227966 0.237000 84.549965
2010.625000 35.432915 0.240000 84.749962
2012.625000 35.432915 0.240000 84.949989
2019.375000 35.637863 0.240000 85.149963
2026.875000 35.637863 0.240000 85.349953
2032.750000 35.637863 0.240000 85.549950
2038.375000 35.842812 0.236000 85.749939
2045.375000 35.842812 0.236000 85.949944
2049.500000 36.047760 0.236000 86.149948
2053.875000 36.047760 0.236000 86.349976
2055.125000 36.047760 0.236000 86.549980
2055.250000 36.047760 0.236000 86.749969
2056.375000 36.047760 0.239000 86.949951
2057.000000 36.047760 0.239000 87.149948
2063.250000 36.248211 0.239000 87.349960
2075.375000 36.248211 0.239000 87.550011
2083.375000 36.452656 0.239000 87.749985
2087.500000 36.452656 0.228000 87.949951
2092.125000 36.657600 0.228000 88.149948
2101.000000 36.657600 0.228000 88.349945
2109.000000 36.862545 0.228000 88.549957
2114.875000 36.862545 0.243000 88.749939
2119.875000 37.066990 0.243000 88.949966
2128.500000 37.066990 0.243000 89.149963
2136.625000 37.271427 0.243000 89.349991
2142.875000 37.271427 0.243000 89.550026
2143.375000 37.271427 0.257000 89.749939
2145.750000 37.271427 0.257000 89.949966
2152.250000 37.476376 0.257000 90.149933
2156.125000 37.476376 0.257000 90.349998
2162.375000 37.681301 0.257000 90.549973
2168.000000 37.681301 0.257000 90.750084
2176.125000 37.886227 0.243000 90.949974
2181.000000 37.886227 0.243000 91.149979
2184.875000 38.087154 0.243000 91.349968
2190.500000 38.087154 0.243000 91.549957
2194.750000 38.290146 0.244000 91.749962
2203.000000 38.290146 0.244000 91.949966
2209.000000 38.490154 0.244000 92.149940
2213.375000 38.490154 0.244000 92.350006
2214.000000 38.490154 0.244000 92.549995
2214.625000 38.490154 0.255000 92.749962
2215.000000 38.490154 0.255000 92.950027
2217.375000 38.490154 0.255000 93.149979
2222.000000 38.692711 0.255000 93.349960
2227.375000 38.692711 0.255000 93.549965
2238.000000 38.893330 0.237000 93.749969
2245.375000 38.893330 0.237000 93.949959
2250.125000 39.095299 0.237000 94.150009
2254.625000 39.095299 0.237000 94.349953
2258.500000 39.299072 0.237000 94.549980
2265.000000 39.299072 0.251000 94.750076
2271.875000 39.499100 0.251000 94.949966
2277.625000 39.499100 0.251000 95.149971
2281.750000 39.702911 0.251000 95.350075
2285.750000 39.702911 0.251000 95.549988
2290.000000 39.906895 0.251000 95.749954
2296.250000 39.906895 0.251000 95.949966
2300.500000 40.111889 0.251000 96.149933
2303.750000 40.111889 0.251000 96.350029
2305.500000 40.111889 0.251000 96.549965
2306.000000 40.111889 0.261000 96.750038
2306.500000 40.111889 0.261000 96.949966
2307.625000 40.313656 0.261000 97.149963
2308.500000 40.313656 0.261000 97.349968
2310.250000 40.313656 0.261000 97.549980
2315.500000 40.313656 0.261000 97.749969
2318.750000 40.515179 0.245000 97.949966
2321.375000 40.515179 0.245000 98.149971
2325.250000 40.715202 0.245000 98.349968
2329.625000 40.715202 0.245000 98.549957
2334.625000 40.919117 0.253000 98.749939
2339.000000 40.919117 0.253000 98.949944
2342.125000 41.122936 0.253000 99.149986
2346.000000 41.122936 0.253000 99.349960
2351.625000 41.322983 0.253000 99.549988
2354.500000 41.322983 0.254000 99.749985
2354.625000 41.322983 0.254000 99.949966
2356.875000 41.322983 0.254000 100.149971
2361.375000 41.322983 0.254000 100.349976
2367.250000 41.523232 0.254000 100.549950
2373.750000 41.523232 0.242000 100.749954
2378.000000 41.724144 0.242000 100.949974
2382.000000 41.724144 0.242000 101.149971
2384.750000 41.924156 0.242000 101.349945
2391.500000 41.924156 0.242000 101.550034
2401.500000 42.128078 0.254000 101.749962
2406.625000 42.128078 0.254000 101.949966
2410.000000 42.333027 0.254000 102.150024
2414.750000 42.333027 0.254000 102.349953
2419.250000 42.536812 0.254000 102.549942
2423.625000 42.536812 0.265000 102.749969
2430.875000 42.741764 0.265000 102.949951
2435.875000 42.741764 0.265000 103.149963
2439.250000 42.946693 0.265000 103.349937
2443.000000 42.946693 0.265000 103.549965
2445.500000 42.946693 0.265000 103.749962
2446.250000 42.946693 0.261000 103.949966
2446.500000 42.946693 0.261000 104.149956
2447.125000 42.946693 0.261000 104.349960
2448.500000 43.147221 0.261000 104.549980
2450.875000 43.147221 0.235000 104.749962
2454.250000 43.350021 0.235000 104.949966
2460.750000 43.350021 0.235000 105.149971
2467.250000 43.553871 0.235000 105.349937
2470.375000 43.553871 0.235000 105.549973
2471.750000 43.753906 0.256000 105.749962
2473.375000 43.753906 0.256000 105.949982
2476.500000 43.753906 0.256000 106.149963
2487.125000 43.957687 0.256000 106.349991
2489.375000 43.957687 0.256000 106.549973
2494.875000 44.162594 0.256000 106.749962
2496.500000 44.162594 0.231000 106.949944
2497.000000 44.162594 0.231000 107.149971
2498.125000 44.367577 0.231000 107.349968
2504.375000 44.367577 0.231000 107.549973
2507.125000 44.572483 0.231000 107.749962
2510.750000 44.572483 0.221000 107.950027
2511.750000 44.777390 0.221000 108.149963
2516.000000 44.777390 0.221000 108.349960
2520.875000 44.982296 0.221000 108.549934
2524.000000 44.982296 0.225000 108.749954
2527.500000 45.187202 0.225000 108.949982
2530.500000 45.187202 0.225000 109.149971
2534.125000 45.392109 0.225000 109.349968
2535.625000 45.392109 0.225000 109.549973
2535.625000 45.392109 0.225000 109.749947
2536.000000 45.392109 0.231000 109.949966
2536.000000 45.392109 0.231000 110.149940
2536.000000 45.392109 0.231000 110.349968
2536.250000 45.392109 0.231000 110.549973
2538.000000 45.392109 0.201000 110.749962
2540.625000 45.392109 0.201000 110.949936
2543.750000 45.592735 0.201000 111.149963
2547.125000 45.592735 0.201000 111.349953
2549.750000 45.796688 0.201000 111.549973
2552.375000 45.796688 0.216000 111.749985
2556.125000 46.000607 0.216000 111.949966
2557.250000 46.000607 0.216000 112.150040
2557.875000 46.000607 0.216000 112.349953
2560.000000 46.204498 0.216000 112.549988
2562.750000 46.204498 0.220000 112.749977
2564.875000 46.409485 0.220000 112.949959
2566.250000 46.409485 0.220000 113.149979
2567.750000 46.614464 0.220000 113.349945
2570.375000 46.614464 0.220000 113.549950
2572.625000 46.819443 0.215000 113.749947
2573.500000 46.819443 0.215000 113.949959
2577.000000 47.024422 0.215000 114.149948
2579.625000 47.024422 0.215000 114.350006
2583.625000 47.229401 0.215000 114.549973
2588.625000 47.229401 0.221000 114.749962
2592.875000 47.434383 0.221000 114.949944
2595.250000 47.434383 0.221000 115.149940
2597.500000 47.639366 0.221000 115.349976
2598.125000 47.639366 0.221000 115.549942
2598.125000 47.639366 0.218000 115.749954
2598.250000 47.639366 0.218000 115.949966
2599.375000 47.844357 0.218000 116.149979
2600.875000 47.844357 0.218000 116.350029
2602.250000 48.049339 0.218000 116.550049
2603.875000 48.049339 0.214000 116.749939
2605.250000 48.249340 0.214000 116.949974
2606.125000 48.249340 0.214000 117.150017
2607.000000 48.449345 0.214000 117.349937
2608.000000 48.449345 0.214000 117.549957
2609.000000 48.449345 0.218000 117.749962
2610.000000 48.653236 0.218000 117.949944
2611.500000 48.653236 0.218000 118.149940
2612.875000 48.853237 0.218000 118.349998
2612.875000 48.853237 0.218000 118.549934
2613.000000 48.853237 0.218000 118.749969
2613.000000 48.853237 0.213000 118.949959
2613.375000 48.853237 0.213000 119.150055
2614.125000 48.853237 0.213000 119.349976
2615.750000 49.054379 0.213000 119.549973
2617.375000 49.054379 0.206000 119.749985
2618.625000 49.254383 0.206000 119.949944
2621.000000 49.254383 0.206000 120.149940
2622.500000 49.458199 0.206000 120.349945
2624.000000 49.458199 0.206000 120.549942
2625.875000 49.658249 0.221000 120.749939
2627.000000 49.658249 0.221000 120.949966
2628.625000 49.658249 0.221000 121.149933
2629.500000 49.862080 0.221000 121.349960
2630.625000 49.862080 0.221000 121.549973
2631.875000 50.062145 0.222000 121.749969
2633.125000 50.062145 0.222000 121.949959
2635.250000 50.266056 0.222000 122.149971
2636.875000 50.266056 0.222000 122.349945
2638.125000 50.466080 0.222000 122.549995
2638.125000 50.466080 0.218000 122.749969
2638.125000 50.466080 0.218000 122.949966
2638.125000 50.466080 0.218000 123.149971
2638.125000 50.466080 0.218000 123.349937
2638.125000 50.466080 0.218000 123.549942
2638.875000 50.466080 0.203000 123.749939
2639.250000 50.669624 0.203000 123.949951
2639.375000 50.669624 0.203000 124.149963
2639.750000 50.872601 0.203000 124.349968
2640.750000 50.872601 0.203000 124.549942
2641.125000 51.077572 0.217000 124.749947
2642.750000 51.077572 0.217000 124.949966
2643.125000 51.281502 0.217000 125.149963
2643.125000 51.281502 0.217000 125.349983
2643.125000 51.281502 0.217000 125.549980
2643.375000 51.281502 0.212000 125.749977
2643.750000 51.281502 0.212000 125.950012
2646.000000 51.281502 0.212000 126.149979
2647.375000 51.485424 0.212000 126.350006
2649.375000 51.485424 0.212000 126.549965
2650.500000 51.686436 0.209000 126.749954
2653.375000 51.686436 0.209000 126.949974
2654.500000 51.886570 0.209000 127.149971
2657.125000 51.886570 0.209000 127.349953
2661.875000 52.090405 0.209000 127.549980
2663.875000 52.090405 0.230000 127.749939
2665.250000 52.295403 0.230000 127.949913
2668.000000 52.295403 0.230000 128.149963
2670.625000 52.497406 0.230000 128.349945
2671.125000 52.497406 0.230000 128.549957
2671.250000 52.497406 0.221000 128.749939
2671.750000 52.497406 0.221000 128.949966
2672.750000 52.497406 0.221000 129.149979
2673.750000 52.700470 0.221000 129.349976
2677.250000 52.700470 0.221000 129.549973
2679.375000 52.905468 0.221000 129.749939
2680.875000 52.905468 0.221000 129.949966
2684.125000 53.110466 0.221000 130.149963
2685.250000 53.110466 0.221000 130.349945
2685.875000 53.315464 0.221000 130.549957
2687.375000 53.315464 0.221000 130.749969
2690.500000 53.520462 0.231000 130.949966
2694.375000 53.520462 0.231000 131.149979
2695.125000 53.720879 0.231000 131.349960
2695.125000 53.720879 0.231000 131.549957
2695.125000 53.720879 0.225000 131.749939
2695.500000 53.720879 0.225000 131.949951
2697.125000 53.720879 0.225000 132.149963
2698.375000 53.925415 0.225000 132.349976
2704.375000 53.925415 0.225000 132.550003
2706.875000 54.130402 0.217000 132.749969
2711.250000 54.130402 0.217000 132.949936
2712.875000 54.335388 0.217000 133.149963
2716.750000 54.335388 0.217000 133.350037
2721.250000 54.540375 0.217000 133.549973
2723.375000 54.540375 0.233000 133.749969
2724.375000 54.745361 0.233000 133.949966
2730.500000 54.745361 0.233000 134.149963
2734.500000 54.745361 0.233000 134.349945
2734.750000 54.745361 0.233000 134.549973
2735.125000 54.745361 0.230000 134.749969
2735.625000 54.946411 0.230000 134.949951
2738.750000 54.946411 0.230000 135.149933
2742.125000 55.150414 0.230000 135.349960
2744.125000 55.150414 0.230000 135.549973
2750.250000 55.355400 0.230000 135.749969
2753.000000 55.355400 0.230000 135.949936
2756.000000 55.355400 0.230000 136.149963
2759.750000 55.560387 0.230000 136.349960
2764.375000 55.560387 0.230000 136.549973
2768.125000 55.765373 0.236000 136.750031
2770.875000 55.765373 0.236000 136.950043
2774.000000 55.969273 0.236000 137.149963
2777.125000 55.969273 0.236000 137.349960
2777.250000 55.969273 0.236000 137.549942
2777.375000 55.969273 0.230000 137.749939
2778.625000 55.969273 0.230000 137.950043
2781.625000 56.174255 0.230000 138.149933
2785.250000 56.174255 0.230000 138.349945
2787.750000 56.379238 0.230000 138.549942
2791.750000 56.379238 0.230000 138.749954
2795.375000 56.584221 0.230000 138.949936
2797.125000 56.584221 0.230000 139.149963
2798.125000 56.789204 0.230000 139.350021
2803.625000 56.789204 0.230000 139.549988
2806.375000 56.992996 0.233000 139.749969
2810.875000 56.992996 0.233000 139.949982
2813.625000 57.193024 0.233000 140.149963
2815.125000 57.193024 0.233000 140.349945
2815.125000 57.193024 0.233000 140.549988
2815.125000 57.193024 0.236000 140.749954
2815.750000 57.193024 0.236000 140.949982
2819.875000 57.397972 0.236000 141.149963
2822.125000 57.397972 0.236000 141.349976
2825.250000 57.597996 0.236000 141.549988
2827.500000 57.597996 0.228000 141.749954
2829.875000 57.798019 0.228000 141.949966
2835.000000 57.798019 0.228000 142.149948
2839.125000 57.998043 0.228000 142.349991
2841.375000 57.998043 0.228000 142.549988
2845.750000 58.198067 0.238000 142.749939
2847.125000 58.198067 0.238000 142.949936
2850.750000 58.398090 0.238000 143.149994
2852.125000 58.398090 0.238000 143.349945
2852.250000 58.398090 0.238000 143.549942
2852.625000 58.398090 0.235000 143.749939
2853.625000 58.398090 0.235000 143.949966
2856.250000 58.603081 0.235000 144.149979
2858.375000 58.603081 0.235000 144.349991
2859.750000 58.808056 0.235000 144.549973
2862.625000 58.808056 0.225000 144.749969
2865.625000 59.013031 0.225000 144.949966
2871.750000 59.013031 0.225000 145.149948
2874.000000 59.218006 0.225000 145.349960
2876.625000 59.218006 0.225000 145.549973
2879.375000 59.422981 0.238000 145.749969
2881.875000 59.422981 0.238000 145.949997
2885.125000 59.627956 0.238000 146.150024
2886.000000 59.627956 0.238000 146.349976
2886.000000 59.627956 0.238000 146.550034
2886.000000 59.627956 0.217000 146.749939
2886.000000 59.627956 0.217000 146.949982
2886.750000 59.627956 0.217000 147.149948
2888.375000 59.627956 0.217000 147.349976
2891.875000 59.830074 0.217000 147.549942
2894.250000 59.830074 0.197000 147.749969
2898.000000 60.031685 0.197000 147.950027
2899.125000 60.031685 0.197000 148.149963
2901.875000 60.231689 0.197000 148.349945
2904.875000 60.231689 0.197000 148.549973
2908.125000 60.435604 0.216000 148.749954
2910.125000 60.435604 0.216000 148.949966
2913.375000 60.640553 0.216000 149.149963
2917.375000 60.640553 0.216000 149.349945
2920.875000 60.844349 0.216000 149.549988
2924.500000 60.844349 0.215000 149.749969
2926.250000 61.044399 0.215000 149.949936
2929.250000 61.044399 0.215000 150.149979
2932.250000 61.244495 0.215000 150.350021
2935.375000 61.244495 0.215000 150.549942
2935.750000 61.244495 0.224000 150.749939
2936.375000 61.244495 0.224000 150.949936
2937.500000 61.244495 0.224000 151.149963
2939.875000 61.444611 0.224000 151.359970
2943.250000 61.444611 0.224000 151.549942
2943.250000 61.444611 0.224000 151.749969
2943.250000 61.444611 0.224000 151.949966
2943.250000 61.444611 0.224000 152.149963
2943.250000 61.444611 0.224000 152.349976
2943.250000 61.444611 0.224000 152.549973
2943.250000 61.444611 0.200000 152.749939
2944.625000 61.444611 0.200000 152.949997
2948.750000 61.647278 0.200000 153.149979
2952.000000 61.647278 0.200000 153.349945
2955.125000 61.848877 0.200000 153.549973
2957.375000 61.848877 0.208000 153.749969
2960.250000 61.848877 0.208000 153.949966
2964.125000 62.052776 0.208000 154.150024
2967.250000 62.052776 0.208000 154.359940
2969.375000 62.257759 0.208000 154.549973
2970.250000 62.257759 0.208000 154.749939
2970.250000 62.257759 0.208000 154.949966
2970.250000 62.257759 0.208000 155.159958
2970.250000 62.257759 0.208000 155.349945
2970.250000 62.257759 0.208000 155.549942
2970.250000 62.257759 0.215000 155.749969
2971.875000 62.257759 0.215000 155.949966
2973.500000 62.257759 0.215000 156.149994
2975.750000 62.462730 0.215000 156.359970
2977.875000 62.462730 0.215000 156.559952
2978.375000 62.462730 0.215000 156.749969
2978.375000 62.462730 0.215000 156.949966
2978.625000 62.462730 0.215000 157.149963
2978.875000 62.462730 0.215000 157.359970
2979.000000 62.462730 0.215000 157.549988
2979.250000 62.462730 0.197000 157.749969
2979.500000 62.462730 0.197000 157.959946
2980.250000 62.462730 0.197000 158.150009
2981.375000 62.462730 0.197000 158.349930
2982.750000 62.663345 0.197000 158.559952
2985.875000 62.663345 0.180000 158.759979
2988.750000 62.864006 0.180000 158.949982
2990.625000 62.864006 0.180000 159.159943
2991.500000 63.067986 0.180000 159.349945
2993.375000 63.067986 0.180000 159.549988
2995.250000 63.268017 0.208000 159.759933
3002.500000 63.268017 0.208000 159.949982
3005.375000 63.468136 0.208000 160.159973
3006.375000 63.468136 0.208000 160.359985
3009.250000 63.668968 0.208000 160.559982
3009.250000 63.668968 0.208000 160.759964
3009.250000 63.668968 0.208000 160.949966
3009.375000 63.668968 0.208000 161.159973
3009.375000 63.668968 0.208000 161.359970
3009.375000 63.668968 0.208000 161.559937
3012.250000 63.668968 0.215000 161.759979
3014.750000 63.668968 0.215000 161.959991
3018.875000 63.872074 0.215000 162.159973
3022.750000 63.872074 0.215000 162.359955
3024.250000 64.072197 0.215000 162.549973
3029.000000 64.072197 0.184000 162.749969
3032.250000 64.276001 0.184000 162.959930
3036.250000 64.276001 0.184000 163.159958
3037.750000 64.480972 0.184000 163.360001
3041.000000 64.480972 0.184000 163.559952
3042.125000 64.480972 0.207000 163.749939
3043.250000 64.684731 0.207000 163.949966
3044.875000 64.684731 0.207000 164.149933
3048.000000 64.889618 0.207000 164.349960
3050.750000 64.889618 0.207000 164.549957
3053.125000 65.094505 0.221000 164.749969
3054.250000 65.094505 0.221000 164.949936
3057.250000 65.299393 0.221000 165.149979
3058.000000 65.299393 0.221000 165.360001
3058.000000 65.299393 0.221000 165.549973
3058.000000 65.299393 0.221000 165.759949
3058.125000 65.299393 0.221000 165.959946
3058.750000 65.299393 0.221000 166.159988
3058.750000 65.299393 0.221000 166.359940
3058.875000 65.299393 0.221000 166.560013
3059.500000 65.299393 0.208000 166.759964
3061.500000 65.504364 0.208000 166.959976
3063.750000 65.504364 0.208000 167.149979
3067.250000 65.709251 0.208000 167.349960
3069.375000 65.709251 0.208000 167.559982
3072.375000 65.709251 0.209000 167.750015
3077.375000 65.914139 0.209000 167.959976
3079.125000 65.914139 0.209000 168.159958
3086.000000 66.119026 0.209000 168.349976
3088.000000 66.119026 0.209000 168.559967
3089.250000 66.323914 0.218000 168.759933
3092.750000 66.323914 0.218000 168.959961
3095.500000 66.528801 0.218000 169.159943
3100.000000 66.528801 0.218000 169.359970
3104.125000 66.733688 0.218000 169.559982
3104.375000 66.733688 0.218000 169.759964
3104.875000 66.733688 0.218000 169.949966
3105.000000 66.733688 0.218000 170.149933
3105.125000 66.733688 0.218000 170.349976
3105.625000 66.733688 0.218000 170.549973
3106.375000 66.733688 0.204000 170.749985
3107.375000 66.733688 0.204000 170.949936
3109.250000 66.733688 0.204000 171.159943
3111.125000 66.938652 0.204000 171.349976
3113.750000 66.938652 0.204000 171.549942
3116.750000 67.143539 0.213000 171.749969
3119.500000 67.143539 0.213000 171.959991
3122.125000 67.348427 0.213000 172.159943
3123.875000 67.348427 0.213000 172.360001
3125.625000 67.552322 0.213000 172.559937
3126.125000 67.552322 0.213000 172.759933
3126.375000 67.552322 0.213000 172.949997
3126.500000 67.552322 0.213000 173.159973
3126.500000 67.552322 0.213000 173.359940
3126.625000 67.552322 0.213000 173.559937
3127.250000 67.552322 0.219000 173.759933
3129.000000 67.552322 0.219000 173.949966
3132.375000 67.753281 0.219000 174.159988
3135.625000 67.753281 0.219000 174.359970
3138.125000 67.958168 0.219000 174.559952
3139.875000 67.958168 0.192000 174.750015
3142.875000 68.163055 0.192000 174.959961
3145.250000 68.163055 0.192000 175.159943
3148.125000 68.367943 0.192000 175.359970
3151.125000 68.367943 0.192000 175.559967
3152.625000 68.572830 0.207000 175.759964
3155.875000 68.572830 0.207000 175.959946
3157.375000 68.777718 0.207000 176.159943
3159.875000 68.777718 0.207000 176.359970
3161.000000 68.777718 0.207000 176.560120
3161.125000 68.777718 0.224000 176.759933
3161.500000 68.777718 0.224000 176.959976
3162.500000 68.979988 0.224000 177.159943
3165.125000 68.979988 0.224000 177.359955
3169.375000 68.979988 0.224000 177.559937
3172.000000 69.180641 0.215000 177.759933
3173.875000 69.180641 0.215000 177.959946
3175.625000 69.383583 0.215000 178.159943
3178.625000 69.383583 0.215000 178.359970
3181.375000 69.585533 0.215000 178.559998
3183.375000 69.585533 0.194000 178.759979
3185.250000 69.790459 0.194000 178.959961
3187.375000 69.790459 0.194000 179.160034
3190.000000 69.995377 0.194000 179.359970
3193.125000 69.995377 0.194000 179.559998
3197.000000 70.200287 0.244000 179.759964
3198.875000 70.200287 0.244000 179.960022
3202.250000 70.200287 0.244000 180.159943
3204.750000 70.401741 0.244000 180.359955
3209.000000 70.401741 0.244000 180.559998
3212.625000 70.602661 0.211000 180.759964
3216.375000 70.602661 0.211000 180.959930
3218.750000 70.806473 0.211000 181.159943
3220.500000 70.806473 0.211000 181.359940
3223.125000 71.007515 0.211000 181.559967
3226.625000 71.007515 0.219000 181.759949
3229.125000 71.210541 0.219000 181.959961
3232.875000 71.210541 0.219000 182.159973
3234.375000 71.414368 0.219000 182.360001
3239.000000 71.414368 0.219000 182.559967
3242.625000 71.614395 0.227000 182.759979
3244.625000 71.614395 0.227000 182.959961
3246.250000 71.814423 0.227000 183.159943
3249.000000 71.814423 0.227000 183.359955
3252.500000 72.014450 0.227000 183.559967
3254.875000 72.014450 0.204000 183.759933
3256.750000 72.214478 0.204000 183.959930
3259.375000 72.214478 0.204000 184.159958
3261.000000 72.418282 0.204000 184.360001
3263.375000 72.418282 0.204000 184.559952
3266.375000 72.618301 0.200000 184.759964
3269.000000 72.618301 0.200000 184.959946
3272.125000 72.818314 0.200000 185.159973
3272.750000 72.818314 0.200000 185.359985
3272.750000 72.818314 0.200000 185.559937
3273.000000 72.818314 0.201000 185.759964
3273.625000 72.818314 0.201000 185.959961
3273.875000 72.818314 0.201000 186.159973
3275.125000 73.020691 0.201000 186.359955
3278.250000 73.020691 0.201000 186.559967
3282.250000 73.223663 0.221000 186.759964
3284.500000 73.223663 0.221000 186.960007
3287.625000 73.427460 0.221000 187.159973
3289.750000 73.427460 0.221000 187.359940
3292.500000 73.627480 0.221000 187.559952
3296.125000 73.627480 0.190000 187.759964
3302.000000 73.827507 0.190000 187.959915
3304.250000 73.827507 0.190000 188.159973
3306.750000 74.031357 0.190000 188.359970
3309.875000 74.031357 0.190000 188.559937
3312.125000 74.231377 0.215000 188.759964
3314.375000 74.231377 0.215000 188.959991
3318.500000 74.431404 0.215000 189.159958
3323.125000 74.431404 0.215000 189.359970
3325.875000 74.631432 0.215000 189.559982
3329.625000 74.631432 0.212000 189.759964
3333.500000 74.831459 0.212000 189.960007
3336.625000 74.831459 0.212000 190.159973
3340.000000 75.031487 0.212000 190.359970
3344.250000 75.031487 0.212000 190.559967
3347.000000 75.231522 0.214000 190.759964
3350.250000 75.231522 0.214000 190.959930
3353.625000 75.431557 0.214000 191.159943
3357.125000 75.431557 0.214000 191.359970
3361.000000 75.631592 0.214000 191.559952
3364.375000 75.631592 0.215000 191.759964
3368.750000 75.831627 0.215000 191.959976
3373.625000 75.831627 0.215000 192.159988
3378.375000 76.031677 0.215000 192.359955
3382.125000 76.031677 0.215000 192.559952
3386.250000 76.231728 0.220000 192.759979
3390.000000 76.231728 0.220000 192.959976
3393.875000 76.231728 0.220000 193.159958
3397.250000 76.435402 0.220000 193.359940
3406.250000 76.435402 0.220000 193.559967
3411.375000 76.637009 0.237000 193.759933
3414.000000 76.637009 0.237000 193.959961
3417.750000 76.838585 0.237000 194.159958
3423.375000 76.838585 0.237000 194.359955
3433.625000 77.043503 0.237000 194.559952
3438.625000 77.043503 0.235000 194.759995
3442.000000 77.244385 0.235000 194.959961
3443.875000 77.244385 0.235000 195.159943
3445.875000 77.449356 0.235000 195.359940
3448.500000 77.449356 0.235000 195.559952
3449.000000 77.449356 0.244000 195.759995
3453.125000 77.449356 0.244000 195.959946
3459.250000 77.449356 0.244000 196.159958
3462.125000 77.653145 0.244000 196.359970
3465.875000 77.653145 0.244000 196.559967
3471.000000 77.858040 0.234000 196.759949
3480.000000 77.858040 0.234000 196.959930
3486.875000 78.062935 0.234000 197.159973
3492.125000 78.062935 0.234000 197.359970
3496.000000 78.267830 0.234000 197.559952
3499.625000 78.267830 0.235000 197.759933
3507.000000 78.472725 0.235000 197.959930
3515.375000 78.472725 0.235000 198.159958
3518.625000 78.675140 0.235000 198.359970
3519.000000 78.675140 0.235000 198.559982
3519.500000 78.675140 0.234000 198.759995
3520.875000 78.675140 0.234000 198.959976
3526.375000 78.675140 0.234000 199.159958
3532.250000 78.877594 0.234000 199.359955
3536.250000 78.877594 0.234000 199.559967
3544.750000 79.082489 0.237000 199.759964
3551.250000 79.082489 0.237000 199.959976
3557.250000 79.287384 0.237000 200.160034
3563.625000 79.287384 0.237000 200.359970
3567.000000 79.492279 0.237000 200.559937
3572.375000 79.492279 0.232000 200.760010
3578.000000 79.697174 0.232000 200.959961
3585.000000 79.697174 0.232000 201.159958
3587.125000 79.697174 0.232000 201.359970
3587.125000 79.697174 0.232000 201.559967
3587.250000 79.697174 0.253000 201.759964
3587.875000 79.897614 0.253000 201.959961
3591.500000 79.897614 0.253000 202.159943
3595.125000 80.102043 0.253000 202.359970
3602.250000 80.102043 0.253000 202.559967
3608.250000 80.306938 0.242000 202.759964
3611.750000 80.306938 0.242000 202.959946
3615.500000 80.511833 0.242000 203.159973
3619.000000 80.511833 0.242000 203.359970
3624.250000 80.716728 0.242000 203.559937
3630.375000 80.716728 0.233000 203.759964
3637.000000 80.921623 0.233000 203.959961
3643.125000 80.921623 0.233000 204.159973
3649.625000 80.921623 0.233000 204.359970
3651.500000 80.921623 0.233000 204.559967
3652.875000 80.921623 0.251000 204.759933
3655.125000 81.124588 0.251000 204.959961
3661.250000 81.124588 0.251000 205.159973
3665.875000 81.326492 0.251000 205.359940
3675.375000 81.326492 0.251000 205.559982
3681.000000 81.531387 0.228000 205.759964
3683.125000 81.531387 0.228000 205.959946
3686.625000 81.531387 0.228000 206.159943
3688.000000 81.736282 0.228000 206.359940
3693.000000 81.736282 0.228000 206.559967
3696.875000 81.941177 0.222000 206.759933
3699.375000 81.941177 0.222000 206.959946
3702.750000 82.146072 0.222000 207.159973
3705.000000 82.146072 0.222000 207.359955
3705.000000 82.146072 0.222000 207.559982
3705.000000 82.146072 0.235000 207.759964
3705.000000 82.146072 0.235000 207.959946
3705.250000 82.146072 0.235000 208.159973
3705.375000 82.146072 0.235000 208.359970
3706.250000 82.146072 0.235000 208.559967
3708.875000 82.347290 0.236000 208.759964
3712.625000 82.347290 0.236000 208.959976
3715.375000 82.548866 0.236000 209.159943
3717.875000 82.548866 0.236000 209.359940
3720.500000 82.548866 0.236000 209.559982
3723.875000 82.750443 0.207000 209.759964
3725.750000 82.750443 0.207000 209.959961
3729.375000 82.951309 0.207000 210.159973
3734.000000 82.951309 0.207000 210.359955
3736.750000 83.156197 0.207000 210.559967
3739.000000 83.156197 0.233000 210.759949
3739.750000 83.357193 0.233000 210.959930
3740.875000 83.357193 0.233000 211.159973
3744.875000 83.559181 0.233000 211.359940
3745.500000 83.559181 0.233000 211.559937
3748.125000 83.764168 0.232000 211.759995
3749.000000 83.764168 0.232000 211.959976
3751.250000 83.969162 0.232000 212.159958
3754.875000 83.969162 0.232000 212.359940
3756.750000 84.173103 0.232000 212.559952
3759.375000 84.173103 0.226000 212.759949
3763.250000 84.378098 0.226000 212.959961
3766.750000 84.378098 0.226000 213.159973
3767.750000 84.378098 0.226000 213.359970
3768.625000 84.378098 0.226000 213.559952
3769.750000 84.378098 0.230000 213.759979
3770.375000 84.378098 0.230000 213.959961
3772.500000 84.580528 0.230000 214.159943
3774.625000 84.580528 0.230000 214.359955
3777.875000 84.781151 0.230000 214.559952
3781.000000 84.781151 0.232000 214.759979
3784.375000 84.982750 0.232000 214.959976
3787.625000 84.982750 0.232000 215.159973
3791.000000 85.183563 0.232000 215.359970
3794.875000 85.183563 0.232000 215.559937
3797.375000 85.383652 0.222000 215.759964
3800.625000 85.383652 0.222000 215.960037
3804.125000 85.583748 0.222000 216.159943
3808.375000 85.583748 0.222000 216.359985
3811.500000 85.783852 0.222000 216.559982
3815.000000 85.783852 0.266000 216.759964
3817.375000 85.783852 0.266000 216.959946
3818.250000 85.783852 0.266000 217.159973
3819.125000 85.783852 0.266000 217.359940
3820.250000 85.783852 0.266000 217.559937
3822.875000 85.984955 0.232000 217.759933
3824.625000 85.984955 0.232000 217.960022
3826.625000 86.187607 0.232000 218.160004
3832.000000 86.187607 0.232000 218.359985
3833.500000 86.387619 0.232000 218.559982
3835.500000 86.387619 0.219000 218.759995
3837.750000 86.591431 0.219000 218.959961
3840.375000 86.591431 0.219000 219.159943
3844.125000 86.791504 0.219000 219.359970
3846.750000 86.791504 0.219000 219.559998
3851.750000 86.991615 0.257000 219.760010
3853.625000 86.991615 0.257000 219.959946
3855.250000 87.191734 0.257000 220.159943
3858.125000 87.191734 0.257000 220.360016
3861.250000 87.391861 0.257000 220.559967
3864.250000 87.391861 0.232000 220.759964
3866.000000 87.591911 0.232000 220.959961
3869.000000 87.591911 0.232000 221.159973
3871.750000 87.591911 0.232000 221.359955
3875.500000 87.796913 0.232000 221.559967
3878.625000 87.796913 0.238000 221.759964
3881.625000 87.996925 0.238000 221.959961
3885.375000 87.996925 0.238000 222.159958
3887.500000 88.200806 0.238000 222.359955
3889.500000 88.200806 0.238000 222.559952
3890.750000 88.400856 0.237000 222.759964
3892.625000 88.400856 0.237000 222.959961
3899.250000 88.600998 0.237000 223.159943
3903.125000 88.600998 0.237000 223.359970
3905.375000 88.801155 0.237000 223.559998
3908.125000 88.801155 0.240000 223.759949
3909.125000 89.001328 0.240000 223.959976
3910.875000 89.001328 0.240000 224.159943
3911.875000 89.001328 0.240000 224.359970
3913.625000 89.205406 0.240000 224.559998
3918.000000 89.205406 0.242000 224.759964
3919.875000 89.409340 0.242000 224.959946
3922.000000 89.409340 0.242000 225.159973
3924.125000 89.609428 0.242000 225.359955
3926.875000 89.609428 0.242000 225.559967
3933.000000 89.813545 0.239000 225.759979
3935.125000 89.813545 0.239000 225.959976
3937.500000 90.013573 0.239000 226.159973
3939.375000 90.013573 0.239000 226.359970
3942.625000 90.213646 0.239000 226.559967
3947.875000 90.213646 0.241000 226.759979
3949.875000 90.416695 0.241000 226.959930
3951.875000 90.416695 0.241000 227.159958
3953.000000 90.620644 0.241000 227.359940
3955.625000 90.620644 0.241000 227.559982
3961.000000 90.820839 0.244000 227.759979
3963.000000 90.820839 0.244000 227.959976
3964.000000 91.021034 0.244000 228.159973
3965.625000 91.021034 0.244000 228.359970
3968.750000 91.221230 0.244000 228.559967
3971.375000 91.221230 0.241000 228.759964
3973.875000 91.421425 0.241000 228.959961
3976.000000 91.421425 0.241000 229.159973
3978.125000 91.421425 0.241000 229.359985
3978.875000 91.421425 0.241000 229.559952
3980.250000 91.421425 0.253000 229.759949
3981.750000 91.622566 0.253000 229.959946
3983.875000 91.622566 0.253000 230.159943
3985.625000 91.622566 0.253000 230.359970
3988.125000 91.826759 0.253000 230.559982
3988.875000 91.826759 0.247000 230.759964
3990.625000 92.026955 0.247000 230.960022
3991.875000 92.026955 0.247000 231.159943
3993.875000 92.227150 0.247000 231.359940
3995.625000 92.227150 0.247000 231.559982
3997.250000 92.427345 0.244000 231.759964
3999.125000 92.427345 0.244000 231.959946
4001.125000 92.627541 0.244000 232.159943
4001.375000 92.627541 0.244000 232.359955
4001.500000 92.627541 0.244000 232.559937
4001.500000 92.627541 0.250000 232.759933
4001.750000 92.627541 0.250000 232.959961
4002.500000 92.827675 0.250000 233.159958
4003.625000 92.827675 0.250000 233.359970
4004.125000 93.027870 0.250000 233.559967
4005.875000 93.027870 0.239000 233.759964
4007.000000 93.228065 0.239000 233.959946
4007.750000 93.228065 0.239000 234.159943
4009.500000 93.428261 0.239000 234.359955
4011.250000 93.428261 0.239000 234.559967
4012.500000 93.628456 0.230000 234.759949
4013.625000 93.628456 0.230000 234.959991
4015.375000 93.828651 0.230000 235.159988
4016.500000 93.828651 0.230000 235.359970
4016.625000 93.828651 0.230000 235.559952
4016.750000 93.828651 0.208000 235.759964
4016.750000 93.828651 0.208000 235.959961
4018.000000 94.029167 0.208000 236.159943
4019.125000 94.029167 0.208000 236.359970
4021.625000 94.229462 0.208000 236.559937
4022.750000 94.229462 0.207000 236.759949
4023.500000 94.229462 0.207000 236.959930
4024.750000 94.433281 0.207000 237.159958
4026.000000 94.433281 0.207000 237.360001
4027.000000 94.633354 0.207000 237.559982
4030.000000 94.633354 0.190000 237.760040
4031.625000 94.833488 0.190000 237.959976
4033.375000 94.833488 0.190000 238.159973
4035.000000 95.037407 0.190000 238.359970
4038.250000 95.037407 0.190000 238.559998
4040.000000 95.237427 0.213000 238.759949
4042.500000 95.237427 0.213000 238.960022
4043.500000 95.438263 0.213000 239.159958
4045.375000 95.438263 0.213000 239.359940
4046.750000 95.639069 0.213000 239.559937
4049.500000 95.639069 0.210000 239.759949
4050.875000 95.842850 0.210000 239.960022
4052.125000 95.842850 0.210000 240.159973
4054.125000 95.842850 0.210000 240.359955
4055.000000 96.047821 0.210000 240.559967
4057.625000 96.047821 0.206000 240.759949
4058.875000 96.251686 0.206000 240.959946
4060.000000 96.251686 0.206000 241.159988
4061.250000 96.456482 0.206000 241.359940
4062.625000 96.456482 0.206000 241.559952
4063.625000 96.661301 0.211000 241.759964
4064.875000 96.661301 0.211000 241.959961
4066.875000 96.661301 0.211000 242.159958
4068.375000 96.862480 0.211000 242.359970
4070.500000 96.862480 0.211000 242.559982
4070.875000 97.062485 0.208000 242.759964
4073.125000 97.062485 0.208000 242.959976
4076.125000 97.266289 0.208000 243.159973
4077.000000 97.266289 0.208000 243.359970
4078.250000 97.466431 0.208000 243.559952
4078.875000 97.466431 0.200000 243.759964
4079.875000 97.666595 0.200000 243.959976
4081.375000 97.666595 0.200000 244.160019
4082.625000 97.870430 0.200000 244.359909
4083.750000 97.870430 0.200000 244.559998
4084.000000 98.070480 0.240000 244.759964
4084.625000 98.070480 0.240000 244.959946
4085.250000 98.070480 0.240000 245.159958
4085.750000 98.273117 0.240000 245.359955
4086.500000 98.273117 0.240000 245.559952
4087.750000 98.473869 0.202000 245.760010
4088.625000 98.473869 0.202000 245.959976
4090.125000 98.677696 0.202000 246.159988
4091.875000 98.677696 0.202000 246.359970
4093.125000 98.882668 0.202000 246.559998
4094.375000 98.882668 0.194000 246.759964
4096.375000 99.086296 0.194000 246.959961
4099.000000 99.086296 0.194000 247.159958
4100.375000 99.291130 0.194000 247.359940
4101.625000 99.291130 0.194000 247.559967
4103.250000 99.495964 0.202000 247.759964
4104.125000 99.495964 0.202000 247.959946
4105.625000 99.495964 0.202000 248.159973
4108.500000 99.700798 0.202000 248.359940
4110.875000 99.700798 0.202000 248.559967
4112.500000 99.904846 0.204000 248.759949
4113.750000 99.904846 0.204000 248.959961
4114.750000 100.105049 0.204000 249.159943
4116.000000 100.105049 0.204000 249.359970
4119.000000 100.305252 0.204000 249.559952
4120.625000 100.305252 0.197000 249.759949
4123.250000 100.505455 0.197000 249.959946
4124.750000 100.505455 0.197000 250.159943
4125.125000 100.705627 0.197000 250.359985
4125.250000 100.705627 0.197000 250.559967
4125.250000 100.705627 0.198000 250.759964
4125.625000 100.705627 0.198000 250.959961
4126.000000 100.705627 0.198000 251.159973
4127.125000 100.705627 0.198000 251.359985
4128.750000 100.705627 0.198000 251.560043
4130.000000 100.705627 0.193000 251.759949
4131.250000 100.909897 0.193000 251.959961
4132.125000 100.909897 0.193000 252.160004
4132.750000 101.111488 0.193000 252.359940
4133.125000 101.111488 0.193000 252.559982
4133.875000 101.313118 0.182000 252.759949
4135.125000 101.313118 0.182000 252.959946
4136.875000 101.517113 0.182000 253.159973
4137.250000 101.517113 0.182000 253.359970
4138.000000 101.722092 0.182000 253.559982
4138.625000 101.722092 0.206000 253.759979
4140.000000 101.926094 0.206000 253.959946
4140.875000 101.926094 0.206000 254.159958
4141.625000 102.126099 0.206000 254.359970
4142.875000 102.126099 0.206000 254.559937
4144.000000 102.326111 0.200000 254.759949
4144.875000 102.326111 0.200000 254.959976
4146.500000 102.529900 0.200000 255.159943
4148.375000 102.529900 0.200000 255.359970
4149.000000 102.729904 0.200000 255.559982
4151.875000 102.729904 0.201000 255.759964
4154.125000 102.929901 0.201000 255.960007
4156.375000 102.929901 0.201000 256.159912
4158.375000 103.134895 0.201000 256.359955
4161.250000 103.134895 0.201000 256.559967
4162.500000 103.339890 0.202000 256.759949
4165.500000 103.339890 0.202000 256.959961
4167.375000 103.544884 0.202000 257.159973
4168.250000 103.544884 0.202000 257.359985
4171.000000 103.749878 0.202000 257.559937
4173.250000 103.749878 0.210000 257.759949
4176.250000 103.749878 0.210000 257.959961
4177.500000 103.954872 0.210000 258.159973
4178.875000 103.954872 0.210000 258.359955
4179.250000 104.159866 0.210000 258.559998
4180.000000 104.159866 0.210000 258.759949
4182.750000 104.159866 0.210000 258.959961
4186.500000 104.359871 0.210000 259.160004
4187.375000 104.359871 0.210000 259.360046
4188.625000 104.564865 0.210000 259.559967
4189.375000 104.564865 0.211000 259.759949
4192.000000 104.769859 0.211000 259.959961
4192.375000 104.769859 0.211000 260.159943
4193.250000 104.974854 0.211000 260.359985
4198.250000 104.974854 0.211000 260.559998
4201.375000 105.178665 0.213000 260.759979
4202.625000 105.178665 0.213000 260.959961
4204.375000 105.380669 0.213000 261.159973
4205.000000 105.380669 0.213000 261.360046
4205.250000 105.380669 0.213000 261.559937
4205.500000 105.380669 0.225000 261.759979
4205.625000 105.380669 0.225000 261.959961
4206.000000 105.380669 0.225000 262.160004
4206.125000 105.380669 0.225000 262.359985
4206.250000 105.380669 0.225000 262.559937
4206.625000 105.380669 0.214000 262.759979
4207.625000 105.380669 0.214000 262.959961
4211.250000 105.581177 0.214000 263.159943
4212.875000 105.581177 0.214000 263.359985
4213.625000 105.781281 0.214000 263.560028
4214.375000 105.781281 0.188000 263.759949
4216.500000 105.781281 0.188000 263.959961
4217.625000 105.985283 0.188000 264.159973
4218.500000 105.985283 0.188000 264.360016
4219.375000 106.190140 0.188000 264.559967
4220.750000 106.190140 0.206000 264.759979
4221.250000 106.190140 0.206000 264.959961
4221.375000 106.190140 0.206000 265.159973
4221.375000 106.190140 0.206000 265.359985
4221.375000 106.190140 0.206000 265.559998
4221.375000 106.190140 0.208000 265.759979
4221.375000 106.190140 0.208000 265.959961
4221.500000 106.190140 0.208000 266.159973
4222.375000 106.392891 0.208000 266.359955
4224.125000 106.392891 0.208000 266.559967
4225.125000 106.593719 0.199000 266.759979
4226.125000 106.593719 0.199000 266.959930
4227.500000 106.593719 0.199000 267.159943
4228.750000 106.798546 0.199000 267.359955
4229.875000 106.798546 0.199000 267.559967
4230.500000 107.002365 0.197000 267.759979
4231.000000 107.002365 0.197000 267.959930
4232.000000 107.207344 0.197000 268.160004
4232.750000 107.207344 0.197000 268.359955
4233.375000 107.412331 0.197000 268.559967
4233.875000 107.412331 0.215000 268.759949
4235.375000 107.614212 0.215000 268.959930
4236.875000 107.614212 0.215000 269.159943
4238.000000 107.814987 0.215000 269.359955
4239.125000 107.814987 0.215000 269.559967
4240.000000 108.018951 0.217000 269.759949
4240.750000 108.018951 0.217000 269.959961
4241.750000 108.218971 0.217000 270.159973
4242.750000 108.218971 0.217000 270.359924
4243.375000 108.218971 0.217000 270.559967
4243.500000 108.422813 0.216000 270.759949
4243.750000 108.422813 0.216000 270.959961
4244.125000 108.422813 0.216000 271.159943
4244.625000 108.422813 0.216000 271.359985
4246.000000 108.623032 0.216000 271.559998
4248.250000 108.623032 0.216000 271.759979
4249.875000 108.826813 0.216000 271.959961
4250.250000 108.826813 0.216000 272.159973
4251.500000 109.031685 0.216000 272.359955
4252.750000 109.031685 0.216000 272.559967
4253.625000 109.235962 0.198000 272.759979
4254.375000 109.235962 0.198000 272.959930
4255.125000 109.440392 0.198000 273.159973
4255.500000 109.440392 0.198000 273.359924
4256.000000 109.645164 0.198000 273.559967
4256.000000 109.645164 0.190000 273.759949
4256.125000 109.645164 0.190000 273.959961
4256.125000 109.645164 0.190000 274.159973
4256.375000 109.645164 0.190000 274.359955
4256.375000 109.848206 0.190000 274.559967
4256.750000 109.848206 0.194000 274.759979
4257.000000 110.053070 0.194000 274.959930
4257.375000 110.053070 0.194000 275.159973
4257.500000 110.053070 0.194000 275.359924
4257.500000 110.256882 0.194000 275.559937
4257.750000 110.256882 0.197000 275.760040
4258.000000 110.456886 0.197000 275.959961
4258.125000 110.456886 0.197000 276.159943
4258.125000 110.661880 0.197000 276.359985
4258.125000 110.661880 0.197000 276.559937
4258.250000 110.661880 0.218000 276.759979
4258.250000 110.862106 0.218000 276.959930
4258.750000 110.862106 0.218000 277.159943
4258.875000 110.862106 0.218000 277.359924
4259.375000 111.062180 0.218000 277.559998
4259.875000 111.062180 0.200000 277.759979
4260.250000 111.267159 0.200000 277.959991
4260.625000 111.267159 0.200000 278.160004
4261.250000 111.468132 0.200000 278.359985
4261.750000 111.468132 0.200000 278.559967
4262.250000 111.671112 0.203000 278.759949
4263.125000 111.671112 0.203000 278.959961
4264.000000 111.871117 0.203000 279.159973
4264.625000 111.871117 0.203000 279.359955
4264.875000 111.871117 0.203000 279.559967
4265.250000 111.871117 0.214000 279.759979
4265.625000 112.076111 0.214000 279.959930
4271.000000 112.076111 0.214000 280.169922
4273.625000 112.276123 0.214000 280.360016
4278.250000 112.276123 0.214000 280.559967
4280.750000 112.476135 0.220000 280.759949
4285.500000 112.476135 0.220000 280.959961
4288.125000 112.676147 0.220000 281.160004
4290.750000 112.676147 0.220000 281.359985
4293.750000 112.876160 0.220000 281.559967
4297.625000 112.876160 0.218000 281.769958
4302.875000 113.076172 0.218000 281.969971
4304.500000 113.076172 0.218000 282.159943
4304.500000 113.076172 0.218000 282.359955
4304.500000 113.076172 0.218000 282.559967
4304.500000 113.076172 0.222000 282.760010
4304.625000 113.076172 0.222000 282.959961
4304.875000 113.076172 0.222000 283.159973
4305.000000 113.076172 0.222000 283.359955
4305.625000 113.076172 0.222000 283.559937
4308.000000 113.076172 0.216000 283.759979
4310.500000 113.276283 0.216000 283.959961
4312.500000 113.276283 0.216000 284.159943
4315.000000 113.477127 0.216000 284.359955
4317.000000 113.477127 0.216000 284.570007
4318.625000 113.680969 0.198000 284.759949
4319.875000 113.680969 0.198000 284.969971
4322.125000 113.881180 0.198000 285.169952
4322.375000 113.881180 0.198000 285.359955
4322.750000 114.081184 0.198000 285.569977
4324.250000 114.081184 0.209000 285.759949
4326.000000 114.281441 0.209000 285.969971
4327.375000 114.281441 0.209000 286.169952
4329.750000 114.481705 0.209000 286.359955
4331.000000 114.481705 0.209000 286.559967
4332.750000 114.681969 0.209000 286.759979
4335.625000 114.681969 0.209000 286.969940
4337.125000 114.882233 0.209000 287.159973
4339.625000 114.882233 0.209000 287.369934
4341.500000 115.082497 0.209000 287.559967
4342.250000 115.082497 0.206000 287.769958
4343.500000 115.282524 0.206000 287.969940
4344.250000 115.282524 0.206000 288.169952
4344.250000 115.282524 0.206000 288.369965
4344.250000 115.282524 0.206000 288.569977
4344.500000 115.485512 0.207000 288.759979
4346.750000 115.485512 0.207000 288.969971
4347.625000 115.687462 0.207000 289.169983
4347.750000 115.687462 0.207000 289.369934
4348.125000 115.892410 0.207000 289.569977
4348.375000 115.892410 0.200000 289.769928
4348.875000 116.097359 0.200000 289.969971
4350.375000 116.097359 0.200000 290.169952
4351.250000 116.097359 0.200000 290.369995
4351.375000 116.302307 0.200000 290.570007
4351.750000 116.302307 0.198000 290.769958
4352.000000 116.506096 0.198000 290.969940
4352.375000 116.506096 0.198000 291.169952
4352.375000 116.506096 0.198000 291.369934
4352.375000 116.506096 0.198000 291.569946
4352.500000 116.506096 0.197000 291.769958
4352.875000 116.706871 0.197000 291.969971
4353.375000 116.706871 0.197000 292.169952
4354.000000 116.910599 0.197000 292.369965
4355.250000 116.910599 0.197000 292.569946
4356.500000 117.115303 0.189000 292.769928
4356.875000 117.115303 0.189000 292.970001
4357.125000 117.320007 0.189000 293.169983
4357.500000 117.320007 0.189000 293.369965
4358.125000 117.524712 0.189000 293.569977
4358.375000 117.524712 0.188000 293.769958
4358.750000 117.729416 0.188000 293.969940
4359.125000 117.729416 0.188000 294.169983
4359.125000 117.729416 0.188000 294.369965
4359.125000 117.729416 0.188000 294.569946
4359.625000 117.729416 0.188000 294.769958
4359.625000 117.934212 0.188000 294.969971
4360.125000 117.934212 0.188000 295.169952
4360.2